13.555351757805886 244 114 76
14.84000369239159 244 114 76
15.525855060247551 244 114 76
13.900169920289818 244 114 76
15.405148298029303 244 114 76
14.925553652619913 244 114 76
14.39747300389816 244 114 76
13.58480097297097 244 114 76
14.216813804554363 244 114 76
14.22618056562717 244 114 76
14.346236272397588 244 114 76
14.813191989771198 244 114 76
13.533820366831034 244 114 76
14.034124990021251 244 114 76
15.002922666695023 244 114 76
15.093975618291376 244 114 76
14.027845717144734 244 114 76
12.689888471312829 244 114 76
13.41234880109653 244 114 76
13.596214938093436 244 114 76
13.766163666927719 244 114 76
13.569460343072237 244 114 76
14.057420703944825 244 114 76
12.724551459000008 244 114 76
13.870899856657811 244 114 76
14.136539897583932 244 114 76
13.725458189911981 244 114 76
14.814571434923993 244 114 76
14.123922511500611 244 114 76
13.518817847672121 244 114 76
13.139810548690667 244 114 76
13.427510867259572 244 114 76
13.276546347001355 244 114 76
13.250331957277087 244 114 76
12.409686527060382 244 114 76
13.311688980085211 244 114 76
13.574989621155622 244 114 76
13.531847954727915 244 114 76
12.901963109534098 244 114 76
13.177395286428776 244 114 76
13.441290174901006 244 114 76
13.345564016356528 244 114 76
15.556487673543076 244 114 76
14.033001820056747 244 114 76
13.892508801106613 244 114 76
14.02077841016736 244 114 76
14.200901627458332 244 114 76
15.868369704540521 244 114 76
13.890241192726775 244 114 76
15.513622810815086 244 114 76
13.941002252303434 244 114 76
14.342766369115893 244 114 76
14.14021324263986 244 114 76
13.752405952198135 244 114 76
13.397210255839209 244 114 76
13.389614213080005 244 114 76
15.000515361121181 244 114 76
14.592890758946 244 114 76
15.26645975883673 244 114 76
15.027268872720777 244 114 76
14.742619071344148 244 114 76
14.632116500616775 244 114 76
12.99728643491796 244 114 76
13.71869702379484 244 114 76
14.48418448545883 244 114 76
14.258318015058062 244 114 76
14.231852177902487 244 114 76
13.684751479449409 244 114 76
13.712273307484587 244 114 76
13.71869702379484 244 114 76
15.119219585610185 244 114 76
13.44445037551849 244 114 76
12.449596582540472 244 114 76
13.471453245303726 244 114 76
12.966673595031462 244 114 76
12.553419791352283 244 114 76
12.344530694620532 244 114 76
14.385699865100715 244 114 76
14.011128020283795 244 114 76
14.40482221166131 244 114 76
13.692375343430754 244 114 76
14.30561540858305 244 114 76
15.846175984285594 244 114 76
13.947806344514584 244 114 76
13.841230296946447 244 114 76
14.618846754802531 244 114 76
15.126389689157566 244 114 76
15.885870511313072 244 114 76
13.126555632523454 244 114 76
13.879175472088347 244 114 76
12.560257802090817 244 114 76
15.246038771804871 244 114 76
12.944405612759152 244 114 76
13.308456302804126 244 114 76
12.94092277370446 244 114 76
14.289798229544424 244 114 76
13.498440415756406 244 114 76
13.348941281888917 244 114 76
12.713382170940491 244 114 76
13.178067058969097 244 114 76
13.820338102251158 244 114 76
13.923199205451299 244 114 76
14.653389545944341 244 114 76
14.209948082807992 244 114 76
14.632116500616775 244 114 76
12.630330043377139 244 114 76
15.006525842961572 244 114 76
13.420247555018259 244 114 76
12.708722682571874 244 114 76
13.393141446178658 244 114 76
12.344530694620532 244 114 76
15.182415259265404 244 114 76
14.63028862314789 244 114 76
14.277653029153877 244 114 76
14.562061970180968 244 114 76
14.03154553878765 244 114 76
13.5874172307654 244 114 76
13.792536704510372 244 114 76
14.327655539090285 244 114 76
14.687235668795962 244 114 76
13.958817658784222 244 114 76
13.328457941572934 244 114 76
13.665459219804157 244 114 76
13.864054015745133 244 114 76
13.122438377427438 244 114 76
14.323707910706537 244 114 76
15.48185342475992 244 114 76
11.324243656484589 244 114 76
13.872004869355573 244 114 76
14.239806751109583 244 114 76
12.990024292611897 244 114 76
15.75787984988208 244 114 76
12.703599013512175 244 114 76
14.033490510931815 244 114 76
15.114291305602523 244 114 76
13.661970251640996 244 114 76
12.689888471312829 244 114 76
13.853801449957968 244 114 76
13.173455575198924 244 114 76
13.464442726498932 244 114 76
13.501125832417546 244 114 76
13.492383561074323 244 114 76
14.900867105919211 244 114 76
13.491255686937066 244 114 76
13.90307065209813 244 114 76
14.579262896532168 244 114 76
13.916720580693362 244 114 76
14.28836812118328 244 114 76
15.357455243275053 244 114 76
14.435184176608695 244 114 76
14.29453295277498 244 114 76
14.399000392410644 244 114 76
12.83109178439588 244 114 76
14.107282005083153 244 114 76
