17.655047939647286 45 97 184
15.799170996749062 45 97 184
15.474345128850468 45 97 184
12.8940225828796 45 97 184
13.068562000324311 45 97 184
13.136696314021863 45 97 184
12.582012670975175 45 97 184
12.000230369989502 45 97 184
11.915106470666245 45 97 184
11.995758782015466 45 97 184
12.067828369762532 45 97 184
12.303118887818231 45 97 184
10.901866708896383 45 97 184
15.148964449502282 45 97 184
14.883779446692621 45 97 184
14.546423067847337 45 97 184
14.478749628138022 45 97 184
12.70523072215084 45 97 184
12.065709043434792 45 97 184
11.886118828325024 45 97 184
12.138000052967268 45 97 184
12.229514534705922 45 97 184
16.315209829867605 45 97 184
15.887606876473201 45 97 184
16.62745103595572 45 97 184
14.423549428742785 45 97 184
8.537307847661133 45 97 184
9.091514990197528 45 97 184
8.794914159544794 45 97 184
9.709130616615363 45 97 184
9.39886965445895 45 97 184
8.972023060561527 45 97 184
8.748312095756162 45 97 184
8.635318827365861 45 97 184
9.67063597869868 45 97 184
8.684586836733972 45 97 184
8.75444256941987 45 97 184
11.602445264545159 45 97 184
9.355712089482564 45 97 184
9.027379574150212 45 97 184
9.508432269965475 45 97 184
9.400772176104208 45 97 184
8.44927695985912 45 97 184
9.960741757891459 45 97 184
10.879369405114337 45 97 184
11.756598647181717 45 97 184
11.412860223292874 45 97 184
10.96927125781071 45 97 184
11.476130668551509 45 97 184
9.658566654447963 45 97 184
9.646398317462273 45 97 184
11.21486105900024 45 97 184
10.834193658766964 45 97 184
10.414673802807318 45 97 184
10.950508073332893 45 97 184
10.29751697094672 45 97 184
9.660418031530511 45 97 184
9.659366831096081 45 97 184
9.123148257409152 45 97 184
9.524225356788659 45 97 184
9.55208684191091 45 97 184
10.348135871627749 45 97 184
10.276228985007178 45 97 184
11.606819903162357 45 97 184
11.69112918151793 45 97 184
12.261236136833704 45 97 184
12.261236136833704 45 97 184
12.498609175062796 45 97 184
12.366304285575971 45 97 184
12.03998539903435 45 97 184
11.535534169923713 45 97 184
12.432827569077876 45 97 184
12.601698353445135 45 97 184
12.98966003943946 45 97 184
11.90739720713324 45 97 184
12.237252204761441 45 97 184
12.366304285575971 45 97 184
12.531563795091499 45 97 184
12.419782527744584 45 97 184
11.69112918151793 45 97 184
11.96655916160475 45 97 184
12.108301618638702 45 97 184
12.3961053543527 45 97 184
12.23924775334491 45 97 184
12.23924775334491 45 97 184
12.524948496590047 45 97 184
12.524948496590047 45 97 184
12.663265700955138 45 97 184
12.421222353777239 45 97 184
12.397547930204482 45 97 184
12.695792927283865 45 97 184
12.479381451306919 45 97 184
12.479381451306919 45 97 184
11.695717238179851 45 97 184
11.608360564263654 45 97 184
12.397547930204482 45 97 184
11.608360564263654 45 97 184
13.20718863589062 45 97 184
12.050378230059856 45 97 184
12.379312671267588 45 97 184
12.118635862442142 45 97 184
13.184925543352165 45 97 184
12.876587081142063 45 97 184
13.238379489328837 45 97 184
12.876587081142063 45 97 184
13.184925543352165 45 97 184
12.09289040555256 45 97 184
12.09289040555256 45 97 184
13.612143777854692 45 97 184
13.120357293286714 45 97 184
14.489636357074584 45 97 184
13.560163284756056 45 97 184
15.052338641089008 45 97 184
15.079713472261515 45 97 184
14.220242928815013 45 97 184
15.474345128850468 45 97 184
15.350881763274137 45 97 184
16.838713452443606 45 97 184
13.150112197537267 45 97 184
12.067828369762532 45 97 184
12.75521345721303 45 97 184
12.254771875062461 45 97 184
11.906953786089387 45 97 184
11.913605477847875 45 97 184
10.811404370573186 45 97 184
14.479984720979944 45 97 184
12.63538159977116 45 97 184
12.712072705900054 45 97 184
15.816140650206131 45 97 184
21.85004976147415 45 97 184
11.87938110453145 45 97 184
8.642419310730768 45 97 184
9.502788225358048 45 97 184
8.682527385460252 45 97 184
9.400772176104208 45 97 184
9.775741170202693 45 97 184
8.637389534793776 45 97 184
11.138764477349692 45 97 184
9.76521598682925 45 97 184
9.759720441329678 45 97 184
9.341712950640979 45 97 184
11.148504168807868 45 97 184
11.475349519530063 45 97 184
9.942775606232633 45 97 184
10.881013067653381 45 97 184
11.733107363190825 45 97 184
10.689771591368862 45 97 184
10.124287488232778 45 97 184
12.661048332491704 45 97 184
12.827292568461871 45 97 184
12.47508161218619 45 97 184
11.606819903162357 45 97 184
12.656202613163957 45 97 184
12.523520595931783 45 97 184
11.714704643894882 45 97 184
12.237252204761441 45 97 184
11.859457610423606 45 97 184
12.432827569077876 45 97 184
11.789699535376892 45 97 184
13.184925543352165 45 97 184
11.548912147718298 45 97 184
12.640044625424743 45 97 184
12.050378230059856 45 97 184
12.765025197517033 45 97 184
12.60595500419302 45 97 184
13.20718863589062 45 97 184
12.899382347170448 45 97 184
12.118635862442142 45 97 184
12.640044625424743 45 97 184
12.33992565156739 45 97 184
12.676575991104777 45 97 184
13.581811307388424 45 97 184
15.032808403148207 45 97 184
17.358207321443942 45 97 184
17.295030399554406 45 97 184
14.546423067847337 45 97 184
12.384955428970258 45 97 184
16.62745103595572 45 97 184
9.355712089482564 45 97 184
9.109201136572734 45 97 184
10.011565841814761 45 97 184
11.306840496959857 45 97 184
11.216455558606102 45 97 184
8.451393250222825 45 97 184
9.010886049726848 45 97 184
9.630505457783709 45 97 184
10.974161111627138 45 97 184
11.148504168807868 45 97 184
12.762825508403258 45 97 184
11.606819903162357 45 97 184
13.184925543352165 45 97 184
12.397547930204482 45 97 184
12.3961053543527 45 97 184
12.758018445891826 45 97 184
12.294827019632315 45 97 184
11.866994920406896 45 97 184
12.366304285575971 45 97 184
12.397547930204482 45 97 184
12.502900922885102 45 97 184
11.654264239923094 45 97 184
14.538293974191046 45 97 184
14.220242928815013 45 97 184
14.682052218381987 45 97 184
11.971448848262618 45 97 184
16.29656520433097 45 97 184
12.167222183322046 45 97 184
8.635318827365861 45 97 184
11.65088117836855 45 97 184
8.794914159544794 45 97 184
9.4327416926974 45 97 184
9.952293669911638 45 97 184
11.0156246082626 45 97 184
12.56323812929072 45 97 184
12.23924775334491 45 97 184
11.606819903162357 45 97 184
12.931315663070665 45 97 184
13.238379489328837 45 97 184
12.778229491541932 45 97 184
12.421222353777239 45 97 184
11.966966505762903 45 97 184
16.79899939754893 45 97 184
9.718335812165915 45 97 184
10.050732996833277 45 97 184
11.314997394454338 45 97 184
8.98198371334398 45 97 184
12.294827019632315 45 97 184
9.759720441329678 45 97 184
11.602445264545159 45 97 184
9.332136262648799 45 97 184
12.889674078887815 45 97 184
9.771664827806756 45 97 184
12.366304285575971 45 97 184
8.8010121719197 45 97 184
12.067727278599605 45 97 184
