10.523780208525455 39 49 31
10.028674563974299 39 49 34
11.59136274217518 5 9 7
10.14861469698491 39 48 37
11.078102043785819 9 10 12
11.58378409041881 6 11 9
11.154829308795545 4 10 3
11.463289225564623 8 10 12
10.507077478673986 43 52 41
10.79524337570907 5 9 3
10.68023947247327 39 48 36
11.34925470027433 8 8 10
11.53336346764026 8 9 11
9.911391724956221 36 52 16
10.970107796049668 31 40 28
11.362128282017455 36 50 15
10.114925866828864 38 50 33
11.19249135804222 38 51 19
10.795842760121333 38 51 22
10.863590442725473 38 53 25
10.582346504522057 37 51 20
11.6959245590834 35 51 16
10.371402546619104 36 50 21
11.492701562916698 37 50 15
10.455978919938422 36 47 32
11.173710039288508 39 52 21
9.196207766559718 41 58 22
10.018136610816418 37 54 18
9.342706497159796 41 59 19
11.02570682870063 0 5 0
14.038464020694226 28 43 8
20.85128420233962 41 56 21
11.168749789939783 36 54 17
11.689911035541096 38 54 19
11.815455035934434 35 50 15
12.071597629274628 35 52 15
12.530334176756355 34 50 14
12.292120501874475 34 50 13
11.074513090776598 38 51 28
11.072089268800715 37 54 20
11.143130680115028 38 54 23
10.726911933075305 36 53 17
11.074513090776598 38 51 28
11.651469510453733 36 53 16
11.270908002021365 39 53 24
11.374014891883427 37 54 16
12.23396051577814 38 54 19
11.072089268800715 37 54 20
11.143130680115028 38 54 23
10.948414780838743 36 51 28
10.948414780838743 36 51 28
11.218007559475407 36 53 16
10.847730418408029 36 51 15
10.234388332220842 36 53 17
10.822718305811396 37 53 18
11.452631631745216 37 53 18
11.366519976967153 36 53 17
11.052013455008915 36 53 18
11.25562193364755 37 54 16
10.822718305811396 37 53 18
10.08193439188252 37 54 18
10.16162421832232 37 54 18
9.855880603632336 36 54 18
10.04340976771075 40 58 22
11.713232847348035 8 12 11
10.743111608170656 26 35 25
10.820412751797988 12 19 12
10.856350171978754 4 8 4
11.20951216261752 5 8 5
10.570449388887756 2 4 4
11.652419551707586 35 50 16
11.173710039288508 39 52 21
11.772391763080064 37 51 17
11.19249135804222 38 51 19
10.56546592985985 37 51 27
9.878563011313249 49 66 27
9.604313451342668 36 53 17
20.622392477496525 43 58 20
20.622392477496525 43 58 20
12.395019865724072 36 53 15
12.494478633194575 34 51 14
11.71899920346707 36 53 17
10.966143953347286 44 56 37
11.550839544477977 38 53 21
10.966143953347286 44 56 37
11.179431459986636 37 54 17
11.249795035749221 37 52 19
10.824255353458234 36 51 15
10.892922137024742 36 52 16
11.299182384846997 37 53 18
9.630672639063645 39 56 20
10.867249054016638 0 4 0
10.97920734994278 7 7 9
10.98930590122426 39 52 18
10.092577409571089 38 51 25
9.964735591509223 37 51 29
10.82819112981783 36 55 20
10.596678047174 36 55 21
11.125683545826469 36 55 24
10.614994706909014 38 53 20
11.039790126373395 36 54 16
11.074513090776598 38 51 28
10.929554730738136 36 53 15
10.16162421832232 37 54 18
10.08193439188252 37 54 18
11.392533184895532 7 9 11
11.564606122790545 10 10 12
10.68023947247327 39 48 36
10.952385040013096 2 9 1
9.363476474275933 40 57 21
9.740425486134455 37 52 27
10.455978919938422 36 47 32
11.297709950964068 34 54 20
10.614994706909014 38 53 20
11.443182046031376 36 53 18
12.025836668978227 36 53 16
9.747725795882726 36 54 16
10.89317517354419 26 33 26
11.095623997089056 4 7 4
11.13740050084027 4 6 4
12.250732898477942 35 50 14
10.822718305811396 37 53 18
12.148439023784999 36 53 17
11.908418080270916 35 52 17
10.297277702114794 36 54 18
11.074513090776598 38 51 28
11.325435666084484 37 55 18
