12.666043087083754 45 56 20
14.844899804643617 10 13 0
16.614852360523578 40 45 14
16.39759041384502 41 44 13
15.910354443955937 41 46 13
11.289370486722223 43 54 15
18.397088933755303 28 34 10
10.19767739337133 40 47 8
10.650041265325548 44 51 15
10.650041265325548 44 51 15
12.195395795007684 47 58 25
8.85039617669006 39 47 4
8.840667019164618 37 45 2
11.612571797858426 42 57 21
11.413817436691392 43 56 21
10.158298181885122 43 53 16
9.79891189726271 42 53 16
9.363438428631275 41 50 8
10.581062961356627 42 53 14
12.87913617050592 55 70 27
12.755383213242164 58 72 29
11.524454557321008 46 57 21
10.753658081986837 46 57 22
11.55110220543544 44 59 21
11.636528913006423 45 58 21
11.874543607392276 47 59 22
12.069737462515388 63 81 41
12.681945946054187 57 73 34
11.82221850692622 57 72 34
12.446607609710432 49 64 25
12.339171677885993 66 86 46
10.62460968206948 45 58 27
11.331020414132592 45 55 27
10.940666173205646 45 60 24
10.979298053561232 45 58 28
10.914283349410985 47 62 29
11.552422659179467 63 78 44
11.878634901862714 61 81 41
11.523204236836158 48 63 27
11.627048427834659 58 75 37
11.515713606238911 60 75 39
11.61757986955494 63 78 44
11.699652730488488 63 78 44
11.878634901862714 61 81 41
11.745159708031142 63 79 44
12.174522196795607 64 79 48
11.190139371849568 65 79 52
12.796010570090713 62 82 42
12.36917629040465 62 81 41
12.671445810486638 64 84 44
12.100410192254316 60 80 39
12.39865058750938 48 61 23
13.129417838824766 58 73 32
12.658435949166973 54 69 29
12.658435949166973 54 69 29
12.641400931232011 60 78 35
12.536398654620745 61 81 41
12.425810629638255 61 80 38
12.71114146665849 60 80 38
13.066960816011457 61 79 38
12.536398654620745 61 81 41
13.523722752055592 62 80 37
13.713621865001235 61 79 37
12.100410192254316 60 80 39
12.637314569709753 72 94 59
11.909799811017637 62 83 44
12.35756035757479 64 84 47
12.627377494866806 67 87 49
11.493232298811566 62 85 45
12.218260648447485 61 82 44
12.637314569709753 72 94 59
12.20493159042826 67 87 51
11.285079719154876 62 82 43
11.32253654015247 63 83 44
11.776677841136816 63 84 45
11.259503940466661 63 83 46
13.392698547582086 72 95 57
8.981447586523196 50 62 17
13.362124902533964 67 85 41
13.393059184859313 65 83 39
12.992206858222662 62 82 40
12.61410429547251 63 83 39
13.362124902533964 67 85 41
12.468372882642136 63 81 37
12.272170259943508 66 82 37
12.994790111468838 64 80 36
12.962905446808682 60 76 32
12.960315838305094 67 87 45
13.100575997454238 63 83 41
10.53580984141972 64 80 33
11.807898428217925 66 81 36
11.67680417481408 66 81 34
11.427983762365312 69 83 39
11.351205663224277 65 86 40
11.807898428217925 66 81 36
12.234576921299638 66 84 38
12.804033723607732 66 82 36
10.240557945053384 65 89 44
10.662864504635802 66 88 41
10.966917284566275 67 87 44
10.446055914168069 66 90 48
12.854735676996686 72 99 65
12.46422979450598 71 96 64
12.610009088287875 72 99 67
11.863975811447713 72 100 68
12.506367453863998 78 105 70
12.148315705184919 72 99 67
12.799999282223766 74 101 70
12.610009088287875 72 99 67
10.365243474812143 59 81 36
11.159047085770728 62 82 41
10.774890373205869 61 83 34
10.31293700682259 62 84 35
10.47759869552153 65 87 42
9.641183641346553 66 89 44
9.675120427352287 65 85 41
10.199925567202973 70 93 51
9.951450145655812 67 87 45
9.14046904188433 71 95 55
9.458817912949861 85 110 70
10.807152539663672 65 89 50
9.87168067216318 66 89 46
10.596118709762845 65 87 42
10.030118137776489 61 83 39
9.943514670923138 68 92 49
10.872807858748473 70 94 54
9.943514670923138 68 92 49
10.952065402477826 63 85 46
10.623291721198406 63 84 37
10.83379625513861 62 86 46
10.635447059045942 63 86 46
15.165760573229736 67 94 60
15.044766163954737 63 88 52
15.269364241156943 63 87 47
15.063916629163005 63 88 52
15.063916629163005 63 88 52
15.184758445455296 64 91 55
11.45582559354007 76 91 63
20.861568567480173 16 18 0
21.66495486038323 15 19 0
10.641028288879792 48 59 34
10.69964072946007 65 76 52
11.25410537370446 50 59 37
11.68573214940596 66 80 49
11.190666922147322 64 78 51
11.353135294492493 66 81 49
10.983946506788401 64 80 53
12.259287165945628 71 92 58
12.38799698897659 69 90 55
12.030008520035567 65 83 50
12.505349249210806 66 85 54
12.215212329835424 68 89 56
12.411723155235693 71 92 59
11.549709749033113 67 84 54
11.249924126523153 65 82 52
12.01956937066377 62 79 48
11.991656038524628 72 92 58
11.70719651067323 66 81 49
10.872722643799019 66 87 54
11.44107241476597 62 81 51
11.070385848576871 67 87 54
11.412086206669612 65 82 52
10.857762956747168 68 89 56
12.211378883457236 71 94 61
12.790937475657532 69 94 62
12.75854337641857 68 93 61
12.90099740037205 71 96 64
10.856859699076532 66 90 55
11.652687008324337 67 92 57
12.670484558731323 71 94 63
12.813917581657106 75 99 69
12.364405529601493 70 92 59
12.553912995159063 72 99 68
12.553912995159063 72 99 68
12.172810964289226 71 99 68
12.335719547564436 77 102 69
11.882003711425805 73 97 64
11.504536486973757 73 96 63
11.18880521836417 70 95 61
12.567049240822525 76 101 65
11.882003711425805 73 97 64
12.790362835895897 75 100 68
12.702813914842581 73 98 64
13.000928282539181 74 98 69
12.985287089601151 74 92 66
13.179671481857007 71 90 64
13.00517185982312 69 88 66
12.613801491628024 76 97 68
11.953386046121217 70 91 64
12.269423083587006 66 87 58
12.54457632693443 70 92 62
11.389400353047048 68 93 57
12.21832464894345 65 88 56
11.755909052755834 67 90 58
12.403898681185636 74 97 65
11.69152278052357 73 96 63
13.505027977779747 69 85 70
12.063140442924789 73 96 63
11.75255119798939 66 89 56
11.631629603934943 65 88 54
12.90654523420975 72 95 59
11.860235996562793 71 95 60
12.318736033557839 74 99 63
12.90654523420975 72 95 59
12.815676522732279 77 102 66
12.315531635669311 75 100 64
12.291320806556719 75 100 64
12.463345229984625 75 100 65
12.5733290186755 71 93 59
12.977902286550723 70 93 61
19.145212697903442 23 29 6
16.614852360523578 40 45 14
17.62455674271347 25 32 10
10.307814092782383 40 48 10
11.300381993358634 42 55 22
11.33778826011631 43 53 25
11.274840926307016 42 52 22
11.498178007138355 43 55 22
10.960450237792053 42 53 14
9.79891189726271 42 53 16
12.681945946054187 57 73 34
12.681945946054187 57 73 34
12.069737462515388 63 81 41
12.157829757099252 45 57 20
12.339171677885993 66 86 46
10.593368095302209 58 70 43
11.634467377844814 44 59 21
11.552422659179467 63 78 44
11.490651181661532 62 77 43
11.627048427834659 58 75 37
11.552422659179467 63 78 44
10.949068565644096 61 74 43
12.844351485611387 61 79 36
13.120583549053805 57 74 33
12.844351485611387 61 79 36
12.100410192254316 60 80 39
12.075768071693602 62 81 41
13.120583549053805 57 74 33
12.71114146665849 60 80 38
12.215908571279385 62 82 40
13.005465551467037 65 85 43
13.008046171684512 60 75 33
13.405921433929567 65 83 39
12.511169887425575 71 94 61
11.80113283783465 64 84 45
11.22895135731156 65 81 36
12.501518898071222 65 83 39
12.272170259943508 66 82 37
12.122328903828246 62 78 34
11.952289321505383 66 84 39
12.992206858222662 62 82 40
12.61410429547251 63 83 39
11.807898428217925 66 81 36
12.804033723607732 66 82 36
12.497386798386161 74 101 68
12.148315705184919 72 99 67
12.497386798386161 74 101 68
9.610005864817316 56 78 32
10.932596547586858 62 84 39
10.030706697874148 68 92 50
10.243693913280858 62 84 35
10.301330961180966 68 88 46
9.641183641346553 66 89 44
9.95950160103776 64 86 38
10.47759869552153 65 87 42
10.60830518336801 65 89 48
10.114192440752117 74 99 59
10.056435310931507 82 107 69
9.900842114459582 64 86 42
10.225228402370954 97 122 83
10.755897425508733 60 80 39
10.030118137776489 61 83 39
9.276089240226053 72 97 57
13.582313901417459 64 84 44
13.612747824552693 63 83 43
15.184758445455296 64 91 55
15.176489446209102 62 86 46
15.176489446209102 62 86 46
15.072247388704294 63 88 54
15.091362981142552 65 89 51
11.194521614339026 64 80 51
11.778844415896875 38 47 26
10.687902254586309 62 73 50
12.80440458083577 69 92 59
11.545655341265494 69 89 56
10.861868967524025 65 77 50
11.682230302517851 67 86 56
10.991799529054008 65 78 58
10.67213035614248 38 47 24
12.205415278803834 68 86 52
11.440751198403106 67 90 55
12.505349249210806 66 85 54
11.119501301882567 41 51 27
11.971194897563448 69 86 58
10.706994482478844 66 84 54
13.122645838612645 71 93 60
12.70310321816189 72 96 65
13.000928282539181 74 98 69
10.818675986792748 66 89 54
12.440487492684554 75 100 68
12.360140738349118 72 97 63
12.335719547564436 77 102 69
11.858025422986614 71 94 61
12.210776969670354 74 99 65
12.75854337641857 68 93 61
12.799712168981467 75 102 70
11.858025422986614 71 94 61
11.69152278052357 73 96 63
12.042800757086894 73 96 64
12.634270947481305 62 85 56
11.017308893491057 68 89 54
13.32086082869979 76 94 65
12.918052792563156 70 88 64
12.019143264340972 64 87 54
11.786585809565475 71 95 61
12.22349836655142 76 101 65
12.832940228620442 74 97 66
11.352655538622773 39 49 19
12.792194822612938 52 65 25
11.674912785787345 44 55 18
12.508712995264995 54 69 27
11.585219054652331 43 54 17
12.87913617050592 55 70 27
11.769680193168147 62 79 43
11.800321149826315 63 82 42
11.398667446240244 61 82 43
12.097166846324193 53 68 30
11.060827391750719 46 59 22
12.627377494866806 67 87 49
11.262831210584622 43 60 22
12.74102189030969 61 81 41
10.357476042142311 41 52 14
9.531333945914538 39 49 8
11.805599573289863 61 81 43
12.182305886082714 43 57 19
8.27612721076944 48 59 17
9.023057799586708 41 50 8
12.506367453863998 78 105 70
10.440890909510165 60 81 34
10.030706697874148 68 92 50
9.918458888550779 69 90 47
11.807898428217925 66 81 36
10.662864504635802 66 88 41
10.32199054832106 66 90 50
12.799999282223766 74 101 70
10.36096270293852 64 84 40
10.662864504635802 66 88 41
12.927688279483768 68 91 58
10.800142626901703 49 60 37
11.037204597544651 41 53 31
11.268736664390566 64 81 52
10.95375070250045 72 88 63
11.753176578852003 70 89 58
12.716663341255156 71 93 62
12.595031440241305 68 88 53
11.317948251694036 72 96 62
11.86779958757922 73 98 64
11.48986573606147 73 98 64
13.086763784168816 71 98 68
12.450099565487262 74 102 70
11.972565486892824 72 99 67
12.245220563696327 70 95 61
12.618271795891722 69 87 67
11.631629603934943 65 88 54
12.315531635669311 75 100 64
12.473904574792625 73 96 65
13.035936502162913 75 96 66
12.5733290186755 71 93 59
12.052425075213755 72 95 62
11.478926961615548 44 57 22
11.2270048671029 44 55 17
11.878634901862714 61 81 41
12.57508261240488 66 83 49
11.745159708031142 63 79 44
11.769680193168147 62 79 43
11.743064731847783 47 58 24
11.878634901862714 61 81 41
9.988406650881316 62 83 32
11.863975811447713 72 100 68
10.966917284566275 67 87 44
11.952289321505383 66 84 39
11.615377781333471 62 77 36
15.091362981142552 65 89 51
11.290796397879644 67 77 54
11.017642455205825 68 89 58
10.861735792973995 66 84 56
12.210776969670354 74 99 65
12.329219951666152 74 99 63
12.891627036201049 74 95 66
11.956174642400804 68 91 58
12.790362835895897 75 100 68
12.90654523420975 72 95 59
12.44175027703675 67 90 62
11.67575275754072 47 58 24
12.840329712105225 70 91 57
11.805599573289863 61 81 43
12.840329712105225 70 91 57
11.949710707902739 63 80 44
11.604782805237754 62 83 44
12.36917629040465 62 81 41
12.36949186513185 45 59 20
10.030706697874148 68 92 50
11.351205663224277 65 86 40
10.842350497415628 66 80 53
10.849946241031668 61 78 48
12.397829508372265 71 94 60
12.397829508372265 71 94 60
11.90093073631331 66 90 57
13.393059184859313 65 83 39
10.675183538524111 68 92 50
12.51529743643273 62 80 37
13.476476969977613 75 98 63
11.398667446240244 61 82 43
11.92301009624411 71 98 64
11.927926130925098 70 95 61
10.755897425508733 60 80 39
11.776677841136816 63 84 45
11.991656038524628 72 92 58
12.01956937066377 62 79 48
