19.355440426344558 60 71 38
20.032260865425524 58 69 36
19.355440426344558 60 71 38
18.768109409173796 58 65 31
19.254583094296834 57 66 34
11.336014413831533 47 57 17
12.513034147314004 49 56 17
19.50121526211975 57 68 33
19.48193820875541 57 68 33
19.565133172048576 59 68 36
14.482282277569917 54 65 28
14.510028542897086 52 63 26
11.781876412465264 40 50 8
12.423794416936405 43 53 10
11.344787255611585 43 53 13
12.39351392400605 47 55 13
12.031506385062142 42 52 10
11.979508596914961 43 53 11
13.201437774571135 41 51 9
11.22533667424425 44 54 13
13.123452720117887 47 57 17
12.887163544837279 45 55 15
13.927972683431374 51 61 21
13.197426388446557 55 65 25
13.746872067017208 50 61 21
12.885109088117138 48 58 18
12.01847522614174 40 50 8
11.960317722592675 41 51 9
13.734818518349037 47 57 17
12.87997513204957 39 49 9
13.261076361289343 48 58 16
13.261076361289343 48 58 16
13.726761685906125 46 56 14
11.931185423100688 41 51 9
11.989484239800671 41 51 9
13.386476197164855 50 60 20
13.257083020881284 51 61 21
13.45900430784377 51 61 21
13.007013881011487 50 60 19
13.009049085906685 50 60 21
13.183444096337 50 60 20
13.45900430784377 51 61 21
14.172882402303696 53 64 25
14.425030402654032 53 64 26
14.677298826242088 55 66 30
14.187215151995852 54 65 29
14.487322976761524 54 65 28
14.960935098258341 56 68 32
14.670518932550294 57 69 33
13.537419949627955 57 68 33
13.779230463148753 56 67 30
14.088031992459 56 67 30
14.652199677231906 53 64 26
14.378452747085788 52 62 21
13.889691991121827 53 63 22
13.867879807102893 52 62 21
14.151506715736954 53 64 25
13.867879807102893 52 62 21
14.039486593757225 51 62 22
19.74709195516942 43 53 9
18.88161753684335 47 57 14
19.249357367804848 39 48 4
21.02707543352867 53 64 26
21.760288825231402 49 60 22
21.296661308753514 49 60 22
21.847210538096498 38 43 4
22.030741165803267 38 45 1
21.832079358758264 38 46 0
20.344949519058666 39 47 3
20.346250734514935 33 42 0
21.14974036883346 43 52 9
20.523776017375017 41 49 4
20.735346249226556 39 47 3
8.88674556785378 54 67 40
10.52101011936128 49 59 61
10.104530446495598 50 59 49
9.77299427793809 46 62 35
9.605357749005444 45 59 34
10.722006798983257 46 59 46
9.363374343623832 51 64 37
14.751788673017648 55 67 35
7.368318610212802 52 63 31
7.674475383085804 50 61 38
7.7741974638797915 53 64 31
14.643076773746841 55 68 35
14.114134435872462 58 71 38
13.84914832260189 58 71 40
15.131320754338862 58 71 41
14.844238427979535 58 71 40
13.652436692728982 58 72 41
14.647538687137683 59 72 41
14.620053393976463 58 72 40
19.12472969729923 50 62 24
19.75659702773918 54 68 33
18.960233396900726 57 66 35
19.253208099339634 58 68 36
19.565133172048576 59 68 36
15.311271412860526 54 66 30
11.487067404055688 45 55 15
12.577942623836122 45 54 14
12.28795076978054 45 54 12
11.664524485328883 43 53 11
11.985601916021828 41 52 10
13.102385509970771 46 56 14
11.191814112125194 45 55 15
13.0983437889866 53 63 23
12.628282977800318 46 56 16
13.927972683431374 51 61 21
12.399403794147464 42 52 9
12.534140015580594 41 51 9
13.724832908380206 50 60 18
13.775543005594175 50 60 20
14.146888355260218 54 64 22
13.779230463148753 56 67 30
13.867879807102893 52 62 21
14.443637785763494 57 70 34
14.443637785763494 57 70 34
14.151506715736954 53 64 25
13.832209577205111 52 63 26
14.187215151995852 54 65 29
19.998307573629354 36 44 0
19.74575125608577 41 51 7
20.281950653188442 49 59 15
19.74709195516942 43 53 9
20.049569916289606 40 50 6
21.02707543352867 53 64 26
20.92620513996497 39 47 1
21.847210538096498 38 43 4
20.84663799285458 44 54 10
19.979683903132944 43 51 8
9.240544808432917 46 59 33
10.592919780101937 47 60 49
15.00083833210084 54 67 33
7.81304034748168 52 63 29
13.84914832260189 58 71 40
14.844238427979535 58 71 40
14.38783568815651 57 70 38
14.085608347721742 58 71 40
13.652436692728982 58 72 41
19.67050023208495 55 69 36
20.028232908527816 59 70 37
19.48193820875541 57 68 33
12.064994493507806 40 50 8
12.606388290153674 41 51 9
13.45900430784377 51 61 21
12.668828385695221 41 51 11
12.622499906976218 45 55 15
13.128431112913702 52 62 22
12.64639761135493 39 49 9
13.023807355500463 49 60 20
13.0983437889866 53 63 23
13.952477217506539 55 66 30
14.200693259892859 51 62 22
14.264503105734578 53 64 25
13.983168341696224 55 65 23
19.542518454478905 47 57 13
22.39324053679562 50 64 25
10.257987444642058 49 57 49
9.921672958984141 52 64 36
19.12472969729923 50 62 24
14.346227522866858 58 71 38
19.67050023208495 55 69 36
15.131320754338862 58 71 41
19.94259958761611 56 67 30
11.960317722592675 41 51 9
13.386476197164855 50 60 20
11.956531222072396 41 51 9
13.918068726668599 51 62 23
14.139854138275489 52 63 26
20.36167111220402 39 47 2
21.908825224572603 39 45 2
10.410154245250032 44 58 33
10.051353774123315 48 60 36
11.668633229687648 48 59 60
19.75659702773918 54 68 33
19.646564325739323 58 67 34
12.09380446978236 42 52 10
14.092821810755833 48 58 18
7.7741974638797915 53 64 31
14.114134435872462 58 71 38
14.620053393976463 58 72 40
13.482713910225604 58 72 40
12.787747220918364 43 53 11
20.784790884057934 32 41 0
15.311271412860526 54 66 30
13.777464683956866 47 57 15
14.848837674948975 53 64 27
