11.146253131831113 48 53 43
11.600074953053955 46 53 46
9.927218836153362 30 34 13
10.555929925915521 32 36 19
11.16667454501659 47 52 42
10.900802808608786 47 52 38
10.076070554919623 29 35 11
10.602130946544614 31 37 16
11.141787004425078 49 54 45
10.77733869688259 49 54 43
10.555929925915521 32 36 19
10.034069727619489 34 39 12
9.955143221632927 32 36 15
10.575914989509563 41 45 31
10.900802808608786 47 52 38
10.75608755805485 34 39 11
10.265069651393482 25 32 2
10.2216922923229 47 53 35
9.412959667458129 36 40 7
10.396268588780503 28 34 11
9.564611465248039 35 40 7
9.601747420771435 29 35 10
9.344280108832896 29 34 7
9.188992761579986 29 34 5
9.739605188962413 28 33 6
9.435365968826416 33 40 8
10.160598311176157 34 39 12
9.886247620650837 29 35 7
9.81460315092478 31 38 8
9.81460315092478 31 38 8
9.586663327020952 33 40 8
14.46580689417119 24 30 3
8.994661101837094 30 35 6
9.49173742889728 27 34 4
9.856366611331975 32 37 4
9.711610852149246 28 35 3
9.220362319297871 31 36 6
9.021159480243815 36 39 4
9.676019471253214 34 39 6
9.448289020016594 34 39 6
9.202261809601367 31 36 7
9.681761501415847 34 39 6
9.550027829466107 38 41 6
9.37035963197182 32 37 6
9.679487934300054 32 37 6
9.64555907217166 33 38 6
9.590091832788211 39 40 5
10.335155382314365 35 40 10
9.996872210677738 35 40 6
10.135910969372471 37 40 5
15.171735925049884 20 28 2
15.199149595054521 23 32 6
14.77170604551398 28 37 9
15.85811863710794 31 40 12
14.250659011955728 22 29 2
14.636428116541934 33 39 13
9.434140989169942 38 41 6
9.561659765335232 37 40 5
9.891797548096342 34 39 6
10.021786354031056 37 40 5
12.000818424780075 53 55 55
11.558868386668497 53 56 53
11.784971809423647 54 58 57
10.797430667845022 42 46 32
11.421985130849459 55 58 52
11.421985130849459 55 58 52
11.6759951546536 54 55 53
11.155788970264204 54 57 51
10.994728991377656 55 58 50
10.724054053218152 29 34 8
10.771151031771252 54 57 51
10.83747572414968 55 58 51
11.614459838028958 53 56 53
11.06571880150579 30 34 12
10.810756396223761 29 33 14
11.20695438756565 51 54 50
11.515497857356818 52 55 50
11.58379772088132 53 56 50
11.07133199965761 57 60 56
11.07133199965761 57 60 56
10.33635115513913 40 44 23
11.471061699095472 54 58 57
10.33635115513913 40 44 23
11.270245872507031 60 62 57
10.91564581253045 48 49 37
10.245635006196434 39 43 12
9.59661679448737 42 46 12
10.02029052485528 41 44 12
10.340092579535067 45 50 22
9.926176852145975 38 43 15
10.236436541858911 43 47 24
9.706586351432264 41 46 20
10.340092579535067 45 50 22
9.815839244591512 44 49 19
10.340092579535067 45 50 22
11.224188433153666 42 45 10
10.62310086474866 40 43 10
10.663800590185334 37 40 7
10.42458561086281 42 45 10
10.789640354654187 40 43 7
10.308260475668805 36 41 11
10.596388889849711 38 41 8
10.474016960645505 36 40 10
10.663800590185334 37 40 7
11.224188433153666 42 45 10
9.809583853461305 45 48 15
10.42458561086281 42 45 10
10.507365380885675 40 43 9
10.823577437684076 35 39 8
10.13877457367418 44 49 19
10.497985607607466 54 60 48
10.31215706316507 51 57 37
10.31859800424636 45 50 27
10.489490692741844 47 52 28
10.91872547852294 50 56 40
10.398927192443868 50 56 29
11.223671157317163 41 44 10
10.36895041612827 40 43 7
11.390724166254012 52 57 28
10.2157142117397 47 50 16
10.876823742669496 46 53 23
10.743710343691237 47 54 24
11.556824539076027 48 55 26
10.702772032010087 49 55 27
10.123417483909009 46 51 19
11.129751197994377 49 54 27
11.090238002373823 50 56 28
10.303999866617193 45 51 24
9.920506423128085 47 54 24
10.200472957352174 46 51 20
11.675419114934439 50 55 28
11.637758750266983 50 56 28
11.157565616766073 43 46 11
17.182076260748296 50 53 18
16.192988617681348 50 53 18
16.192988617681348 50 53 18
17.081878090768107 54 57 22
11.001172042741032 49 58 29
11.757408979526064 51 56 28
11.15113531771841 50 57 26
11.279956267174754 51 57 30
10.678320738370887 50 57 29
11.131728564301909 51 58 30
10.899236836093424 51 57 30
11.81869126297384 49 56 30
11.126213018440772 48 57 31
10.339464036954842 49 57 29
11.383874594867962 51 57 30
11.504756868765817 50 57 30
10.15304379735299 51 60 28
10.293798187789031 51 60 28
10.528070284287123 48 55 25
11.867187835819061 38 45 20
10.590670255983305 47 53 26
10.02029594927455 47 55 23
9.875644188157409 48 56 24
10.18471224292213 46 51 25
10.377554479434416 50 57 29
9.711718104086113 50 60 26
9.871144095456879 50 59 26
10.132751646790675 49 58 25
10.220590334778286 49 58 30
9.887991837130818 49 57 26
9.75847624774919 51 58 28
10.54749198594197 50 59 28
10.296427390665372 49 58 28
10.534859380600146 47 54 23
10.493106279317775 50 56 28
10.693423859042369 50 58 29
9.948911213176402 48 51 16
10.020679610184823 48 51 16
10.020679610184823 48 51 16
10.42558820863813 51 57 31
10.328662922215395 50 55 26
10.92060913931946 50 56 29
10.307707781848261 50 56 29
10.011854372723759 50 55 28
11.321665168612476 45 48 13
10.282803723209629 46 49 14
10.890473977502872 43 46 11
10.419698882334378 50 57 25
10.730188221844648 51 57 29
10.419698882334378 50 57 25
10.71789313924932 49 57 24
10.55699600276227 49 55 28
9.939513352173915 50 56 28
10.382908548949857 50 56 29
10.588472072071424 33 38 13
9.948466971617904 31 35 16
10.034069727619489 34 39 12
10.849750982740634 52 55 44
10.814822391053166 32 38 16
10.647111162136616 48 53 40
9.927218836153362 30 34 13
10.782963374222657 47 52 40
10.67835810429051 42 48 25
10.060040645549272 29 35 10
9.412959667458129 36 40 7
10.220534060801048 31 38 6
9.837789209248651 32 39 10
10.071613702064939 27 34 2
8.705280645496849 31 36 7
9.497590872497943 28 35 3
9.590091832788211 39 40 5
9.853521126041715 40 41 5
9.37035963197182 32 37 6
9.612085238167905 36 39 4
8.813101505975936 31 36 6
10.107364989689065 32 37 5
9.681761501415847 34 39 6
10.335155382314365 35 40 10
9.996872210677738 35 40 6
14.210472776771743 20 27 0
15.210096818585294 28 37 9
10.631309642709189 40 43 8
11.577122252305127 53 56 53
11.712605052499216 53 55 54
12.031741181198004 53 55 54
10.994728991377656 55 58 50
10.817437176692641 30 35 10
10.616844658596637 35 38 13
10.288906142087235 37 41 24
10.664366278538482 52 55 47
11.6759951546536 54 55 53
10.245635006196434 39 43 12
9.932868084190503 41 46 15
10.340092579535067 45 50 22
9.59661679448737 42 46 12
9.815839244591512 44 49 19
10.3487101311116 41 45 23
10.616368198423334 53 56 46
11.471061699095472 54 58 57
10.616368198423334 53 56 46
11.185527923988529 43 46 11
11.276588149120776 33 36 11
11.102751834209757 37 42 9
10.855852085630534 40 43 8
11.339957046091394 32 35 10
9.809583853461305 45 48 15
10.762802273095119 39 42 11
10.832887313786557 44 51 29
10.99579000222715 52 57 35
10.5781157828446 54 59 42
10.832887313786557 44 51 29
10.695471729292139 38 42 7
11.223671157317163 41 44 10
10.743710343691237 47 54 24
10.632515978413007 45 50 25
10.379714844416757 47 52 24
10.871178870367498 48 53 25
11.637758750266983 50 56 28
11.66485958886545 44 47 12
16.18337764714431 53 56 21
11.441793275171518 50 58 30
10.899236836093424 51 57 30
11.126213018440772 48 57 31
11.131728564301909 51 58 30
11.140708961701483 51 57 30
11.504756868765817 50 57 30
10.975909236671054 50 58 30
9.831091768014701 49 57 26
10.260814475031149 48 54 25
10.109713921323749 50 59 26
10.02029594927455 47 55 23
10.516955179665295 46 51 27
9.832739837696144 51 57 28
10.563261050045226 51 58 30
10.04462044037528 49 58 27
10.534859380600146 47 54 23
10.693423859042369 50 58 29
10.670578473024772 46 53 23
10.453726172737989 45 48 13
9.97735680455302 50 53 18
10.183452860355441 42 45 10
10.328662922215395 50 55 26
10.42558820863813 51 57 31
10.105170126378562 49 55 19
10.543682370612295 46 49 14
10.11448796962788 49 52 17
10.198201327725739 50 55 22
10.066727951033137 50 57 27
10.242318030615445 49 55 28
10.579033174070434 50 56 28
10.955687831455837 48 55 25
11.16667454501659 47 52 42
10.900802808608786 47 52 38
11.476301000415333 47 53 43
10.389875797727923 43 48 31
9.586663327020952 33 40 8
10.05778367452489 33 38 5
9.43244730698721 27 33 4
9.81630150622499 34 39 10
9.621354865621633 31 36 5
10.129949397543163 43 49 26
10.094688083300156 38 41 5
9.450618207599112 38 41 6
10.265069651393482 25 32 2
9.425913438031984 37 40 5
12.661721819383848 52 54 54
10.771151031771252 54 57 51
9.369305502435576 42 47 17
11.239094764087854 44 48 34
10.847240010964319 45 49 30
11.712605052499216 53 55 54
11.346857896174983 53 56 53
11.675561916722328 54 56 55
11.155788970264204 54 57 51
11.893819620589731 51 54 51
11.421985130849459 55 58 52
11.18809659327639 52 55 52
10.737048243463622 39 41 18
10.855852085630534 40 43 8
10.211358664231856 38 41 9
11.071721368958418 33 38 10
10.42458561086281 42 45 10
11.16016220583885 42 45 10
11.129751197994377 49 54 27
11.097231682341366 51 57 30
11.757408979526064 51 56 28
10.088731305344755 50 57 30
11.685865220404304 50 56 28
10.293798187789031 51 60 28
10.333625157599142 50 59 26
10.165054490313688 50 60 26
9.775000701560073 50 60 26
10.186900639544561 51 58 26
10.04462044037528 49 58 27
10.546435256004626 50 57 28
10.190544900655732 46 49 14
9.889043341016798 49 55 27
10.177993868973134 42 45 10
10.409610592053959 50 56 27
10.07156868829944 52 55 20
10.11448796962788 49 52 17
9.141094310442737 31 36 7
10.181359403614527 31 37 11
9.300716939463973 36 39 4
9.26902328159304 32 37 6
10.129949397543163 43 49 26
10.168299580060891 40 45 29
10.75608755805485 34 39 11
11.270245872507031 60 62 57
10.649270852036743 45 49 28
9.950661763606943 51 57 30
10.064513424467492 46 53 23
9.691066353906638 45 50 19
17.081878090768107 54 57 22
10.632515978413007 45 50 25
10.755061431215378 50 56 28
11.0987962189176 46 51 23
10.900259363596287 50 57 28
11.600074953053955 46 53 46
9.344280108832896 29 34 7
10.259654087040788 24 30 3
10.000693998985716 40 43 8
11.078789301211627 49 52 41
11.20695438756565 51 54 50
10.126159374627491 44 47 12
9.920506423128085 47 54 24
10.612090417602289 46 51 21
16.192988617681348 50 53 18
10.105818619660203 50 59 29
9.953468556852513 37 43 21
9.99861436413381 41 44 9
11.552914614680837 49 56 24
10.755061431215378 50 56 28
10.823041015084273 34 39 10
10.006301765307756 50 56 30
10.043389933953597 50 53 18
14.968256060797382 16 25 0
10.309408851392725 46 51 37
10.000693998985716 40 43 8
9.331785207628657 27 34 3
11.339957046091394 32 35 10
10.419698882334378 50 57 25
