11.174641300420754 6 6 4
11.42079139852644 6 6 6
11.14119447199845 6 9 5
9.938588943409751 0 8 0
10.983041707612733 0 7 1
11.941976347964294 2 8 1
9.876150574594801 47 63 29
9.92706165992638 47 64 27
10.261235165912568 44 60 22
9.71851301346958 48 63 25
9.632858155391304 47 62 29
9.45401678130562 51 68 30
9.084876518920064 50 67 29
9.234791567447832 49 65 27
15.095590338502578 8 10 12
15.44449432135728 10 10 10
16.123347476220314 9 11 9
17.550120164447293 9 11 13
17.24554055085734 11 11 13
11.1529378802457 48 57 44
11.513659118078083 24 32 19
11.198045650403937 55 67 49
10.644978836867175 50 69 37
9.960849182190609 55 75 38
11.397965754143357 49 68 32
11.397965754143357 49 68 32
10.765556988693271 58 72 45
10.846742102350092 52 66 35
11.165125044656024 51 68 32
7.856462266284385 50 61 24
7.760264718788323 45 54 20
8.08424068372299 45 54 24
7.61713131115395 45 52 16
8.146781790411264 39 47 13
7.625334439232286 50 61 27
7.307956927915286 39 49 11
7.52913131920688 47 56 23
7.780711624713781 48 57 24
7.9580306147146835 50 62 25
7.458347091316392 54 60 22
8.17382819058132 50 60 22
11.153641746706676 47 60 22
9.06163646343383 49 66 28
10.051665148237735 48 63 24
11.056915445953821 47 61 23
10.893902200201898 47 61 23
10.129869016117905 48 63 24
10.572170749024176 48 62 24
10.47770805961292 49 63 25
10.55275510063064 48 62 24
10.63424935198532 48 62 22
9.812725325928403 49 64 26
9.892818220988653 49 64 26
10.172604289157889 53 64 24
8.63219422970373 51 62 24
11.151838084244634 53 70 34
9.939657461993132 56 74 34
10.18126715838832 53 66 29
11.671124522611489 57 74 39
10.298077322081793 57 77 42
10.298077322081793 57 77 42
10.848326084804693 58 73 37
10.287590771271944 52 67 29
11.735167520492892 57 74 39
10.488605570038507 49 66 28
11.066189527755782 56 74 41
11.315424194241245 55 72 36
10.779015248645207 51 68 30
10.776347314895514 49 68 29
10.718024789178097 50 65 27
9.77461939882757 53 70 32
11.174641300420754 6 6 4
11.385034129208824 1 10 0
10.753390543408711 3 10 2
10.309449262800106 43 58 22
9.217196283719725 50 67 30
10.026472318026821 26 40 8
10.707175687686412 64 78 52
9.598167910147684 49 65 27
9.943400885088018 47 62 24
9.876150574594801 47 63 29
16.982357488386402 11 11 11
11.1529378802457 48 57 44
10.869343141087736 57 69 51
11.327795162581026 49 61 40
10.43522153424442 54 73 41
10.99570008251924 50 67 37
11.11269082463978 53 70 32
11.165125044656024 51 68 32
8.19938482653314 47 55 23
7.890886670917937 47 58 21
7.66414414333166 34 41 5
7.607387486940318 48 58 21
8.286321394577701 51 61 23
10.072046782304653 49 64 26
9.06163646343383 49 66 28
10.304975512591671 48 63 23
10.172604289157889 53 64 24
10.172604289157889 53 64 24
11.151838084244634 53 70 34
11.429648883097627 57 76 40
10.779015248645207 51 68 30
11.19216033094873 54 69 33
11.066189527755782 56 74 41
10.18126715838832 53 66 29
11.0391350099968 55 72 36
11.267721222699988 53 70 34
10.779015248645207 51 68 30
11.315424194241245 55 72 36
10.549776364929626 50 65 27
11.37148803884008 0 6 0
9.684201217135962 12 24 1
9.364993393633396 49 65 27
11.941976347964294 2 8 1
9.593110508296359 48 63 25
10.309449262800106 43 58 22
10.318532962595356 56 75 42
9.796168146807597 52 69 33
17.304671791379466 58 74 47
16.750426525615307 10 10 10
8.007355831881371 48 59 23
7.251948732227719 37 44 8
7.62058813155291 45 54 21
10.47770805961292 49 63 25
8.286321394577701 51 61 23
10.051665148237735 48 63 24
11.153641746706676 47 60 22
7.601005615670432 48 55 18
7.458347091316392 54 60 22
10.488605570038507 49 66 28
8.733233889998704 52 62 24
10.533664811646362 2 6 1
10.137759276810948 48 63 25
14.968405746590902 8 10 12
14.706141429508511 8 10 12
17.8609887972209 3 5 4
11.824464146722342 59 69 55
10.081678550665009 54 72 34
10.37442386655682 57 77 40
8.733233889998704 52 62 24
9.77461939882757 53 70 32
11.14119447199845 6 9 5
17.8609887972209 3 5 4
8.41955090941143 40 48 22
7.717161362519951 29 39 2
10.720956778445403 48 62 23
9.211929728651539 48 64 26
10.345259804197378 49 64 26
11.032131955459207 50 68 29
11.0174074773095 56 73 35
9.939657461993132 56 74 34
13.936382454036288 62 76 52
10.975168764663469 49 64 26
7.581463994482987 50 59 21
11.488341840548024 47 60 22
10.63942085616779 0 7 0
