21.233616518007814 28 41 19
20.93996768003094 27 40 19
18.27179787110812 56 51 40
19.10121748724246 58 75 79
19.556898667781226 66 85 102
21.36073577884834 26 39 18
12.167119727534347 33 47 17
11.286317625784461 33 46 21
11.625609023787286 38 48 21
11.417186574277508 34 45 24
11.837481526732532 38 47 26
12.200601747256712 38 52 19
11.894351246162547 38 45 23
11.173235847037926 15 27 3
10.733147550343634 33 44 22
11.161923206132187 34 47 19
11.208505277989964 37 51 18
11.293647274129627 33 46 20
10.826457345674125 19 33 5
10.95680171533722 28 42 15
10.064023954250153 25 39 14
11.355044844828235 31 45 18
10.96988429196549 27 41 12
10.737611488220951 23 37 8
11.327550239568628 32 48 14
10.615913452125797 23 38 4
10.9845768764032 38 51 20
11.074710236993031 37 48 20
10.596695229619655 38 48 21
10.940350439565218 40 50 20
10.878907434260574 33 46 19
12.254919754463906 38 55 20
11.637347413870037 36 56 18
11.621901642467698 40 57 22
11.431213910773675 39 55 20
12.489699277277541 43 61 21
11.122184590301877 42 56 29
11.961641332663847 37 51 17
11.921531960215047 41 55 21
12.295393751556682 45 60 22
12.294440323386493 39 53 16
11.482499250981377 42 57 19
12.04844326813906 43 58 22
11.922023594955785 43 58 21
11.260284446735684 39 53 21
11.687728282520514 45 63 26
12.193251900131056 42 62 23
12.016178025901372 45 62 26
11.628129547576973 39 56 19
11.115796485132915 40 57 19
11.390453009268164 48 68 30
11.403038073524122 44 63 25
11.726050244013424 38 58 18
10.629544505721027 44 60 24
11.920640788156499 47 67 29
11.687728282520514 45 63 26
11.907439350045914 39 56 20
12.448383407091226 43 61 23
12.419962064449686 41 58 21
11.60421183463278 43 53 27
11.597400083039556 40 53 24
11.234516164252197 41 51 28
11.1380568245946 39 51 29
11.429862083504823 41 51 27
11.645296517036858 39 49 28
12.636081810678958 41 52 25
11.441149318763843 43 56 25
11.248507384096898 43 56 27
13.305156495079146 44 59 26
12.767584121651852 41 56 23
12.854635250150885 42 57 25
14.771528837552072 44 60 26
15.88339340358054 47 67 28
15.859971783578853 44 64 24
15.272201056356256 46 66 28
15.707921870826821 50 70 30
12.889653683026387 43 57 25
12.260217698130605 40 57 23
12.50430446383287 42 56 26
11.399208684877516 42 59 26
13.083777473478076 48 65 32
10.88998589100038 48 65 27
10.398242490865458 45 63 25
12.086304430228628 47 62 24
10.077188685295651 46 65 27
11.878232731127833 45 60 23
11.934040860993724 44 58 18
11.643837918961568 46 61 22
12.073946120056025 43 60 19
11.579139466228764 34 48 19
11.417676135198052 32 46 19
11.264062618810247 34 51 21
11.356780931393276 32 47 11
11.098016229505745 30 47 19
12.71737694970547 32 47 9
11.470621394353795 29 44 8
11.579139466228764 34 48 19
11.373684412569748 30 45 7
11.612801716433015 36 50 12
11.272017438425044 41 56 18
12.238815855312165 49 65 27
12.73976653892306 43 58 19
12.394930820207122 39 55 21
12.780745380760303 38 53 17
12.69842848720448 38 55 21
12.474347401309638 43 60 24
12.474347401309638 43 60 24
11.99973195874119 45 62 26
12.321680126688706 40 57 26
12.400770501293849 49 66 32
12.509901003348837 49 69 33
12.36060195392938 50 70 35
12.736199023401513 48 68 31
13.170697951388348 48 67 29
12.18995445261252 49 64 30
12.675464056624808 51 68 34
12.736199023401513 48 68 31
12.58205595309738 49 66 30
12.786408857684206 49 66 34
13.494208904229927 50 67 33
12.58205595309738 49 66 30
12.564890587225154 47 62 26
12.100629058836923 47 65 30
11.684972191573175 53 70 37
13.236517439491799 50 65 27
12.488738932833641 44 61 25
13.463944199973135 49 65 28
13.00102480940259 52 72 37
13.27716705693324 50 69 36
13.27716705693324 50 69 36
12.500427971154165 43 56 19
13.554866908497626 50 67 31
13.42082862196512 50 70 35
13.192658617812352 43 58 19
12.822070755149214 54 71 35
13.20900821197687 56 73 37
13.086112712727976 51 68 30
13.43513546240723 47 62 24
13.282713028565086 37 52 13
13.253754842046247 50 65 29
12.598940749293075 54 71 33
10.62468314989798 51 67 31
10.90617115258568 51 67 31
11.627690059517308 49 66 28
10.392298819103258 49 65 30
12.020073239332156 50 67 35
12.041395210063168 52 69 35
11.21009724078703 50 70 35
12.71160488529327 53 71 37
11.490236602951882 51 68 34
11.516952908467353 51 68 34
11.187190988888934 50 70 35
11.544784803313867 51 68 34
12.133657392389875 53 70 36
11.785217504193255 53 73 36
11.75257008636812 50 70 35
11.715400491022805 52 68 29
12.403065995353737 54 74 37
11.784158208034343 50 70 32
12.156969080748276 49 67 26
12.17075044398789 51 68 35
12.406951014792968 53 73 38
12.124333438988259 52 70 35
10.70045176815689 51 68 33
12.59811905761627 50 67 34
11.5264445986855 54 70 35
11.6796414294158 50 67 31
11.501021157554806 53 69 33
12.344121461258895 50 68 30
12.594254140150369 52 71 39
11.716924463768786 53 70 37
11.827479176622935 59 74 38
12.20901873671815 55 73 38
11.1363404045673 62 82 46
11.651948735122257 51 68 31
11.950127834669468 46 61 24
11.565551091459184 46 61 25
10.587044860038182 49 64 29
11.332830784588706 47 61 26
11.312599515424164 53 68 32
11.227669033209919 47 63 27
11.005264987965708 46 63 27
11.483794727928373 52 68 30
12.132866924607175 48 63 25
11.64434127820466 57 72 36
21.021341751198886 27 40 19
11.993116717976307 38 47 23
11.134614838378653 35 47 23
11.837481526732532 38 47 26
12.414153292036277 36 50 18
11.055734829294613 28 42 18
11.342406529399558 32 46 20
11.020563587233982 29 46 14
10.56218317306426 34 46 24
10.375719614363565 23 37 9
11.438071383466694 35 47 27
11.390871121835279 35 48 20
11.057948610352208 35 45 21
12.251965503311297 43 60 26
11.913026002775597 44 60 22
11.214962753160092 40 55 19
12.775979898204733 40 55 19
11.122184590301877 42 56 29
12.337221976308204 44 60 22
11.034657549489905 40 54 19
12.539433188130358 44 59 23
11.922023594955785 43 58 21
11.953654251145318 43 61 23
12.016178025901372 45 62 26
11.403038073524122 44 63 25
11.502875069135339 47 63 27
11.146467393847956 40 58 19
11.687728282520514 45 63 26
11.33713336395097 39 56 18
11.234516164252197 41 51 28
11.3854695127079 41 51 27
11.699121759034837 39 48 28
11.309918269644704 40 53 26
12.04512872932991 40 53 24
11.943208318508415 41 53 23
12.74747686318486 42 56 25
12.718281540382918 41 55 25
15.620349818842445 46 67 26
11.598594572681202 46 63 31
12.009530223588332 42 56 23
12.07176460114726 43 59 24
10.190024011205534 45 64 27
12.062061074299091 45 60 22
12.248205339183148 35 50 12
11.034701911665854 28 42 15
11.36357235318973 41 57 19
12.73976653892306 43 58 19
12.321680126688706 40 57 26
12.56200923319672 41 56 18
12.324617667029477 38 55 20
13.158001156404831 46 61 23
12.63652414956661 45 62 27
12.643239637046328 49 65 31
13.03548648934128 49 66 32
12.63652414956661 45 62 27
12.36060195392938 50 70 35
11.946216186285227 48 65 30
12.385914180542986 54 71 38
12.736199023401513 48 68 31
12.334438214595506 49 66 29
13.039220623065575 47 64 30
12.736199023401513 48 68 31
13.00102480940259 52 72 37
13.43513546240723 47 62 24
12.975902703098667 47 62 23
13.554866908497626 50 67 31
12.822070755149214 54 71 35
13.253754842046247 50 65 29
13.525328884399308 54 74 37
10.673060977180308 51 67 32
12.041395210063168 52 69 35
12.52363436558347 52 70 36
12.418545409111905 55 75 38
11.68362647588791 53 73 36
11.899994357518477 48 68 31
12.097658729934484 50 67 30
12.453616544928297 54 74 37
11.93627668469075 60 79 44
11.972760586574402 53 73 36
12.156969080748276 49 67 26
11.816676927686736 49 68 30
11.940354581697797 50 67 31
12.124333438988259 52 70 35
11.806086791686864 50 67 34
12.493617454541253 58 78 41
12.021289047473468 52 69 32
11.387551445601764 50 65 29
11.403895369523841 46 61 24
11.1516425601545 50 66 30
11.717171328147108 48 63 26
11.582149888609925 46 61 26
21.58098156719828 29 41 21
11.302807935327994 35 46 22
11.033570561253601 25 42 10
11.188709117165454 30 42 19
11.365539555528708 36 46 23
11.102762427558947 29 43 17
10.307401090701003 29 41 18
11.41077683486846 37 47 20
10.688977479854557 22 36 7
11.07797844046367 36 49 18
12.336746887751586 41 55 18
11.611091699831883 37 53 17
11.719874373775854 36 53 18
11.434380217916718 40 56 25
12.26661794213239 39 56 20
11.708654307457616 42 56 21
11.25803608210408 43 53 27
15.96952306895526 51 71 31
12.92064501270248 42 56 25
13.293931302981768 43 58 26
11.277288243466609 48 67 28
11.647514997027184 44 59 20
11.514870782192206 35 49 18
11.356780931393276 32 47 11
13.039220623065575 47 64 30
13.20900821197687 56 73 37
12.085775381648226 48 65 28
13.052989370289584 50 67 31
12.758907572481546 45 62 28
12.13429454688556 48 68 33
12.509901003348837 49 69 33
12.705111254209681 46 63 29
12.105044179069685 54 71 33
10.691045534262924 50 65 30
10.745665612504835 52 67 32
11.69450976498744 70 90 54
11.15391237122156 50 70 35
11.831909807890092 50 66 28
12.17075044398789 51 68 35
11.15391237122156 50 70 35
11.43670616536073 50 67 32
12.323625940026997 53 73 41
12.130849308960787 51 68 33
12.469033203949133 57 74 38
11.635698104382573 49 64 28
11.88637018897074 42 60 22
11.66457230697563 40 54 21
11.820097816050518 39 56 20
11.188777145747158 39 48 29
12.310006853810217 38 47 25
11.020563587233982 29 46 14
11.484697044805003 40 50 24
11.260541322018527 40 50 26
12.04512872932991 40 53 24
11.680893555167623 41 55 26
11.45386097259491 28 43 9
11.45386097259491 28 43 9
13.7909767744775 53 73 36
12.471445128554302 39 56 21
13.021699235118463 48 65 30
11.256148607299949 52 69 35
11.515359960784597 62 82 47
12.327575704609801 51 68 34
11.75257008636812 50 70 35
11.874297398977244 45 64 25
11.33713336395097 39 56 18
11.536133913922146 36 47 20
15.707921870826821 50 70 30
11.20168686981686 25 39 10
11.907774522590273 51 68 33
12.316927763518795 45 62 28
13.465464916750568 53 70 32
12.308738346409633 65 81 45
10.725213906138094 48 65 29
11.989106707420724 48 67 33
11.760810238948098 62 80 47
11.390453009268164 48 68 30
11.544784803313867 51 68 34
13.556204129310506 49 66 32
11.309143347701726 49 69 34
11.723666768831713 51 68 34
12.256397963242172 48 68 31
