13.132749894342982 55 65 44
13.132749894342982 55 65 44
12.605438711521394 3 12 1
12.760375026846061 11 15 16
13.402820621005862 20 27 16
12.886565326781861 10 17 13
13.619683257349598 12 16 17
13.664997882407038 25 29 28
13.30016568134124 6 13 9
13.297537097784753 11 15 16
13.30016568134124 6 13 9
12.857774787018313 24 28 26
13.073515923719016 9 13 14
13.64123526002059 12 16 15
13.847297925495987 14 18 18
12.40705401285036 13 17 17
13.216410434256497 11 17 17
9.471733293830116 46 61 20
9.706266594122168 47 61 17
10.156764621770948 42 57 18
10.08643361382294 43 58 20
10.383378010230324 43 60 24
10.645029793129401 43 57 28
9.34731450168172 60 72 25
9.854696579237896 52 66 19
9.78219403471647 55 69 23
10.894093616816853 61 77 34
10.997205074766768 63 79 33
11.888821359681753 60 76 28
10.646589920568086 63 78 37
23.063342412157514 49 74 36
22.862530437557854 47 71 31
22.67012066714057 55 80 45
22.666849382330824 56 76 38
22.30535400294658 52 73 34
22.398150087411413 54 75 36
21.068410926439544 62 79 37
21.006390642295898 62 86 58
20.664651265736882 61 84 52
15.390559370462302 49 65 29
15.680355816188639 12 19 16
14.470300922892186 53 63 42
15.724976044550086 54 72 30
15.88329664736606 51 61 36
15.300600994411289 55 72 30
12.843947967587212 62 74 49
14.88968894652372 54 68 37
15.00683035545843 51 61 41
11.722272175296425 59 73 27
11.999497506801196 60 74 29
12.432385767813333 57 73 29
12.158010479419644 59 74 33
11.603910461830681 59 74 33
11.692875191720125 57 75 31
12.317665894028176 59 74 33
12.317665894028176 59 74 33
11.718333465598077 58 73 32
11.261245756572267 57 75 33
11.692875191720125 57 75 31
12.078725705758666 58 73 32
11.661137886218961 59 75 31
11.004209794993718 62 78 34
12.32084773601972 58 73 32
12.32084773601972 58 73 32
12.48188628853289 58 75 36
15.875013859817786 56 72 32
15.890687356314354 57 74 32
12.267029648946533 59 74 33
11.30289479747074 60 75 34
11.88753698613127 58 76 32
12.172139691469212 58 74 28
11.708408499788467 62 78 32
11.55414155522533 61 76 35
11.582186960377758 55 73 27
12.273749809730791 56 74 28
11.782596737282173 61 76 35
12.714027576642566 59 74 33
12.273749809730791 56 74 28
12.434292274148264 6 12 13
12.579994089002867 55 63 62
12.271479654154822 26 33 34
12.556300809325265 11 15 16
13.15913410553826 10 14 15
12.41616879636304 1 7 8
12.222832841671325 26 39 25
12.765957753058819 62 76 44
12.556300809325265 11 15 16
12.398814632795661 6 17 4
11.859980066867788 1 9 9
11.862927188121269 56 75 43
11.862927188121269 56 75 43
12.178923005073665 67 81 76
12.684627037036487 0 4 5
12.529755255721673 42 51 49
11.981759497635247 52 71 41
12.730524100767077 7 11 10
13.038264056079164 10 14 15
11.981759497635247 52 71 41
12.222832841671325 26 39 25
15.021245982305453 58 71 70
12.98698599157234 75 85 85
11.406944817169265 57 75 43
11.964435643351631 57 69 53
13.27337556073228 60 73 52
11.054265507903368 57 75 45
12.088981738647265 57 73 46
11.66338483864284 62 76 57
11.362369358554108 57 73 25
12.515352083385388 57 72 38
12.408047104682097 59 84 52
12.3879680878378 57 81 49
12.3879680878378 57 81 49
13.5968626400841 58 72 42
11.27192084248903 58 79 44
14.76941808155114 56 64 58
15.112125805123036 55 67 59
14.811215532943597 72 89 73
12.680423973216172 56 80 52
13.433547205318732 58 81 55
14.319094453963423 63 81 61
12.273182330120049 57 77 35
12.095372788193934 68 89 47
12.246023079448838 71 92 51
12.129779968073946 72 93 52
12.441808568327165 62 82 44
11.928986580769433 67 91 53
12.441808568327165 62 82 44
12.051798686276715 62 77 39
12.304124664403767 61 79 40
12.047856567662704 61 79 39
11.61147569540997 64 84 56
11.707561817360274 61 81 50
12.331373115787079 63 83 50
12.661753695490313 60 80 45
11.939764008081712 61 80 42
11.618459788200624 57 78 43
12.061777955871884 57 78 42
12.051798686276715 62 77 39
11.88798752656725 61 80 48
12.73675794484981 62 80 40
11.799544217140367 57 78 43
11.78531306968411 57 79 44
12.391459779692777 60 83 52
12.495645592686824 61 82 51
12.821146386351316 61 84 52
12.637662580425314 59 82 49
13.526199396883397 58 81 53
12.982451027644505 59 82 48
12.77853793464798 60 84 54
13.201772265899816 60 84 53
19.432917447290393 64 85 50
19.347012216824997 63 84 49
11.768913972223748 58 78 44
11.96175620674501 58 76 46
13.805081804628934 0 3 0
12.315026878314237 59 76 48
12.131034886063103 66 83 60
11.740835424020851 57 73 49
14.556616179093067 71 77 73
11.216688154805583 56 76 33
11.356961476277457 56 74 28
12.061444920919396 54 72 26
12.611628214335001 60 80 35
12.052043294879592 56 72 24
12.202548017376245 54 72 24
12.202548017376245 54 72 24
13.499834793217563 1 8 9
13.0537046658487 11 15 16
13.325377529912407 18 22 21
13.038161359534211 12 16 17
12.652508738508104 10 14 13
13.740526969892906 2 8 2
10.244233649755985 64 80 36
9.490168652596703 44 58 13
9.93835607927183 40 54 14
10.362749325385522 43 60 24
10.997205074766768 63 79 33
22.953074045750434 48 73 33
22.67012066714057 55 80 45
21.643741277111072 61 83 50
20.980807723870292 60 84 55
15.503916864102532 54 64 51
15.724976044550086 54 72 30
13.119964946812244 64 72 50
11.611864169362704 60 74 27
12.317665894028176 59 74 33
12.051595054335277 60 76 33
11.462631960152793 58 75 31
12.425517867746086 58 73 32
15.875013859817786 56 72 32
16.22290189395538 58 74 30
11.582186960377758 55 73 27
11.582186960377758 55 73 27
12.412439684762512 57 73 27
11.582186960377758 55 73 27
12.386393021813953 62 70 69
11.622697299209758 14 23 23
12.23747088714944 9 15 16
12.811563455112609 65 79 48
13.17718780915165 22 35 19
12.765957753058819 62 76 44
12.854288183003591 9 13 12
13.15913410553826 10 14 15
12.721174708209558 68 76 74
12.178923005073665 67 81 76
15.021245982305453 58 71 70
15.358335415765067 58 69 67
14.934689402683869 55 67 63
14.842723202488823 40 51 53
14.934689402683869 55 67 63
12.229767128336814 57 74 45
11.406944817169265 57 75 43
12.955034901958612 60 73 54
12.408047104682097 59 84 52
11.42621196515348 55 76 41
11.301539748375479 56 77 44
14.928972702653978 53 66 55
12.680423973216172 56 80 52
14.319094453963423 63 81 61
14.581961118943221 20 28 20
11.724640790048603 71 94 55
12.78181817719602 65 90 54
12.095372788193934 68 89 47
12.78181817719602 65 90 54
12.236303499789988 58 79 42
11.404388846490697 59 82 47
12.240184926647986 60 80 46
11.513866600781432 59 79 51
12.585642713129111 62 81 50
12.140949027530583 67 86 61
13.887514767757438 59 84 52
12.581867858270174 58 81 47
19.347012216824997 63 84 49
14.366382780371547 1 5 0
11.74440550311526 63 78 40
11.939651863010436 69 89 47
12.611628214335001 60 80 35
12.256521732812287 63 84 43
12.057728052929136 69 90 48
11.65452800612927 56 72 24
12.052043294879592 56 72 24
13.237448648924417 23 29 26
14.912875295717132 1 6 7
13.353999072151929 12 16 17
13.652711362377996 27 31 28
13.580093482778851 11 15 16
12.652508738508104 10 14 13
13.0537046658487 11 15 16
10.70920535550078 58 71 24
10.213345118522955 44 59 21
11.5874897303818 55 71 23
22.681226913104876 49 72 30
21.16881137068241 61 80 43
20.980807723870292 60 84 55
22.511136852876383 56 77 41
15.772665976142145 58 73 35
11.855733307788709 58 74 30
12.130482991740502 58 73 32
15.390559370462302 49 65 29
13.177191314936916 57 73 29
14.65918582979056 50 58 50
11.145647161220468 57 75 35
12.661009775721062 59 74 33
15.890687356314354 57 74 32
12.106706494703925 58 73 32
11.88753698613127 58 76 32
11.94726998659692 60 76 32
12.324923567476349 61 77 33
12.684627037036487 0 4 5
13.02548916444435 1 4 5
11.859980066867788 1 9 9
12.382557425317016 9 15 16
11.978841612401716 44 58 50
11.978841612401716 44 58 50
12.429569952446784 11 15 16
11.24206899816768 57 72 48
11.356072860965723 58 72 51
12.300245135985941 59 71 56
15.303778120183765 82 95 83
13.433547205318732 58 81 55
11.981856421858604 65 85 54
12.331373115787079 63 83 50
11.608099412385265 61 81 47
13.289937191065471 60 84 54
13.072095251602608 61 84 51
12.212053063784273 58 81 48
12.56852255522456 56 79 44
12.753001152072232 64 86 54
12.650934948788006 60 83 51
13.691455354744829 60 83 53
19.6503475826746 60 83 48
19.51421946491065 60 81 44
12.315026878314237 59 76 48
11.457353140666632 58 74 48
14.288188069518833 1 5 0
11.356961476277457 56 74 28
10.092672675307208 47 62 22
11.71235054712297 61 76 35
21.14693192683644 62 80 37
20.392678370509024 61 83 50
22.64641728821565 56 79 43
14.88968894652372 54 68 37
11.492365402395809 58 73 32
12.130482991740502 58 73 32
12.931852809419839 54 69 30
11.999497506801196 60 74 29
12.934552136655961 63 77 53
11.928986580769433 67 91 53
11.542396678220205 54 73 44
12.296854715331078 60 83 52
12.051798686276715 62 77 39
11.904695183892064 67 87 45
13.297537097784753 11 15 16
9.58358370491544 41 56 17
11.34436712760761 56 74 43
11.469823426611658 57 77 30
14.928972702653978 53 66 55
11.664494856867764 56 76 41
11.904695183892064 67 87 45
13.0153777403153 55 71 23
9.375104237110051 49 62 15
11.855733307788709 58 74 30
12.267029648946533 59 74 33
12.843947967587212 62 74 49
15.316862289545524 57 73 33
11.768913972223748 58 78 44
13.005402390688527 56 71 30
11.216688154805583 56 76 33
12.605438711521394 3 12 1
21.384224457740505 61 82 47
12.661009775721062 59 74 33
11.398260779014684 58 74 28
12.569183229767916 62 79 39
13.119624649194165 58 82 54
