17.69748326326878 72 84 67
16.553836876054053 60 78 36
16.29228758300894 59 77 34
16.32799553999896 62 81 40
16.658715197885243 59 77 34
16.223264744981687 58 76 34
16.89208790230908 59 77 35
15.972481386089646 60 78 36
9.393669866559527 48 64 5
8.928847086111073 50 67 8
9.034090812098867 57 74 16
9.167485115648747 46 63 7
8.677345431798948 55 71 11
9.303217945414522 57 74 13
8.487233993777274 58 74 12
8.970825312260699 59 75 13
8.99876939832747 56 73 15
9.143585419338322 59 76 17
8.74218343895855 55 72 14
9.48543951970174 60 77 20
9.828377104136738 52 67 28
9.713530810133753 62 78 31
9.989295371644952 44 58 20
9.27598243969033 59 75 25
9.713530810133753 62 78 31
8.9919310885146 58 74 23
9.567743010776663 62 78 31
9.936333923591421 53 68 28
9.512434816565742 56 72 24
10.92821781418885 52 62 35
10.592473557606121 46 58 26
10.715093108856763 49 59 30
10.48135811962412 71 86 57
10.23920466651687 48 61 25
10.10052945360569 66 81 42
10.060718259526729 69 83 54
10.30849217610692 69 83 50
10.25895432141725 71 87 55
10.151250836850524 71 85 56
10.48135811962412 71 86 57
8.380186218941317 59 76 23
8.398592241686 58 74 22
8.524675183378116 57 73 21
8.454647329206269 57 74 18
7.879961023008902 57 73 19
7.7757439698927024 58 75 17
8.715506318289549 62 78 26
9.089032346674413 57 73 21
8.960582343821558 60 77 19
7.325178468324094 78 95 65
10.820165683759635 70 86 51
10.791814544418598 69 84 46
10.413406709959782 74 95 65
10.399268633064427 74 93 57
10.399268633064427 74 93 57
10.413406709959782 74 95 65
9.11853960665033 77 98 67
10.929061898680638 73 89 53
9.413245861654282 77 97 68
11.047946336223653 73 92 58
9.413245861654282 77 97 68
11.189284082705704 76 95 62
10.118750110776492 68 84 45
19.89704721548583 50 64 67
13.11666878406289 32 40 24
12.984050481144514 32 42 31
13.791923663351893 38 45 32
10.109361242019329 74 88 63
10.109361242019329 74 88 63
10.167999323489877 67 80 53
8.986634256443672 71 88 56
8.663362307065578 67 87 48
8.741812087276571 74 93 64
9.821677252622854 71 87 60
8.663362307065578 67 87 48
9.430257345587286 67 86 52
8.267110814091538 74 93 63
9.300184725371873 73 89 62
8.885822723606074 74 92 61
9.469243408338885 67 87 52
9.872604545412637 65 85 49
9.502377897651362 75 89 62
8.844265280563876 72 89 59
9.29367476723597 52 68 16
9.40854427596159 49 66 10
9.584136236740601 53 69 17
10.06672459788436 54 69 19
9.599096538270338 57 73 19
9.319019011906805 60 76 17
8.727227393759062 60 74 22
9.010990208178407 59 74 21
9.129417245665692 58 73 16
8.512410199791871 54 71 15
9.964270232297459 62 77 22
8.38969427647606 55 72 16
9.207060225038989 61 76 19
8.561612568773837 63 79 31
9.122886189194766 59 73 30
9.04243436952129 69 83 42
9.889557810082502 62 74 28
7.444052921030139 77 98 67
7.303407871282545 78 97 67
7.444052921030139 77 98 67
9.328071155614891 71 89 48
9.373452955833855 76 91 51
8.322468109036057 70 85 44
9.156334710840527 70 89 49
10.448261247253026 69 89 52
9.656102756683717 69 87 49
9.76403202758806 71 91 56
9.856181789085687 69 89 50
9.390688487367756 69 86 47
8.726316935675653 65 82 40
9.321682011192864 69 89 51
8.56153598549021 68 86 45
8.555927620235767 65 83 41
9.03584325675706 68 86 46
9.419762645972089 73 96 65
10.204596190792797 80 101 70
9.724287632599882 76 95 65
10.808985962364265 76 95 65
9.737590309558787 81 102 71
9.433494759723422 78 95 65
10.088965184165552 77 97 69
10.144785164060584 79 98 68
9.737590309558787 81 102 71
10.808985962364265 76 95 65
10.69442770806537 71 91 58
10.489540853307364 69 86 49
10.497648577568228 71 91 55
10.170168259369946 73 94 62
12.890672398111837 63 79 31
11.779037996942092 61 76 24
12.624303536031878 63 84 34
13.161486430350333 65 83 38
12.8287429105229 72 93 46
12.903584281412124 70 91 44
13.054820180711816 76 98 56
12.903584281412124 70 91 44
13.279840834661197 76 96 54
12.03657870834814 78 99 68
13.14188223419095 77 98 67
13.197367228021065 74 97 58
13.124201275050224 75 96 61
13.474337738395889 76 97 57
13.124201275050224 75 96 61
13.197367228021065 74 97 58
8.23300263890888 78 99 68
10.12625267342229 76 97 64
10.694430085847305 76 101 67
12.091905929750466 79 99 68
10.139641704875114 71 92 57
11.214794830756633 77 97 64
11.074392785084274 71 92 56
12.598845672865778 77 97 66
10.563469381669693 70 90 53
11.734456346127851 78 98 66
12.543669182164107 80 101 70
11.180208925674659 81 102 71
10.190883749033826 78 101 68
10.768640818238243 78 99 67
10.884867860795604 80 101 70
11.004229759954391 80 101 70
11.180208925674659 81 102 71
10.74015366786444 73 93 61
12.034405397726108 80 101 70
10.44831230231234 79 102 69
10.51032044464899 77 98 65
10.195592801522247 80 99 69
9.961997155361816 80 103 70
10.591549262425177 71 91 52
10.279308950684626 71 89 55
10.498903812485079 69 89 51
10.311606591213145 71 91 54
9.799743837853756 70 90 53
10.173201765359272 70 90 53
9.683107544301052 68 88 51
10.006546870708355 70 90 53
10.603076510149348 73 93 53
10.47072588850811 74 92 57
9.53316893251264 74 94 59
10.786615508272064 75 95 55
11.35107791288858 80 94 69
10.44177382570402 72 86 59
10.387549907919505 67 83 59
10.126302840807913 71 87 60
10.798270883931622 78 92 63
10.849770608027983 81 95 69
10.22891714474785 73 90 56
8.872339928602633 73 92 62
9.256225202608219 77 96 66
9.682231876906224 71 88 57
10.105816898061075 76 93 64
9.487782759487683 72 89 59
9.940178697540537 79 99 66
9.26541220595801 74 93 60
9.731644429946156 77 93 61
10.25806389264867 75 93 63
9.731965451588293 78 99 64
10.542946337190418 75 96 63
10.542946337190418 75 96 63
10.578977098251642 72 91 59
9.9698562261739 71 90 58
10.303352471260716 72 92 53
10.396389507432318 70 91 52
16.223264744981687 58 76 34
9.452825065871629 47 63 3
8.60771275359125 52 69 11
8.970825312260699 59 75 13
8.465502483842604 56 72 12
9.812653357942741 63 78 37
10.334178570035764 63 78 37
9.27598243969033 59 75 25
8.9919310885146 58 74 23
9.537578574371091 66 80 38
9.828377104136738 52 67 28
10.616149959837728 49 62 27
9.919614220565842 44 57 21
10.411871945928963 68 78 55
10.278729818512247 61 76 38
10.471896572041919 71 85 57
9.86996971190093 69 84 54
10.39551637623598 64 75 47
10.39551637623598 64 75 47
10.307129526376706 67 79 52
8.578557094463019 61 77 25
7.784338740401601 55 72 16
8.064644787173576 55 71 18
8.130240187766145 78 95 65
9.484454070738126 72 88 59
9.832769447553266 76 95 65
10.929061898680638 73 89 53
10.072631556994793 68 86 41
9.90306168545123 71 90 50
10.413406709959782 74 95 65
10.480017946571435 71 84 58
9.93264043600443 64 83 49
8.844265280563876 72 89 59
9.724265784254344 70 87 55
9.872604545412637 65 85 49
9.007108516070524 73 90 56
9.387493135276163 73 88 60
9.899209041002344 60 75 22
8.899730826809066 62 74 25
9.40854427596159 49 66 10
9.297663579413062 51 67 14
9.569030938034967 59 74 21
9.718989103130856 62 78 29
8.38969427647606 55 72 16
8.731815862121135 69 86 44
8.655455533713058 68 85 44
9.724287632599882 76 95 65
9.09652417966159 70 85 44
8.149525544159385 71 89 48
9.935974897959465 71 90 50
10.373864282049798 77 99 68
10.280218206127904 68 89 52
10.872968926273215 70 90 56
9.737590309558787 81 102 71
9.322128869060283 75 94 66
9.61634546524692 77 94 64
9.740594239789484 68 86 46
10.200247383606966 74 94 62
10.608138913795475 68 85 48
10.01924964139595 73 96 65
9.691979484350636 71 88 50
10.238144273305155 74 91 55
12.890672398111837 63 79 31
13.367354194087799 57 76 25
13.054820180711816 76 98 56
12.417421043944248 75 96 63
12.417421043944248 75 96 63
12.03657870834814 78 99 68
13.054820180711816 76 98 56
12.8287429105229 72 93 46
13.402683867238872 75 95 54
13.124201275050224 75 96 61
13.124201275050224 75 96 61
10.305319482692319 67 88 52
11.674259992424359 79 98 68
10.804544254454104 69 90 56
11.058782822005796 76 101 67
10.884867860795604 80 101 70
9.696611260189705 78 99 66
11.67519550166356 80 101 70
10.74015366786444 73 93 61
10.136615253443155 77 93 62
10.404569819803452 72 92 53
10.279308950684626 71 89 55
9.542089301654027 73 90 54
10.311606591213145 71 91 54
10.590223033866105 69 89 52
9.73652080690174 75 92 64
10.214879294807513 69 86 58
9.459742017777275 70 89 60
10.35443438676629 68 84 60
9.905567672746894 79 98 68
9.284486659687884 70 89 60
9.409290354005767 75 92 56
9.10431623756516 71 90 59
9.94873413475075 77 94 60
9.812768684947404 76 96 62
10.021601455747945 76 90 59
15.932319729557586 51 63 69
10.262742119618563 72 91 59
15.972481386089646 60 78 36
16.658715197885243 59 77 34
15.972481386089646 60 78 36
9.512434816565742 56 72 24
9.567743010776663 62 78 31
8.420496434491941 60 76 23
8.229542949821472 56 72 20
10.30849217610692 69 83 50
10.90099397863828 72 88 50
10.964440043131397 71 90 51
10.276894099391551 72 89 55
8.751539116873719 71 90 58
9.34334855205489 67 87 50
9.856181789085687 69 89 50
10.071414463703597 79 98 68
9.203355558791346 68 86 47
9.433838884191081 60 75 30
10.757786383303973 71 93 60
10.247162333031705 77 98 65
7.444052921030139 77 98 67
9.445937808076987 71 89 49
12.28027156236678 78 98 67
13.345274234516834 73 96 58
10.726496001991812 76 95 64
13.054820180711816 76 98 56
12.543669182164107 80 101 70
9.865971230019245 79 102 71
10.522182896866608 76 97 61
12.856861297108306 64 83 37
13.143831842616603 60 78 29
10.92038917901791 74 95 63
13.345274234516834 73 96 58
9.391188863831557 79 100 67
10.002840742454 70 90 53
10.511868950708356 73 93 54
10.291185947466241 75 93 58
9.731965451588293 78 99 64
10.583513473013737 69 90 51
10.25806389264867 75 93 63
16.89208790230908 59 77 35
8.531950529719706 57 74 14
9.63915638466366 44 59 1
9.629880677265707 60 77 18
10.269081578491118 52 64 30
10.571562332532318 45 58 24
10.413406709959782 74 95 65
9.90306168545123 71 90 50
10.90099397863828 72 88 50
9.560029453579979 67 87 50
9.186467585416262 70 87 57
9.698891534306798 59 74 21
10.225239445681892 73 90 63
9.010990208178407 59 74 21
9.43780933248194 75 94 64
7.875699851694588 77 94 64
10.428159362036412 80 100 72
8.747043362361755 72 90 50
9.692731591179559 73 94 62
10.229883024350627 79 102 71
10.346415730646715 72 92 51
10.315201784198692 71 91 54
10.16817510326078 79 94 64
9.413616020453562 71 87 60
9.922730854417066 74 91 58
10.578977098251642 72 91 59
10.396389507432318 70 91 52
16.89208790230908 59 77 35
16.89208790230908 59 77 35
9.088973656199677 55 72 13
8.48429168301234 51 68 10
9.805727756344574 49 66 10
9.088973656199677 55 72 13
9.921449959041958 70 84 54
8.741812087276571 74 93 64
10.411529318509816 77 96 66
9.396713964060684 53 69 17
10.224069404919918 68 87 47
8.69540340385427 65 79 36
9.319019011906805 60 76 17
10.848223506243116 79 104 70
12.624303536031878 63 84 34
10.92038917901791 74 95 63
10.775138451650045 75 96 58
9.983037750818063 74 94 55
10.229883024350627 79 102 71
9.082144529989053 48 65 6
13.402683867238872 75 95 54
9.015104097495083 59 74 19
9.013142945696197 58 75 15
9.642378983504567 60 76 24
10.856685685976926 79 98 68
10.010754468655039 72 95 62
8.35801949082832 78 99 68
