10.419899952832644 1 9 9
11.492480277496592 0 8 8
12.537168143758594 0 8 8
13.21605609951865 9 26 29
14.23974031492933 7 24 30
13.826406257665182 9 26 31
12.950196829027139 8 21 25
12.700720142777943 6 19 23
11.80254773628051 4 19 23
12.024805890172706 3 19 23
12.70796893921704 10 24 29
12.562461507133353 8 18 20
12.927467726718348 8 17 19
12.645870209523062 9 17 20
12.740382220384209 9 17 20
12.766251153297823 7 21 26
14.328867757891778 8 15 17
18.196254513312226 0 11 8
18.196254513312226 0 11 8
13.80049649034649 9 25 28
15.268915671987987 24 38 38
13.940569532522012 7 21 20
14.129524464688053 5 19 16
13.95488389978434 1 7 6
14.274085855466117 9 26 28
14.49257079629464 1 7 6
13.064160818958456 6 20 24
12.441255041841764 5 19 24
13.570383062984673 3 17 16
14.02665119458117 4 18 17
14.354189888795446 5 19 18
14.88129078681464 10 25 27
14.634103725632881 11 26 29
15.041385173397678 23 38 36
13.541227567077073 20 34 34
12.824973934113252 6 21 24
13.155668119445263 6 21 23
13.771828162132017 6 22 27
13.625341291129645 1 9 7
14.07982856991045 0 8 6
14.406158273017086 0 8 6
14.133794599779185 18 32 32
12.898600350413403 10 24 26
13.426385425299141 2 17 15
14.13449465378305 6 18 23
12.907071144269262 6 20 23
12.774354495689101 7 21 24
14.316902504940586 10 24 27
14.703171252597203 5 19 23
13.026675411747025 10 22 21
14.031597410045936 7 21 23
13.780231233688518 6 18 18
13.7906326724614 8 22 25
14.417929078105882 15 29 28
14.250772999106996 2 15 12
13.942035529334627 1 15 12
13.699495550215747 5 17 14
13.664004341179496 5 16 18
13.874660696438777 7 20 24
13.77301592460618 5 18 22
13.99553441369247 0 9 7
13.753937878077037 0 8 6
13.455789759113301 1 9 7
15.35749872901503 1 9 11
13.10061119223716 0 8 8
15.000814360467809 2 8 9
24.07729249372055 1 8 11
14.365010512587482 0 8 18
14.938277630219199 11 17 19
15.288356711601255 11 17 19
14.105021729391176 5 18 20
14.089865272384133 4 17 21
13.825716732996753 2 13 15
14.20324454357955 4 16 19
14.942319336979065 1 9 7
13.76042326295 2 10 8
13.058430534237086 5 17 16
13.944987105996582 1 9 7
13.26488952875342 2 11 9
14.15737425535708 2 13 10
14.536833361217738 2 12 13
14.415505589314526 4 16 13
14.75889207725945 3 11 9
14.128269398659173 5 16 15
14.234361354743175 3 13 11
11.853037697006652 0 7 7
10.8479397658389 1 9 9
10.576868092975056 0 7 7
23.91589583830897 0 7 10
13.987471203040988 0 8 18
12.336800676470096 6 22 26
12.672967914988083 4 18 22
12.709001832981363 8 16 19
12.34988321762822 8 19 21
12.849562745376174 8 19 23
13.130566411293632 8 21 25
13.961273060067672 9 15 17
18.660091140492256 0 12 9
13.829820865141867 8 24 28
14.827136006968043 23 38 36
14.399660455852375 9 26 29
14.45202989975561 12 26 28
13.430094091187168 5 20 24
14.354189888795446 5 19 18
13.41521977206342 7 24 28
12.781880701776918 5 19 24
14.295306818919675 21 35 34
13.855550534379587 5 19 24
12.948734093680232 12 26 27
12.773579899638865 3 16 15
13.818312086825747 1 9 7
14.406158273017086 0 8 6
13.400136164152856 3 16 15
13.688850695089139 6 20 25
14.158683772144755 17 31 30
14.085458602058484 6 18 21
14.184864673734145 5 18 23
13.527445852362797 6 19 23
12.801886937181576 6 20 23
13.526714381531574 4 17 14
13.481930663384468 1 9 7
15.548577157784104 1 8 15
12.730277643011163 0 13 9
13.135345873529445 0 12 10
13.609804715290498 3 15 14
14.56569566335172 3 10 9
13.351358510002605 0 9 12
13.477303899697883 5 18 20
15.315692154579612 11 18 20
13.954909787046207 1 9 7
13.671277183578763 5 17 16
12.865207384305112 3 15 15
13.431248961055799 8 20 18
14.156914846919747 4 16 19
14.519498902230582 3 12 10
11.6620885538581 2 17 21
13.380719534536585 6 20 19
14.11162961609464 1 7 6
15.190412736686463 10 25 28
13.764124385709879 4 18 17
14.031597410045936 7 21 23
14.253859215329832 14 28 29
14.729135898122315 23 38 37
14.411033054809845 9 23 26
13.581849313814164 0 9 7
17.455980091456308 1 8 14
13.875903645173128 3 12 10
14.990823992190904 10 16 18
14.290536476580144 4 17 21
12.26688259885238 0 8 8
13.33692942070441 8 24 28
13.942035529334627 1 15 12
14.031597410045936 7 21 23
13.430094091187168 5 20 24
14.031597410045936 7 21 23
13.99553441369247 0 9 7
12.952829036154087 6 21 24
15.041385173397678 23 38 36
13.455210232234421 1 12 11
14.800598075672376 0 6 15
14.478469883027095 2 11 9
13.896137054041688 7 19 16
13.503855067002549 1 9 7
14.822812047264504 8 14 16
15.318390062891647 0 10 14
15.761840293171112 22 37 37
14.862281832008462 4 18 22
15.274319001908445 3 15 17
15.190412736686463 10 25 28
12.32443833712045 4 20 25
12.562461507133353 8 18 20
