19.17549255465231 15 25 5
21.046165271703938 36 48 18
19.51421997262434 68 83 48
17.350515459996235 0 6 0
17.270386197322747 63 80 42
17.963159909002503 69 84 49
17.976494338382587 82 93 61
17.354633459448376 3 10 1
17.80239779890995 65 78 40
17.9391604230482 64 78 46
17.409576557446172 6 14 1
17.67086911061099 64 79 46
17.468857231605952 65 79 43
17.402808690610307 74 85 51
16.484874417767244 55 66 29
11.262047085840235 38 48 5
10.54641521191719 29 39 3
10.204648742429836 31 42 5
10.951362778658943 34 45 9
10.016593245640095 10 17 6
11.820958608233452 35 46 7
12.220823108098053 25 37 2
17.743788915244078 64 84 45
11.22520328247106 25 36 0
10.821452346099994 24 35 0
13.938018109054124 58 73 34
12.24462932815103 37 51 9
13.392548923715163 53 67 28
14.023133369762103 50 64 23
13.555083451307812 42 56 15
14.657789013105411 52 68 22
13.997956873004616 46 60 17
11.207972330205578 32 43 6
11.670805369783928 35 50 5
12.091363599654377 30 44 4
12.021647208620783 37 49 10
14.030588121423998 56 72 26
13.598713913517573 56 72 28
12.926810571557581 46 59 18
13.598713913517573 56 72 28
13.536762833528163 54 70 24
12.598512247686951 47 63 18
17.165352512335343 50 65 25
13.626164295373856 52 70 28
14.077141726001178 48 63 22
12.843943339834658 51 71 29
13.115302289882832 55 75 35
13.791556805569616 46 64 22
13.282174996895742 46 65 16
13.445797449971 42 62 18
13.268115021760936 48 65 18
14.69334606525504 31 45 17
13.737316093448412 50 66 17
13.919940781834168 52 66 20
14.043390512706564 39 58 14
12.857275448413274 49 69 17
13.133548534131961 51 67 15
14.69334606525504 31 45 17
13.737316093448412 50 66 17
13.404088175373735 45 63 11
13.53097002689759 37 58 8
14.17192720397944 44 62 19
17.219746213262304 46 60 19
17.32966100079812 49 64 24
14.149698947339107 47 61 18
13.729472405843671 45 63 21
14.27704659943767 42 58 14
13.9824356752567 44 62 18
14.572877043303668 44 62 20
16.77876577486266 55 73 27
14.700031882859447 53 71 25
16.00746944696979 55 73 27
14.778920445922557 44 62 22
13.899027132244463 50 66 24
15.767656731216787 55 73 27
15.912720612721762 56 74 28
15.282239815180695 56 74 26
15.489356028775964 55 76 29
15.306863522093384 55 76 29
14.879027672178246 57 75 29
15.997297456315794 56 77 29
15.134725378401239 57 75 29
14.824486000103366 57 73 27
13.786855040134348 41 61 17
13.283722843973093 44 62 20
14.035383083914201 45 66 17
15.943378997816323 51 70 22
14.87559584466431 48 66 22
12.908599089575976 48 67 14
12.567142946910963 49 70 21
12.540682952207424 57 79 30
13.012970581041055 46 65 12
12.908599089575976 48 67 14
12.868344147465494 53 75 24
12.958644125361397 52 73 23
15.74375373531316 53 74 25
16.036218656234045 54 75 26
13.227399855056765 49 67 14
13.227399855056765 49 67 14
13.200705815899296 49 69 16
9.880620798359004 0 7 0
12.35231335386807 62 83 46
11.878876488479424 50 67 29
10.645167386478821 6 20 0
11.104338797312128 23 37 4
10.789114063332788 1 9 2
10.789114063332788 1 9 2
11.05535827280321 47 63 12
11.32317633262451 39 55 9
11.45115403242201 48 65 16
11.833999116477992 47 66 15
11.726699179752165 41 55 14
11.749474855036391 48 66 17
12.183732130493027 44 63 13
12.101103435111925 48 67 16
11.641395875612623 46 62 9
12.780896320752497 47 67 20
11.641395875612623 46 62 9
12.183732130493027 44 63 13
12.52882237339208 50 71 23
12.448484477384364 49 70 24
13.337142579961665 53 74 28
11.006097341439345 45 67 15
10.69459383490597 50 72 28
11.24192873015744 50 71 26
10.763498508270324 44 65 17
11.663711280010954 47 69 18
11.663711280010954 47 69 18
12.03924909109122 52 76 31
12.137686739043627 50 71 22
12.347062521423412 45 64 15
12.002917654059114 49 69 19
11.419958723258985 47 68 16
12.513915999659169 52 73 26
12.250577802310161 48 68 17
11.987357331482185 49 70 19
11.902810088894185 49 69 29
11.780021471884705 62 82 45
11.702912738458831 56 76 33
12.801280130460741 41 63 20
14.416827029268951 41 58 25
11.581693147174349 63 86 51
10.848783433876308 66 89 54
11.710120435393353 64 87 52
19.716668708842153 29 42 6
19.85357889726289 28 43 7
19.339982621664028 28 41 4
18.94044351893336 26 41 3
11.3490690552835 61 82 49
11.990427154364925 55 76 41
11.89049193120228 57 78 45
11.82474996996228 57 77 40
12.136798398674648 57 79 43
11.408341862073843 56 77 41
11.331102913479118 57 78 40
11.608341790854531 55 75 30
12.538822397153572 54 73 28
12.13875107407487 64 87 47
11.410419199583721 59 82 41
12.647031779670272 58 78 37
11.522162271623772 60 80 37
10.948914941707045 61 84 46
10.82404808527921 61 84 45
11.77909057834981 50 70 23
11.731516735976504 59 80 42
10.883073807713393 62 86 46
11.283153682238126 62 85 48
12.589811184408637 50 70 22
12.542573748505578 49 69 20
12.030808392316734 50 69 18
19.128677893395892 31 45 16
20.13282176658876 36 50 21
19.69550563528703 34 47 14
19.804844612849557 34 48 21
19.519348352222384 38 51 16
19.879825686911467 26 39 8
19.529247427219307 35 50 16
19.876432707205257 27 42 6
19.069566928174364 25 40 3
19.715121916587623 28 43 9
20.537685448139193 27 40 3
19.573931513794843 12 25 0
20.055857923630313 28 42 3
19.63324596434717 26 39 3
11.509766887497555 57 80 43
11.69877253316263 60 81 45
11.45605514479112 60 81 45
11.296951809152318 52 76 31
12.466909636557164 63 89 47
12.09064420457865 58 83 41
12.642977360227565 54 78 33
12.706886158040925 58 84 42
12.848542140476379 59 86 44
11.614749189285604 55 79 37
12.497611834348266 57 81 40
12.403154931342923 54 78 36
12.141548978847442 60 87 45
12.61880474691586 54 76 28
13.135776840146892 70 95 54
12.61880474691586 54 76 28
12.841161648787919 50 75 27
12.85408919217755 49 71 23
12.379316693640535 71 95 51
12.379584245110083 73 98 56
12.513582746019212 67 94 53
12.894347635752892 59 87 52
13.412094551330581 60 88 52
13.198355347655781 60 86 42
13.199108179115187 67 92 52
13.348781202891276 57 83 36
13.199108179115187 67 92 52
12.249370142136279 60 85 47
11.216213250698797 59 83 47
11.999143794888347 66 90 51
12.398181012104384 58 83 46
11.70860121949597 61 85 48
12.85589277035124 65 89 51
11.696731789479474 58 81 46
11.538878239463909 59 83 46
13.150985770387926 62 87 46
12.24688025950846 66 90 52
12.569514722974333 62 86 49
11.05395787323692 59 84 46
12.249370142136279 60 85 47
12.449479775487646 59 84 49
13.560638057781867 58 85 51
12.751588203127119 60 86 49
12.595663774878695 59 86 52
12.98497693422908 60 85 48
13.14016721698976 59 84 48
12.766995377167113 59 84 46
19.78132371410477 56 84 42
19.932238800543033 57 82 41
13.294345984869484 55 72 33
11.91296776548414 58 78 43
13.191698666855459 50 70 27
12.109398103529482 56 77 40
13.191698666855459 50 70 27
11.790565852730653 55 76 37
11.557681438375935 59 80 43
11.88276396858765 58 79 42
14.403644708685544 51 66 23
12.144320144646148 59 81 47
11.758017581702207 59 78 45
11.772134637429707 58 79 46
11.569979795724493 58 81 46
12.04033632835551 55 78 40
12.789308414098874 52 74 28
11.619685932425186 65 89 49
12.632222052800955 62 84 37
12.789308414098874 52 74 28
12.435053525821855 67 88 47
12.553073658335686 68 90 46
21.290059296152755 12 22 1
17.53510481541883 9 16 3
17.24583741368922 38 49 21
16.66201718496177 32 42 19
17.520608216963083 63 81 45
17.81135298903839 63 80 45
17.55215189329675 8 16 0
11.508629758208293 34 41 9
18.442432692582596 66 83 45
10.725493639467642 36 47 9
12.456503590809758 38 51 13
13.436707163731809 55 72 27
13.176892387408142 54 71 25
11.458608809325886 21 35 0
14.1151451898611 50 64 22
13.912687587978192 51 66 25
11.167392785267173 29 40 3
13.454917854980781 41 55 12
13.665589965980848 49 64 17
13.324514481996918 47 66 24
13.685623237387098 46 64 11
13.724979151198454 42 61 14
15.07234876006545 10 23 1
14.82977713858219 42 62 18
15.041977620329698 49 65 28
14.187658690403405 46 62 12
17.282854830738987 49 64 23
13.924382503741628 49 64 23
14.472530494170673 45 61 17
14.092334831323878 70 84 41
14.149698947339107 47 61 18
15.767656731216787 55 73 27
14.778920445922557 44 62 22
14.967851176741872 45 63 21
14.331506855518596 54 75 28
16.577941136353296 55 76 28
16.233718157219347 56 77 28
15.820665175764972 56 74 27
14.824486000103366 57 73 27
16.150379456864947 56 74 27
14.720279068758794 54 75 26
15.134725378401239 57 75 29
13.952053678296643 46 67 18
13.76274024158597 44 62 20
16.305188051594396 53 71 25
12.207041048231812 52 71 19
12.207041048231812 52 71 19
12.739692067913088 54 72 24
12.435375134499651 47 68 17
12.950316589200597 49 67 18
13.161344334076409 49 70 21
11.924752596776703 61 81 44
11.601761385145494 27 41 11
10.40236017956298 0 7 0
11.45115403242201 48 65 16
12.101103435111925 48 67 16
12.183732130493027 44 63 13
12.780896320752497 47 67 20
11.641680386141047 40 57 10
12.35279196644205 53 74 28
11.006097341439345 45 67 15
11.347285237965687 47 68 22
11.803254428115366 51 72 23
12.03924909109122 52 76 31
12.687711154670115 50 71 22
12.65799341242685 51 74 27
12.448485483957977 46 67 26
11.413962149032299 61 84 49
11.010642955859538 59 84 47
20.163113351067278 28 43 7
11.553896978161479 59 79 41
11.800377374815623 56 76 39
12.227840768913078 59 80 47
11.254558050749361 59 82 47
11.416633686330824 57 78 45
11.607155969745948 57 78 43
11.2653764300886 59 82 47
19.832535262003905 33 47 9
11.95990930993096 57 79 39
11.650856058540485 63 87 49
12.8256275237795 51 69 18
11.83335448912535 63 86 51
12.306602813174745 65 88 53
19.65450297534304 29 42 9
19.641233414724674 29 44 10
19.889545352273142 24 37 4
19.241382818615566 25 38 3
12.0200398537137 58 79 44
11.173837948634743 60 83 46
10.919458558013057 61 84 46
12.023460316378394 54 78 34
11.565007050404482 60 86 48
12.207811705117594 60 88 51
12.466909636557164 63 89 47
12.642977360227565 54 78 33
12.641613064171326 61 85 45
12.768865070485596 59 84 47
12.005938419564758 61 86 47
11.891618364437234 60 89 49
12.468293048893324 58 83 43
12.403154931342923 54 78 36
12.460366381535827 70 95 54
12.61880474691586 54 76 28
13.286163331557288 58 83 31
13.059173362575788 75 100 59
13.337078239760798 65 93 53
13.412094551330581 60 88 52
13.1226220003216 68 93 52
11.17170131513948 58 83 46
12.262921566625701 61 86 46
12.606949598228937 62 87 49
12.262921566625701 61 86 46
12.543059731610962 61 85 46
12.449479775487646 59 84 49
13.048786350920789 59 86 52
12.280885914108566 58 79 44
11.31193709887013 57 78 42
14.403644708685544 51 66 23
12.673227029808274 51 72 26
13.021512409494134 49 70 22
12.43478716784988 65 85 42
17.568705378119123 57 75 35
17.003371079775654 66 83 46
17.572395280289125 61 76 37
13.436707163731809 55 72 27
13.697586236596731 51 65 20
12.157899848283897 39 53 14
13.222416769929103 30 44 3
14.186307227724077 46 64 20
13.34812883719115 42 60 16
13.558530256033263 45 64 20
12.358548713028899 51 69 16
14.413817228251492 43 56 24
13.240200439420857 49 68 14
14.644823592481371 54 72 26
14.178614116321635 43 63 19
12.739692067913088 54 72 24
17.11430922786474 49 64 23
16.233718157219347 56 77 28
12.474009194238231 52 74 25
10.805288427035324 44 66 16
12.418460973434309 52 75 30
11.063379139814147 16 28 4
12.347062521423412 45 64 15
12.702152828615084 47 66 19
11.275440255466098 48 65 10
11.601761385145494 27 41 11
12.10082972638435 48 66 13
11.05535827280321 47 63 12
11.340816363847626 19 34 0
11.262669014193484 62 85 50
10.875288854058613 65 88 53
11.607155969745948 57 78 43
11.453089780190215 64 88 51
11.77909057834981 50 70 23
20.766870135303922 38 52 26
19.83749977319415 30 44 17
19.411705233788947 27 41 10
18.947251405285044 39 53 22
20.201867524469154 29 42 10
20.161894664300444 24 37 3
19.26657325685225 31 41 10
19.301719222969176 13 28 0
19.90418157736015 25 38 2
13.348781202891276 57 83 36
13.135020378863064 66 89 42
12.703649709384768 58 83 46
11.45605514479112 60 81 45
11.696731789479474 58 81 46
12.593505366727733 65 93 52
12.766995377167113 59 84 46
12.459568913935856 65 88 40
12.460366381535827 70 95 54
12.432627327313265 54 77 34
19.932238800543033 57 82 41
11.30174943517803 56 77 38
11.341556249008905 59 79 44
11.641832158355442 57 80 45
12.673227029808274 51 72 26
12.553337506493314 70 92 51
12.51468368075652 57 78 32
12.095660544188192 67 91 50
17.257040681343604 0 7 0
18.0538274948791 62 77 38
11.672672128492668 26 37 2
11.460799132931504 38 46 12
11.69765377713252 27 34 2
11.141347809041081 21 30 0
17.008740825885315 68 79 44
13.416795954591743 55 71 27
14.458424185279348 69 84 45
13.218187384495925 49 65 14
13.957185766659874 50 68 24
14.307372987009218 44 62 20
14.205151015559604 45 63 20
15.73341124767174 54 75 26
10.3025666492717 14 20 6
12.448218406798176 49 68 21
10.805288427035324 44 66 16
13.261702300907526 52 73 28
11.709923329976348 50 68 20
11.780021471884705 62 82 45
13.308627121654212 50 68 25
12.132375599200236 54 75 40
11.378881529479491 61 83 41
12.45908067987725 57 77 34
12.930924891387276 50 69 21
20.60479124691487 36 50 28
19.628256726727074 23 38 2
12.831888801346508 59 85 50
12.244986979512246 49 71 23
12.593505366727733 65 93 52
11.225018524533693 51 73 28
13.122874397160668 71 96 56
13.05891973455226 74 98 54
12.620117061360357 65 90 51
11.633985542269345 56 79 42
12.962138634017146 55 71 25
14.657789013105411 52 68 22
13.87582340344353 53 71 25
11.870406336207918 30 41 3
13.486098867022278 45 63 21
13.685623237387098 46 64 11
14.056675051727593 43 62 21
10.602433991868839 1 14 0
12.52882237339208 50 71 23
12.183732130493027 44 63 13
12.179786795128889 59 80 43
11.227720907009619 56 77 38
11.954720004748177 58 79 46
12.759883110054515 52 75 40
12.029330718665825 64 88 51
12.239434487912282 60 86 44
12.141548978847442 60 87 45
19.114757715537557 71 85 52
11.533618884616397 32 41 8
12.816600887842611 49 70 20
11.441580462427275 60 83 42
11.588732531182128 57 78 42
11.831011264049957 67 91 51
12.398181012104384 58 83 46
12.114693158613592 59 84 46
11.68019646996036 59 84 46
12.341205206932157 54 75 38
12.246395461335721 56 78 28
12.257915792402878 22 33 1
13.650763005237469 59 79 39
10.761473122512145 26 36 2
10.763498508270324 44 65 17
21.540319084962498 13 23 1
12.767350033303149 49 68 16
12.189539373844188 40 60 16
11.726699179752165 41 55 14
12.842967042417232 61 86 48
11.7908322627595 64 88 49
