14.43066909257552 8 22 0
15.484469873804777 30 45 7
15.023864366349853 42 57 18
13.448156346868284 38 54 9
13.989954310414712 32 52 8
13.196284250494413 30 50 8
12.897808582314468 31 51 10
13.014177141532661 38 55 8
13.562093120667953 32 52 8
13.989954310414712 32 52 8
13.444266271583285 40 56 10
13.932974717958567 36 55 9
11.72448352940141 39 57 13
12.521044790207423 28 48 9
12.449422108859444 40 58 16
12.546362311718646 41 59 20
10.659951589132657 36 54 11
13.669499999591352 43 61 17
13.381583555207726 48 66 22
13.835585804529435 43 61 16
13.721771967321114 38 58 14
14.150431765457501 38 58 14
13.87250040025397 42 62 19
13.065608379846509 34 54 10
13.663674059598357 41 58 12
13.246725683307076 42 60 15
13.240713723092888 40 58 10
12.765444715012176 46 63 22
13.426452523999325 47 65 21
13.418572173410626 48 66 21
12.62318370911431 47 65 21
12.842183246694978 35 55 13
12.631560282096062 46 64 22
13.018827706723888 50 68 24
13.043179040245333 47 65 23
12.718799603987971 45 63 22
13.043179040245333 47 65 23
10.435023890300624 38 53 14
11.323565340565787 36 50 19
10.851162556860723 36 51 11
10.430576324543287 32 49 11
14.046387705881555 37 50 29
12.675423581301214 43 58 22
13.072027814061014 41 56 22
13.135525484877226 41 56 18
13.561766797652133 39 54 20
13.312947355153003 43 58 22
12.602042329270269 48 63 25
12.878473448784007 43 58 20
13.31839611906734 45 60 22
14.163180974715234 40 53 7
14.305523482096921 41 53 8
12.571460716060063 40 56 10
13.268318119062114 41 55 10
12.976836311094162 41 55 8
14.043368770081303 40 54 9
14.492325245000096 39 53 9
13.938843064879375 37 51 8
13.518688425820846 41 55 8
13.364747286211601 43 57 12
13.632956106590346 42 56 11
13.462428499875486 43 57 11
13.393111955194797 42 56 11
12.648688381059536 39 57 10
12.867552897532 41 58 13
12.353535075075062 41 57 10
12.353535075075062 41 57 10
12.881654047010407 40 58 12
12.58204278425902 44 62 17
12.921551182447113 42 58 14
12.980955870140228 44 60 16
12.591962598293364 41 59 13
12.790113214923457 42 58 14
12.980955870140228 44 60 16
12.736071102994007 42 57 14
13.097125229464242 43 58 16
19.66415533759362 46 64 24
13.342291168914954 45 60 18
12.763271512685687 42 59 15
11.922929816744997 49 67 27
12.862679709937488 44 59 15
13.16799994479597 48 63 21
13.849374911162169 43 59 15
13.68154502751677 44 61 17
13.292462206090946 41 57 11
12.760408231341122 43 58 15
13.559767906148577 46 65 25
14.76572203112682 50 67 29
13.671536606063416 47 67 29
14.458769694349678 47 67 30
13.064401641980748 45 64 20
13.072495495090719 47 65 21
13.276124956124569 46 64 20
13.988205424249868 52 68 29
13.315901579747534 49 66 24
13.906579648884524 57 76 43
13.01657139098026 50 70 32
12.573939265032896 47 67 28
13.585319217251836 56 76 40
12.784571338338258 56 76 39
13.523972592812978 50 69 37
12.955856868182881 54 74 37
13.643750780150253 49 69 33
13.040926937722617 53 73 38
13.367358994392973 50 69 36
13.276414804932202 50 70 35
19.532308220923323 52 69 31
11.264734684932744 37 58 12
11.430228002731358 37 58 11
11.432515863479699 35 57 9
11.527418620557162 42 60 15
11.213653573703354 37 58 11
12.06901539378479 43 62 19
12.062416471981361 41 59 13
11.26096592776619 39 59 15
11.31039290015528 40 60 17
10.465605197047152 39 60 19
10.645061950701955 38 59 16
10.59099253532858 39 59 16
10.410603781220548 41 61 20
10.334590824116805 45 67 32
10.441039972536124 46 68 35
11.000950042268572 40 60 17
13.505654810172807 49 68 40
14.132082665294575 45 66 31
13.325033546930847 43 63 23
12.989397974143962 47 65 24
12.772922772139939 46 67 32
13.758880680307465 48 69 34
12.700694813951365 44 62 22
14.49458476132963 55 71 33
14.208498836864901 53 70 32
13.24836582236877 41 56 17
14.307812498538286 56 72 34
13.329077419935022 44 64 24
13.043761269406469 41 59 17
14.189221598921053 54 74 37
13.631192639308358 53 72 37
14.140527595293149 53 73 36
14.497105534534294 56 76 40
13.547131913718886 50 65 24
13.349596790934369 43 58 20
13.52400406216109 39 54 16
13.24836582236877 41 56 17
12.700694813951365 44 62 22
13.577806979915346 53 68 30
15.196436683403675 58 78 43
15.52878733445966 57 77 43
15.486451739236434 44 61 33
13.96366694844115 59 78 44
14.608459571746211 52 70 37
14.608459571746211 52 70 37
15.486451739236434 44 61 33
14.415826509192074 59 78 46
14.765757757368998 58 78 44
15.63491920547268 41 60 33
14.360536787561472 56 75 43
14.103615430794006 57 76 46
15.011164666077264 43 59 36
15.401612785086499 44 61 24
14.51849096736242 52 72 39
15.109969450092795 54 74 39
14.047096892365778 55 74 44
15.089237209626818 40 56 33
10.928788227450145 50 67 49
11.5315715521511 42 60 45
14.572247770239601 48 67 41
13.597508910339599 43 59 40
13.57222521084661 50 69 41
14.132582707604923 50 69 39
18.0026881728004 20 33 0
13.283220477204775 35 53 8
12.769669429393682 38 54 8
13.562093120667953 32 52 8
13.281251427171362 35 53 7
10.7631833622228 34 52 9
12.457915517884048 41 59 17
11.715458412927216 33 53 14
14.022969800746564 42 60 15
13.381583555207726 48 66 22
13.835585804529435 43 61 16
13.87250040025397 42 62 19
13.485048422859006 48 66 21
12.718799603987971 45 63 22
13.522919942357207 47 66 23
13.16352257760755 50 68 25
12.599405960832218 46 64 20
12.949958419374923 49 67 22
13.203638425906437 47 64 25
12.958123755764847 48 66 23
13.763942585148094 41 56 21
13.006464814783845 47 62 24
13.344160767062592 40 56 18
12.976836311094162 41 55 8
13.143129698616194 41 57 10
13.462428499875486 43 57 11
12.353535075075062 41 57 10
12.591962598293364 41 59 13
13.044355115000055 42 57 16
12.790113214923457 42 58 14
12.921551182447113 42 58 14
12.736071102994007 42 57 14
13.128060552520354 42 58 13
12.245191187108881 45 63 22
12.638558422647387 42 60 17
12.892954736687933 49 66 24
12.80204672833833 47 66 27
19.67992673337406 52 69 31
13.132670789173519 44 63 19
12.778853679143078 45 64 20
13.434575421596929 45 65 26
13.15681141748809 48 66 22
14.506395485587914 46 66 27
13.988205424249868 52 68 29
14.622414263531384 49 67 27
13.75432329577109 56 76 41
13.488527982870211 50 70 33
13.343599284542574 50 67 31
14.7142309163728 54 74 39
13.284379484146063 51 71 36
11.262412740955462 38 59 14
11.21598561185422 37 58 10
11.649611124398323 41 60 16
11.534323624966266 46 64 22
10.99371003804457 39 60 14
10.379809263499896 41 61 21
10.640811243240574 48 68 40
10.324350792942935 45 65 27
13.466438683655548 44 63 21
13.678276549652011 47 68 33
13.911087153098993 50 69 38
13.265730867132357 44 65 29
12.842741449428667 47 65 27
14.21011290120164 47 67 37
13.114671179635254 38 51 28
14.544605796977297 54 74 38
14.497105534534294 56 76 40
12.987961259072641 39 56 20
13.201697464969454 48 65 29
13.329077419935022 44 64 24
14.017915333142463 52 69 31
13.27197401209255 54 69 30
13.529367826201723 52 69 31
13.070281005796488 51 66 28
14.765757757368998 58 78 44
14.933121849618788 47 66 28
13.751704726954197 53 72 41
14.128145870458269 58 77 45
14.643652721677205 58 77 46
14.254667405911848 60 79 47
14.103615430794006 57 76 46
15.444180942637114 56 76 42
15.02060715369127 47 65 34
14.923811164260924 55 75 40
15.02060715369127 47 65 34
14.110642582091275 36 49 28
10.843880593170223 40 56 39
10.928788227450145 50 67 49
13.140802881125145 51 70 42
14.029462151625756 47 66 41
12.939131093140764 39 55 9
10.503405127646763 33 51 11
13.014177141532661 38 55 8
13.611178976216918 40 58 12
12.842183246694978 35 55 13
12.883299716011518 46 62 25
13.62479294377255 48 66 21
13.866440595314659 38 52 23
10.548569839024129 35 52 9
13.531055368217316 40 54 27
14.492325245000096 39 53 9
12.867552897532 41 58 13
12.648688381059536 39 57 10
12.41565782361279 41 59 13
13.492366198871705 45 63 19
12.887833503686592 43 61 15
13.68154502751677 44 61 17
12.862679709937488 44 59 15
13.041052120530646 42 57 13
13.147197151189417 45 63 19
13.15681141748809 48 66 22
13.62099204393319 47 67 30
13.040926937722617 53 73 38
13.739448549370893 57 77 42
12.947690102202156 52 72 35
13.367358994392973 50 69 36
12.697783905031706 54 74 37
11.094725244896596 44 62 19
10.099717586502456 45 66 27
11.432515863479699 35 57 9
14.21011290120164 47 67 37
13.25775498464994 43 64 28
11.298228194129853 45 62 47
13.948777386925913 57 72 34
14.372523982892307 41 54 35
15.295606418904935 42 58 39
13.754595656724156 59 74 36
14.608459571746211 52 70 37
15.17363339333993 46 65 37
15.023864366349853 42 57 18
14.696270121324854 12 26 0
12.599405960832218 46 64 20
12.69382600904357 38 57 15
15.013121218219824 37 51 28
12.347259402767444 46 61 25
12.923738587378557 45 60 24
15.291041259531323 40 52 8
12.580135687456231 42 56 12
13.585439383767076 43 58 17
13.161291067760335 48 68 29
14.040383455079777 47 62 21
19.516417533635355 48 67 27
13.292462206090946 41 57 11
10.410603781220548 41 61 20
11.531200937378467 42 62 21
15.175822569414345 42 55 33
13.651053302197823 40 54 29
13.896850771923466 50 70 33
12.987961259072641 39 56 20
13.846888866957753 47 62 23
12.713093858817054 41 58 20
12.671425114492946 27 47 7
13.662277100147852 45 65 23
13.36033585391241 33 53 9
12.787128276478908 47 65 22
13.94675074975238 45 60 19
12.76950825750236 49 67 25
14.405987620072777 55 74 44
13.597508910339599 43 59 40
14.1448039122846 36 57 11
12.767621178657388 39 55 9
12.671425114492946 27 47 7
13.526705709425537 41 55 29
11.694316861280104 41 62 19
13.46708466464091 41 57 8
13.320200997682905 41 55 10
13.225512397873644 43 59 15
10.8608275318784 38 59 14
12.481308102269477 43 58 19
14.814827622574635 50 70 33
11.323565340565787 36 50 19
11.649611124398323 41 60 16
13.869516341856643 50 70 35
13.291680736407692 41 55 10
13.758880680307465 48 69 34
13.114671179635254 38 51 28
