7.387890396540477 50 65 19
6.978799062443781 56 74 28
8.241763088981854 56 74 30
7.194570774844017 55 70 29
7.3071702524075395 46 62 17
8.405667774415607 29 44 3
7.346387770927033 48 64 18
8.028259423931384 43 59 14
7.483732245887637 54 70 22
7.964394022459074 42 60 14
7.677462398808213 21 36 0
7.626693342861732 21 37 0
8.52853236134608 22 37 1
8.381251978753323 31 46 7
7.103466524174477 56 74 30
7.754286567493467 54 72 26
10.214009899938164 59 77 29
8.963251924170313 62 80 33
9.663909867458525 56 74 26
8.776334222771617 38 53 11
8.919451790046068 41 57 13
9.695855226171904 59 77 31
8.954053544371888 54 72 23
9.556106108196541 59 80 32
10.846282353985874 61 79 35
11.47726960987431 61 79 35
10.004773128974191 64 81 31
11.865032093001847 61 79 33
10.797711425675624 59 77 33
11.071749122072443 61 79 35
10.729222081179774 59 80 33
9.582337607864122 60 78 34
10.086736868074933 61 79 35
9.842733680810456 60 80 36
12.098528169002707 58 76 32
12.22777465166023 59 77 33
11.578041750527081 59 77 33
11.856503920298676 59 77 32
11.578041750527081 59 77 33
11.825766335466056 59 77 33
11.468453092803689 59 77 33
12.292368349800116 60 78 33
9.393485521799924 49 66 28
10.6043114900014 45 63 20
6.961644917025583 55 73 29
6.849175205858938 52 68 22
6.566966798245881 58 74 26
6.622158916869889 55 73 29
6.961644917025583 55 73 29
6.33902715008677 58 74 28
6.367917771619477 56 74 28
7.045950899182648 56 74 30
7.045950899182648 56 74 30
12.534195456305959 58 79 42
19.865336250665706 64 70 65
11.010662423222435 52 72 35
10.99819965571664 55 73 45
11.395007601078259 54 74 38
11.841170118075377 58 78 43
12.672033037432124 59 80 46
11.48112828041622 49 68 33
11.535864254559465 59 78 46
11.145413997481443 62 81 51
13.289742523806975 63 86 54
19.768570877346626 42 50 48
19.768570877346626 42 50 48
9.738681385902236 60 78 34
10.436515152167592 62 80 36
10.426818650265183 60 78 36
10.088790951142029 60 78 34
8.653956140642588 63 81 37
9.97904812594565 58 76 32
8.576217689790832 65 85 43
8.55694065501353 63 84 38
8.55694065501353 63 84 38
10.716970920410475 70 91 52
10.779281642596047 57 77 33
11.18170302728178 64 87 51
11.042437922068519 60 84 53
10.934489491306223 61 85 45
11.042437922068519 60 84 53
11.30682515902219 65 89 51
10.802786959903667 66 90 51
11.634464279870404 64 88 51
11.234619263862388 62 85 54
20.007704797722532 67 73 68
15.854354106505642 57 64 53
16.787322258011578 44 53 37
15.69521656522906 18 30 13
16.333793538592612 43 52 34
16.121201009218762 30 39 25
10.987399118224515 70 89 64
10.856658254674562 71 89 67
10.42879544484755 73 93 68
10.481416175724505 70 89 64
10.064410180216063 73 93 68
10.481416175724505 70 89 64
11.832695742250312 67 91 64
11.832695742250312 67 91 64
10.606999166895424 70 90 64
11.01853532499914 70 93 66
11.723692070144374 68 92 63
11.67479621577754 68 92 64
16.719011762515642 43 46 37
15.747128479978217 35 42 31
16.700713849553487 63 68 57
9.95016855353441 72 95 63
10.700939745923883 69 92 59
10.634133139520593 69 92 64
9.369701296937324 60 78 36
9.832804704940939 60 78 34
9.526960782474843 60 78 34
10.161971657051561 63 81 37
9.54014281102576 59 77 35
9.171781663509375 61 79 35
12.23598165603083 61 86 54
12.696204655392622 66 90 60
12.012240559940498 63 88 58
11.28406214073578 59 77 33
11.129047256216333 59 77 33
11.666987036414076 69 93 53
11.552704312817518 74 96 55
11.059877389182939 71 92 53
11.851112310543341 68 93 54
12.036207025986611 64 89 56
10.947024790628875 66 90 52
19.76039122723721 39 43 38
8.320452326466729 46 61 19
7.570676824725446 56 74 28
8.174675785937556 50 64 21
7.640246060481847 55 73 27
8.015650193342845 47 63 15
10.202379229973273 58 76 30
10.078186886892619 59 80 35
8.885106021004322 45 62 18
8.374028481445391 16 31 0
9.978121442289643 61 78 29
7.938662498835619 18 33 0
8.470964612810553 18 33 0
9.841675471239567 58 76 28
9.21262519053644 65 83 35
11.047985978765642 60 78 34
9.508881029934482 63 81 35
11.825766335466056 59 77 33
12.571559464397971 59 77 34
12.695991353278666 59 77 33
9.724600081109896 47 64 26
10.143871215013547 46 63 24
7.282800020178003 55 73 29
6.622158916869889 55 73 29
7.063272879309672 55 73 29
7.037237542603033 54 72 27
7.268535718239136 56 74 30
10.73074136314931 48 68 29
11.12341808060877 47 67 30
11.145413997481443 62 81 51
11.042437922068519 60 84 53
11.463108540774321 55 80 47
10.802786959903667 66 90 51
10.695245236845205 60 78 34
9.300177287686926 69 91 47
20.007704797722532 67 73 68
16.72034057369742 54 65 45
16.11361915541438 42 51 35
17.50974489058574 24 36 19
11.089063940525351 63 79 57
10.471509938979798 70 93 66
11.71139520314728 67 91 64
12.036137231397628 65 88 59
16.700713849553487 63 68 57
10.0483341503173 70 91 65
15.846644579865275 31 38 25
9.526960782474843 60 78 34
9.256072484227968 62 83 36
9.27389639377861 63 83 38
9.224600708977679 62 80 36
11.892771432492598 64 88 60
11.6531220464153 71 94 53
11.120266853149001 57 77 33
11.356693948162098 70 92 53
11.04493600590344 64 84 40
11.83746298485905 68 92 49
10.370591767849037 58 82 44
11.545768658754575 70 95 57
19.882881390227144 67 73 70
19.882881390227144 67 73 70
7.562568065264852 52 68 20
9.69142568312454 55 73 25
10.566398833682143 58 79 32
10.797711425675624 59 77 33
8.843262203133165 30 48 8
10.214009899938164 59 77 29
8.595344863015086 32 47 7
11.152637682010745 59 77 33
6.891455903206066 58 74 26
7.063272879309672 55 73 29
8.936344443392953 47 65 24
10.359260422993392 42 61 20
8.12776435232137 49 67 25
10.803517759188756 61 80 53
12.672033037432124 59 80 46
11.750219133927924 50 66 39
13.618853375870192 61 83 50
12.839846418200732 60 81 46
11.30682515902219 65 89 51
10.36597445330575 61 79 35
10.934489491306223 61 85 45
10.16125607445662 60 78 34
16.252308195254447 34 43 31
16.348749516374863 30 39 23
10.695775161434398 71 89 69
10.122908495021644 70 93 63
11.723692070144374 68 92 63
10.564832481153713 71 91 66
10.064410180216063 73 93 68
9.54014281102576 59 77 35
9.34583336808571 65 83 39
10.871337053019472 60 78 34
11.552403798748488 67 89 49
11.356999640850379 67 91 51
12.212691521292394 63 86 56
11.566689674171963 70 91 52
11.552403798748488 67 89 49
11.04493600590344 64 84 40
7.1377892969647805 57 73 25
7.640246060481847 55 73 27
7.977414166982209 45 61 13
9.098713431356519 61 80 33
11.071749122072443 61 79 35
12.571559464397971 59 77 34
12.419597768156587 61 79 33
6.6928899916258855 55 73 27
6.235435288363194 58 74 26
11.463108540774321 55 80 47
11.089063940525351 63 79 57
11.070330156950442 70 93 64
10.833482461835056 69 89 61
9.27389639377861 63 83 38
11.59732317154087 64 87 53
10.871337053019472 60 78 34
11.904880952650347 66 91 59
7.194570774844017 55 70 29
7.669423766784117 39 55 8
11.578041750527081 59 77 33
11.167320742373832 55 74 42
11.02925895065734 43 63 24
12.317650359439648 65 87 57
11.134519908856861 69 92 61
12.352131719306207 63 88 55
10.803314480078038 60 78 34
11.856732324765728 65 89 60
17.85586680480206 60 80 36
9.292299417592872 64 84 33
10.12480314114111 59 77 33
7.762534077487938 56 74 30
10.471509938979798 70 93 66
11.164728583938698 69 92 52
11.578041750527081 59 77 33
10.121088940982052 70 90 64
