12.165528328516771 50 52 33
12.5445748486259 15 11 12
13.135697730182146 14 10 11
12.360269405227788 15 11 12
12.334481790763746 12 6 6
12.43571738866734 10 6 9
12.30463643716193 5 2 3
12.834700596805904 9 5 6
12.720644624919725 10 6 5
12.00252376038356 10 6 7
11.988841780366128 7 4 6
12.429228861994863 12 9 9
12.429228861994863 12 9 9
11.844945991979392 15 11 12
12.475103491026658 15 11 12
11.352390580045286 15 11 14
11.248664385784046 8 4 7
11.031617068950776 7 3 5
11.148393315582902 12 8 11
11.352390580045286 15 11 14
12.202165542061625 15 11 12
11.248664385784046 8 4 7
12.202165542061625 15 11 12
11.844945991979392 15 11 12
11.621521261557733 15 11 11
12.608619432514878 16 12 12
12.157182538238741 11 7 9
12.088896090460516 17 13 14
11.660121102930882 12 8 11
12.050186260182434 10 6 9
11.345282500446775 15 9 13
11.345282500446775 15 9 13
11.863722296612162 48 50 31
12.318486875673079 48 49 33
11.817506623926299 30 29 24
11.306173489923355 49 51 32
11.944030251229302 49 50 36
11.514225384429214 49 50 36
11.992663729724118 48 49 35
11.82805342236629 45 46 36
11.828441631216357 48 50 30
11.817506623926299 30 29 24
11.814169390119284 44 46 37
12.512865800983755 40 41 33
11.768539492023791 48 49 33
12.589398163745491 50 48 41
13.044794531945223 44 48 27
13.038395294809314 44 48 28
13.203196326529763 37 38 29
12.055471665736013 49 51 32
12.42325178479316 49 51 30
12.619141848151795 42 43 34
11.604543691687576 49 51 30
12.54980882681446 43 48 23
12.612890712582697 47 49 29
12.6195057210858 45 49 27
12.78353774044883 44 49 23
12.463177326533861 46 48 29
13.117873924223247 43 44 34
11.807339307035871 48 49 33
12.11002240381117 25 23 19
12.536501767066657 47 48 32
12.100249969999668 48 50 28
11.845181349515672 16 12 13
11.8900757534194 9 5 7
12.202394009614725 12 8 9
12.202394009614725 12 8 9
11.779052735306392 4 0 1
11.460199898086262 5 1 2
12.017983955386008 18 14 15
11.221687933063539 9 3 4
11.222404025031311 7 3 6
11.094611519067424 5 1 2
11.982568950319846 7 3 2
11.285045579795925 7 3 4
12.038417347893418 7 2 3
10.32876037804119 6 2 3
10.939858459870083 7 0 3
11.222404025031311 7 3 6
12.017983955386008 18 14 15
11.33579756329726 7 1 2
11.772202278000997 14 10 11
11.061421317492348 10 6 6
11.479591248562897 9 6 6
11.772202278000997 14 10 11
11.214497010571037 8 5 4
11.214497010571037 8 5 4
11.453158727492573 12 8 7
11.060694803180269 11 7 8
12.054879081522191 5 3 2
11.503169019671226 4 2 0
12.17193431538971 2 0 0
11.785453908276772 5 2 3
11.62863591346963 18 16 17
11.503169019671226 4 2 0
12.288755346664779 3 1 0
11.105933430113007 10 6 4
12.288755346664779 3 1 0
11.906067647050257 33 34 26
11.924500186427817 11 9 6
10.85964344336724 9 5 4
11.43466916841647 9 5 4
11.924500186427817 11 9 6
11.865235061265516 12 10 8
11.906067647050257 33 34 26
11.560184370072601 24 21 23
11.381692589768239 55 52 53
10.936859798994497 3 3 1
11.624101701292025 5 5 5
10.798967084303229 2 5 2
11.282138666004 2 2 1
11.372145150327906 6 3 4
12.054443715333836 3 1 1
12.054443715333836 3 1 1
11.48475997350919 5 3 3
12.17835789879547 21 20 18
12.694419105228656 50 50 46
11.838984780299652 9 8 7
11.675978466284063 2 2 0
11.61475352618907 19 18 14
12.311436238928398 5 2 3
12.154767574172766 65 66 58
12.154767574172766 65 66 58
12.002106154009223 15 12 14
11.629115379427883 19 22 14
12.10286386059582 51 52 48
11.683123968446601 30 31 23
12.192055862120986 2 3 1
11.746372348687094 37 40 31
12.161631769590956 2 2 0
11.756592391040373 1 1 1
11.110965997423666 35 38 32
11.204842785956012 1 1 0
11.374602821242952 0 0 2
12.215574177011534 17 20 13
12.384957205862012 53 57 43
11.21355457394761 49 50 28
11.183686484868192 46 46 20
11.821619794094849 50 52 31
11.536105571858174 50 52 30
11.116514456696352 50 52 31
11.324568709536665 50 52 31
11.590094759540694 43 45 19
11.320926817984926 50 52 28
11.474377270425387 41 44 15
11.445189860940571 40 43 12
11.629645062598408 48 50 26
11.514325055813806 46 48 23
11.485239165984472 40 43 14
12.322140018448536 44 49 22
12.131206528749436 41 44 15
11.975472800196483 43 46 16
12.168850051641023 46 49 20
12.439850255143815 48 50 23
12.02069919148196 41 44 11
11.992841459012835 43 43 11
11.408313077388032 42 45 14
11.172223147734774 39 42 13
11.543039283862191 38 41 12
11.022138306783246 39 42 13
11.397377870189871 42 45 12
11.397377870189871 42 45 12
10.81962785902794 42 45 12
11.250297111942055 42 45 12
11.063244741791426 42 45 12
11.250297111942055 42 45 12
11.063244741791426 42 45 12
11.647078834232254 41 44 13
11.503191216436372 43 43 11
10.487091433948898 41 47 11
10.644722821798903 41 47 11
10.6562611125103 42 47 13
10.6562611125103 42 47 13
10.903528699779779 42 48 12
10.892252345674354 41 47 11
10.644722821798903 41 47 11
11.172061674196245 41 46 13
10.644722821798903 41 47 11
10.310035875008094 43 48 16
10.903694150041876 42 45 12
10.903694150041876 42 45 12
10.138816975149114 40 45 12
10.565580200046378 40 45 12
9.850958664041011 40 45 14
10.659637749608377 42 47 16
9.9394165646096 42 47 16
10.553771837964051 42 48 11
10.386397927514857 41 46 15
10.386397927514857 41 46 15
10.553771837964051 42 48 11
11.066497199730923 40 45 12
10.636555977511248 41 46 12
9.761514408416222 41 46 15
10.636555977511248 41 46 12
10.646677442309665 48 54 29
10.646677442309665 48 54 29
11.749435705976586 48 54 31
12.029887871462288 45 49 32
10.818800838534505 36 39 28
11.549037908752382 49 56 26
11.549037908752382 49 56 26
11.118474621676626 22 25 17
10.944427899922214 49 55 33
10.944427899922214 49 55 33
10.469650879548631 48 54 29
10.397867080019296 6 9 0
10.397867080019296 6 9 0
10.81441237986555 27 31 15
11.544927031199201 49 55 29
12.142991916026146 48 57 29
11.329365753897614 49 55 31
10.963011259167152 46 52 27
11.084068687070811 50 56 34
11.387957042178819 49 55 31
10.492943489187457 54 63 35
10.993165617167325 49 55 28
11.533282395026673 49 58 32
10.905857984373432 54 60 35
11.461823076830571 51 57 32
11.461823076830571 51 57 32
11.189262145216265 52 58 33
11.573565335433939 50 57 30
11.573565335433939 50 57 30
11.005068798763498 48 57 28
11.189262145216265 52 58 33
11.606223565548266 53 59 34
11.155383295720497 54 60 35
10.887915163026706 55 61 36
11.30830375459507 55 62 36
11.487236318379605 54 60 35
10.822232806877663 54 60 35
10.887915163026706 55 61 36
11.30830375459507 55 62 36
10.43354560766431 53 59 34
11.236937998593913 54 60 35
11.258949217627974 53 60 34
10.94050955190166 53 59 34
11.358951820664332 54 60 35
11.512194602389753 53 59 34
10.794761336096785 39 45 14
10.627796486068743 39 44 11
10.358125870853936 39 44 11
10.760387235473239 39 44 11
11.01647618847925 40 45 14
11.45063188938748 39 44 13
11.446485670465492 40 45 15
11.012166505699263 40 45 15
11.15546502233069 41 46 15
11.529941967127382 41 46 15
11.523242307250243 42 47 16
11.588354126912076 41 46 15
10.952133945654685 41 46 15
10.44573418460959 41 46 15
10.75214046394499 41 46 15
11.32248307216092 40 45 14
10.41020767370021 41 46 15
10.41020767370021 41 46 15
10.62391574281576 40 45 14
10.670253113280678 41 46 15
11.70601940100369 44 49 18
11.054185402309592 42 47 16
11.122043562572154 42 47 16
11.727150212969754 43 48 17
11.166475576900542 41 46 15
11.333172188478711 46 51 21
10.77497463786105 46 51 20
11.71246048871295 51 56 27
11.40182151999088 52 58 31
11.061169169773954 42 47 16
11.551238706540131 49 54 25
12.244291304343287 52 57 30
11.262371743664987 51 56 29
12.244291304343287 52 57 30
11.818497899502448 51 56 28
12.138062908992076 53 60 34
11.510720910290933 52 60 35
16.445203784468035 50 56 36
17.44944307873014 57 61 41
19.238572460189804 45 51 27
18.633947585087757 53 56 45
17.44944307873014 57 61 41
19.46280598366517 58 61 54
19.571576168077666 61 63 56
12.126460413446704 55 61 38
12.126460413446704 55 61 38
11.356750668281645 53 62 40
10.960835298163882 52 62 39
11.11529631051318 58 64 39
10.960835298163882 52 62 39
11.505897938820254 58 64 39
12.171786001105769 58 64 41
11.485059752201618 55 61 37
11.693006490450035 59 65 40
12.113730755621152 56 61 38
12.311063158547556 58 65 40
11.485059752201618 55 61 37
12.171786001105769 58 64 41
12.311063158547556 58 65 40
11.69231922039984 53 62 36
12.228908539185818 56 63 39
12.528853807542792 57 64 38
10.670013952613877 55 61 36
11.060938461534654 55 61 36
10.440944518621604 54 60 35
10.670013952613877 55 61 36
10.890647759839842 56 62 37
10.890647759839842 56 62 37
10.682277225761498 54 62 37
11.174437686432034 57 63 38
10.561108862190109 56 63 38
11.900633112901275 55 61 37
11.304816202755285 54 60 36
11.304816202755285 54 60 36
11.177965916751717 55 64 38
11.900633112901275 55 61 37
11.304816202755285 54 60 36
13.687816887129976 56 61 36
13.79056715368885 57 62 41
13.800057659279897 57 61 39
22.2973581056397 51 53 19
21.652804185768108 52 54 21
21.391609102336055 49 48 22
21.178188773436162 50 50 21
21.859705325832266 49 47 22
13.363358628829177 42 47 16
13.130591811709817 45 47 25
13.130591811709817 45 47 25
12.638966671950003 43 48 20
12.95802419551782 40 45 14
14.106453959260577 42 47 19
13.272383659188659 42 47 17
12.883681751725156 41 46 20
13.209515727453878 43 44 31
13.130591811709817 45 47 25
13.272383659188659 42 47 17
12.883681751725156 41 46 20
12.642086179217948 42 43 26
13.203544103672709 44 49 23
13.509274200140906 40 45 14
12.642086179217948 42 43 26
12.80239069044856 32 33 20
12.462387773934678 12 9 7
12.680689062233945 10 6 8
14.374927416376838 38 40 14
13.275354323889387 40 45 14
12.96410891298921 40 43 21
13.275354323889387 40 45 14
12.947777186136669 38 43 12
12.96410891298921 40 43 21
12.96410891298921 40 43 21
13.801478521154227 39 44 10
13.801478521154227 39 44 10
14.253061852141084 37 41 13
14.602664833851774 43 48 17
14.019974101188346 37 42 12
13.855308565132159 40 44 12
14.073294693279054 38 44 13
14.073294693279054 38 44 13
14.019974101188346 37 42 12
14.019974101188346 37 42 12
14.073294693279054 38 44 13
14.196703476124993 44 47 13
13.761521611800678 41 42 11
14.019974101188346 37 42 12
14.724314949873383 40 43 10
13.909260410277355 41 46 7
13.909260410277355 41 46 7
14.196703476124993 44 47 13
13.390317869413954 39 43 8
13.855308565132159 40 44 12
13.761521611800678 41 42 11
13.909260410277355 41 46 7
11.87226665704771 20 19 12
12.8299023440614 42 40 28
11.93149685551144 45 44 31
12.882294182367108 42 42 14
12.936900905475081 43 46 11
12.882294182367108 42 42 14
12.882294182367108 42 42 14
12.936900905475081 43 46 11
13.06802612008082 46 47 24
13.451402127364899 44 47 12
13.451402127364899 44 47 12
13.968075447571124 46 49 15
13.324050343459543 44 47 14
13.451402127364899 44 47 12
14.344897856036383 44 47 16
13.271036731092707 45 45 12
13.324050343459543 44 47 14
13.271036731092707 45 45 12
13.651011714488765 46 49 16
14.160403714092048 49 52 22
13.254476905484863 47 50 18
13.651011714488765 46 49 16
11.89130930659061 52 55 42
11.860113750679368 49 52 36
12.629258627769648 46 47 31
11.860113750679368 49 52 36
12.199557807396797 43 47 26
12.65855885687817 41 45 23
13.099074382506648 43 48 17
13.184518444885075 39 44 13
13.711252281993689 40 45 14
13.419288489655017 40 45 14
12.929136236904492 38 43 12
12.929136236904492 38 43 12
13.184518444885075 39 44 13
13.168460076163411 42 47 16
14.668297645660887 43 48 17
13.795763136327778 43 48 18
14.2447596988025 42 47 17
14.008719287841767 43 48 17
14.008719287841767 43 48 17
12.658902957850893 40 45 14
12.658902957850893 40 45 14
13.999241375723397 43 49 13
13.999241375723397 43 49 13
11.418921849546022 43 48 17
11.272122204674568 44 49 18
11.272122204674568 44 49 18
11.422073028172962 42 48 15
12.901943429196244 48 53 23
12.901943429196244 48 53 23
12.901943429196244 48 53 23
13.420723632959794 53 58 31
13.323877981628252 53 60 33
13.420723632959794 53 58 31
13.323877981628252 53 60 33
11.36682414339515 43 48 17
12.660424296206822 48 53 24
11.808914770288748 46 51 21
11.808914770288748 46 51 21
12.28638702593492 47 52 21
12.660424296206822 48 53 24
12.397428967209958 49 54 25
12.397428967209958 49 54 25
12.397428967209958 49 54 25
12.397428967209958 49 54 25
12.751901220334455 50 55 27
13.013528483048784 54 60 35
13.691123403183818 53 60 30
13.11266646956634 51 58 28
13.013528483048784 54 60 35
13.11266646956634 51 58 28
12.63907614185762 55 61 36
12.63907614185762 55 61 36
11.521036161471352 44 49 24
12.037490882691994 48 53 28
12.42284832161693 52 57 28
11.521036161471352 44 49 24
11.227880986314943 46 51 26
11.809962450401152 46 51 26
12.259861337498547 51 57 32
12.259861337498547 51 57 32
11.495098411833165 51 57 32
11.610609384903416 52 58 33
12.123911697127488 52 58 33
11.728736554665085 52 58 33
11.841968753539884 52 57 32
11.465963749578638 51 57 31
11.610609384903416 52 58 33
11.495098411833165 51 57 32
11.700183689910988 52 58 33
12.123911697127488 52 58 33
12.559067389169444 52 58 33
11.728736554665085 52 58 33
11.841968753539884 52 57 32
11.349992172807097 51 57 31
11.349992172807097 51 57 31
13.006004280973734 54 60 35
12.11933275158678 49 56 29
13.354606985732799 60 66 41
13.354606985732799 60 66 41
13.301715156563484 55 63 40
12.12037466576015 52 58 33
11.898421947026351 58 64 39
11.810740044610577 57 63 38
11.898421947026351 58 64 39
11.582855571595712 60 66 41
12.691622549091058 54 60 35
12.691622549091058 54 60 35
12.691622549091058 54 60 35
13.626318833503984 57 65 42
13.57448574772808 58 66 43
13.626318833503984 57 65 42
12.990836201575116 54 62 40
13.57448574772808 58 66 43
11.9469527976051 51 57 32
11.9469527976051 51 57 32
11.549833069758291 54 60 35
11.549833069758291 54 60 35
11.549833069758291 54 60 35
13.057074119634503 54 60 35
13.057074119634503 54 60 35
11.523860547384869 51 57 32
11.134301516856572 53 59 34
11.134301516856572 53 59 34
12.611947149216153 52 58 33
11.66749326652883 52 58 33
12.314026036338147 51 57 32
12.287487394358171 52 58 33
11.950252950306735 54 60 35
11.545722475323776 53 59 34
11.639480588385066 54 60 35
12.151185508319296 53 59 34
12.151185508319296 53 59 34
11.315985803118748 54 60 35
11.75692713197548 52 58 33
12.11971163041536 53 59 34
12.2793120841872 49 54 25
12.053077082709942 49 54 25
11.854776603369334 44 49 18
12.053077082709942 49 54 25
12.550794560776637 51 56 27
12.410382991983054 51 56 27
11.815299764920523 50 56 29
12.22405446833148 51 57 30
12.22405446833148 51 57 30
12.11764866967876 52 58 31
12.261412943901922 53 59 32
11.815299764920523 50 56 29
12.410382991983054 51 56 27
12.550794560776637 51 56 27
12.261412943901922 53 59 32
12.366581813251916 52 58 31
12.730938315422847 59 65 40
12.432696903406892 58 67 41
12.432696903406892 58 67 41
12.432696903406892 58 67 41
12.848470190137045 57 63 38
12.596304567374869 62 68 43
12.596304567374869 62 68 43
13.060935047918983 56 62 39
12.294797706955196 61 67 42
12.294797706955196 61 67 42
12.596304567374869 62 68 43
12.848470190137045 57 63 38
12.237326056697116 58 64 39
13.419868197008368 55 62 39
13.472296168883359 62 68 45
12.412119817224067 51 57 32
12.109947015577475 53 59 34
12.648393333898811 54 60 35
11.880487305703232 56 62 38
12.109947015577475 53 59 34
12.648393333898811 54 60 35
12.50907733727383 58 64 37
12.188350186059154 55 61 37
11.628621717516058 52 58 33
12.026418614289074 52 58 33
12.287201323113523 15 9 8
11.910411916593112 7 3 6
12.042509568810106 10 6 9
11.56341849065151 14 10 13
11.639023594995777 15 11 12
11.883648147761509 15 11 12
11.883648147761509 15 11 12
11.632090670980487 16 12 13
11.024302167892941 9 6 7
11.621521261557733 15 11 11
12.34452046986939 15 10 12
12.439111987956334 15 11 10
11.96435693559922 25 23 19
11.561256266828588 49 51 33
13.044794531945223 44 48 27
12.466340822420115 45 46 33
12.628876352583738 16 14 9
12.628876352583738 16 14 9
12.416162399496182 40 41 33
11.725703643687439 46 47 36
12.78353774044883 44 49 23
12.175760215260262 47 48 33
13.047817013155056 46 47 31
12.795870227300744 25 22 20
12.4556893229943 16 12 12
11.669278341531522 9 5 5
11.004838789959564 6 2 5
11.068711687908005 7 0 4
11.895948495392398 11 4 6
11.460199898086262 5 1 2
10.492530323235963 6 2 1
11.094611519067424 5 1 2
11.982568950319846 7 3 2
11.390736199479452 10 6 7
11.061421317492348 10 6 6
12.341265148320442 3 1 1
12.165305097333336 9 7 5
11.796557667521665 6 4 2
12.066631938248122 8 6 2
12.066631938248122 8 6 2
11.222652438307273 10 8 6
10.85964344336724 9 5 4
11.43466916841647 9 5 4
11.282138666004 2 2 1
12.122410150008035 12 10 11
12.294891152554763 67 68 61
12.17835789879547 21 20 18
11.372145150327906 6 3 4
12.154767574172766 65 66 58
11.746372348687094 37 40 31
12.208740310003677 8 8 7
11.678372196758877 6 8 5
11.863203064820187 2 0 0
12.10286386059582 51 52 48
11.675978466284063 2 2 0
11.863203064820187 2 0 0
11.838984780299652 9 8 7
11.183686484868192 46 46 20
11.61528386429255 50 52 31
11.492560373565787 50 52 31
12.322140018448536 44 49 22
12.131206528749436 41 44 15
11.445189860940571 40 43 12
11.445189860940571 40 43 12
11.61173315268863 51 53 31
11.474377270425387 41 44 15
11.975472800196483 43 46 16
12.439850255143815 48 50 23
11.022138306783246 39 42 13
11.543039283862191 38 41 12
10.562173493591901 42 45 12
11.250297111942055 42 45 12
11.628897605741306 40 45 14
10.664582026452395 40 45 14
11.503191216436372 43 43 11
10.200542279647737 42 48 12
10.892252345674354 41 47 11
10.903528699779779 42 48 12
10.498802964580161 42 47 14
11.323496956619872 40 45 14
11.088684059066614 42 47 16
10.553771837964051 42 48 11
11.223733709010142 41 47 11
10.636555977511248 41 46 12
10.398222869979167 42 47 16
10.771290700360073 51 57 37
10.81441237986555 27 31 15
11.084068687070811 50 56 34
11.371380767651871 46 50 28
11.371380767651871 46 50 28
11.100151535039386 49 55 33
11.095874352152318 47 53 25
10.974947145552624 49 55 33
10.596346178315963 47 53 26
12.029887871462288 45 49 32
10.963011259167152 46 52 27
11.095874352152318 47 53 25
11.391822228395332 54 60 35
10.836646172880405 54 60 33
11.245077151144017 54 61 36
10.94050955190166 53 59 34
10.871518346400988 55 61 36
11.163581908392008 53 59 34
11.163581908392008 53 59 34
11.606223565548266 53 59 34
10.457248005478927 54 60 35
11.387957042178819 49 55 31
11.245077151144017 54 61 36
10.836646172880405 54 60 33
11.155383295720497 54 60 35
13.175722695317333 38 43 11
11.446485670465492 40 45 15
11.569697900645986 40 45 14
11.229589772439818 41 46 15
10.358125870853936 39 44 11
10.982796035863348 40 45 12
11.229589772439818 41 46 15
10.325608977423054 41 46 15
10.91825531472895 41 46 15
11.031929161234167 41 46 15
11.031929161234167 41 46 15
10.325608977423054 41 46 15
11.15546502233069 41 46 15
11.35499686281723 49 54 25
11.990489108565564 49 54 25
11.70601940100369 44 49 18
11.70601940100369 44 49 18
11.51484399966819 50 56 29
11.51484399966819 50 56 29
11.061169169773954 42 47 16
11.453616839688593 42 47 16
11.262371743664987 51 56 29
18.633947585087757 53 56 45
19.238572460189804 45 51 27
18.270580203342348 59 61 40
19.78111146139009 63 64 56
19.930076030206777 46 50 34
11.546276419204336 58 64 39
11.69231922039984 53 62 36
11.356750668281645 53 62 40
11.816985255210291 57 63 40
11.476933603971398 54 60 35
11.371034566595027 56 65 39
11.546276419204336 58 64 39
11.060938461534654 55 61 36
10.572148945264832 55 61 36
13.10284627550518 56 62 37
11.277421467600512 55 61 36
10.98567581248487 55 61 36
11.879810881785977 53 59 36
11.348532644348433 56 62 38
11.152259668204948 55 63 38
10.678585219958318 56 62 37
11.289024932957888 56 63 38
10.26036897094751 54 63 37
14.268484294326232 53 59 34
14.820797699931871 50 56 33
21.695220493008588 51 48 21
12.883681751725156 41 46 20
12.642086179217948 42 43 26
12.793147154103734 41 46 17
13.363358628829177 42 47 16
13.366309074341117 41 44 22
13.738495782277823 41 46 15
13.738495782277823 41 46 15
13.668398984071839 41 46 16
13.196476209047505 28 29 14
12.80239069044856 32 33 20
12.462387773934678 12 9 7
12.860403316227178 13 9 10
13.72562425833629 34 37 14
12.680689062233945 10 6 8
13.72562425833629 34 37 14
13.275354323889387 40 45 14
14.305513688324647 42 47 12
13.409393967618506 41 46 13
14.287634092178694 42 45 9
13.761521611800678 41 42 11
14.073294693279054 38 44 13
13.293250704059531 40 46 10
13.560630922155283 38 44 10
13.560630922155283 38 44 10
13.909260410277355 41 46 7
14.287634092178694 42 45 9
13.761521611800678 41 42 11
13.560630922155283 38 44 10
11.87226665704771 20 19 12
11.93149685551144 45 44 31
12.295544741374599 12 10 4
12.295544741374599 12 10 4
12.936900905475081 43 46 11
13.06802612008082 46 47 24
13.968075447571124 46 49 15
13.914351655149256 44 47 14
13.74006472725255 41 44 9
13.968075447571124 46 49 15
13.968075447571124 46 49 15
13.324050343459543 44 47 14
13.271036731092707 45 45 12
11.996722858059996 46 47 35
13.651011714488765 46 49 16
14.160403714092048 49 52 22
14.532239887131983 46 49 19
12.382700067841899 38 39 31
11.860113750679368 49 52 36
13.711252281993689 40 45 14
13.184518444885075 39 44 13
12.841993104162764 41 46 17
12.841993104162764 41 46 17
12.901943429196244 48 53 23
12.28638702593492 47 52 21
12.015207355185115 48 53 24
12.751901220334455 50 55 27
13.420723632959794 53 58 31
13.11266646956634 51 58 28
13.5962039436837 55 61 34
13.013528483048784 54 60 35
12.28638702593492 47 52 21
11.36682414339515 43 48 17
13.5962039436837 55 61 34
12.665512564075424 55 61 36
12.63907614185762 55 61 36
11.227880986314943 46 51 26
11.01800111870455 52 57 32
11.728736554665085 52 58 33
11.700183689910988 52 58 33
12.11933275158678 49 56 29
11.610609384903416 52 58 33
11.495098411833165 51 57 32
11.553842872129616 52 57 32
12.311382925649369 43 48 22
12.096291665161965 53 59 34
11.553842872129616 52 57 32
12.096291665161965 53 59 34
12.42284832161693 52 57 28
11.9469527976051 51 57 32
11.898421947026351 58 64 39
13.354606985732799 60 66 41
11.549833069758291 54 60 35
12.12037466576015 52 58 33
11.632703018265865 53 59 34
11.810740044610577 57 63 38
13.57448574772808 58 66 43
13.044988572367059 60 66 41
12.12037466576015 52 58 33
12.611947149216153 52 58 33
11.523860547384869 51 57 32
11.635401664975179 54 60 35
11.077928393317181 52 58 33
12.287487394358171 52 58 33
11.545722475323776 53 59 34
11.639480588385066 54 60 35
12.50253508995008 53 59 34
11.580003041269581 52 57 30
12.053077082709942 49 54 25
12.00797263895527 50 55 27
12.00797263895527 50 55 27
12.2793120841872 49 54 25
11.486758896783092 46 51 21
12.00797263895527 50 55 27
12.11764866967876 52 58 31
12.261412943901922 53 59 32
12.29093626185024 58 67 41
12.109947015577475 53 59 34
12.109947015577475 53 59 34
12.540214795490401 56 62 39
12.188350186059154 55 61 37
12.903220057949598 61 66 39
11.628621717516058 52 58 33
11.78193445439948 11 7 10
12.536501767066657 47 48 32
12.149573452506486 16 9 13
12.157182538238741 11 7 9
11.643889986960401 48 50 31
11.639023594995777 15 11 12
11.8900757534194 9 5 7
12.439111987956334 15 11 10
12.55609136816912 43 44 32
11.855316212483812 16 12 14
11.814169390119284 44 46 37
12.937636189302614 14 10 11
11.98264503518204 50 52 31
11.024302167892941 9 6 7
13.047817013155056 46 47 31
11.068711687908005 7 0 4
11.895948495392398 11 4 6
12.086671044337267 20 16 17
11.779052735306392 4 0 1
11.390736199479452 10 6 7
11.453158727492573 12 8 7
10.588166253794908 8 4 5
10.654537355278919 8 4 5
12.270642788387116 9 6 6
11.98280160476566 4 2 1
11.505598703067369 7 6 8
12.208511961213924 27 24 26
11.535571593600542 45 46 39
12.002106154009223 15 12 14
11.56042552504345 31 31 29
11.374602821242952 0 0 2
12.161631769590956 2 2 0
12.054443715333836 3 1 1
11.647078834232254 41 44 13
12.06930909858922 49 51 30
11.320926817984926 50 52 28
11.088684059066614 42 47 16
10.76952620846156 38 41 12
10.286169639560113 41 47 11
10.903528699779779 42 48 12
11.389750718329955 40 45 14
10.659637749608377 42 47 16
11.514325055813806 46 48 23
11.172061674196245 41 46 13
11.331935799940771 49 51 29
11.590094759540694 43 45 19
11.544927031199201 49 55 29
11.716588743421875 52 58 33
10.905857984373432 54 60 35
10.993165617167325 49 55 28
11.549037908752382 49 56 26
11.329365753897614 49 55 31
11.533282395026673 49 58 32
10.948449668580826 53 59 35
10.389837693476576 1 3 1
10.600175095078827 53 59 34
10.596346178315963 47 53 26
10.658644433810503 51 60 32
10.887915163026706 55 61 36
10.659075233205785 54 62 36
10.760387235473239 39 44 11
11.01647618847925 40 45 14
10.62391574281576 40 45 14
10.683007388581826 40 45 12
10.683007388581826 40 45 12
9.976800514269415 40 45 14
11.166475576900542 41 46 15
11.71246048871295 51 56 27
11.35499686281723 49 54 25
11.622684467780081 50 56 29
11.818497899502448 51 56 28
19.101824027717964 58 61 51
19.101824027717964 58 61 51
19.46280598366517 58 61 54
11.505897938820254 58 64 39
11.371034566595027 56 65 39
11.11529631051318 58 64 39
11.174437686432034 57 63 38
10.682277225761498 54 62 37
11.7347319064388 55 61 37
14.29147098185744 53 59 34
13.656792881358392 57 62 37
13.855308565132159 40 44 12
13.560630922155283 38 44 10
12.96410891298921 40 43 21
14.305513688324647 42 47 12
13.801478521154227 39 44 10
13.275354323889387 40 45 14
14.305513688324647 42 47 12
14.374927416376838 38 40 14
12.793147154103734 41 46 17
12.199557807396797 43 47 26
12.936900905475081 43 46 11
13.254476905484863 47 50 18
13.324050343459543 44 47 14
12.199557807396797 43 47 26
11.89130930659061 52 55 42
12.331755747503532 55 59 46
13.914351655149256 44 47 14
11.996722858059996 46 47 35
13.184518444885075 39 44 13
13.419288489655017 40 45 14
13.420723632959794 53 58 31
13.5962039436837 55 61 34
12.63907614185762 55 61 36
12.665512564075424 55 61 36
12.665512564075424 55 61 36
13.006004280973734 54 60 35
13.626318833503984 57 65 42
13.044988572367059 60 66 41
13.57448574772808 58 66 43
11.22798319959378 53 59 34
12.990836201575116 54 62 40
13.750871484721902 59 65 40
11.810740044610577 57 63 38
12.691622549091058 54 60 35
11.639480588385066 54 60 35
12.287487394358171 52 58 33
11.950252950306735 54 60 35
11.66749326652883 52 58 33
11.75692713197548 52 58 33
11.315985803118748 54 60 35
12.11764866967876 52 58 31
11.854776603369334 44 49 18
11.77652617705154 51 56 27
11.580003041269581 52 57 30
11.77652617705154 51 56 27
12.00797263895527 50 55 27
12.903220057949598 61 66 39
12.50907733727383 58 64 37
12.648393333898811 54 60 35
12.50907733727383 58 64 37
12.29093626185024 58 67 41
12.730938315422847 59 65 40
11.88448211253066 56 65 39
12.29093626185024 58 67 41
13.419868197008368 55 62 39
13.419868197008368 55 62 39
12.093275442112446 55 60 37
11.979203212247723 49 51 32
12.068548164373619 13 9 12
11.814016690681258 31 32 27
11.632090670980487 16 12 13
12.428357993712032 15 11 12
12.188277078733758 15 11 12
12.34452046986939 15 10 12
11.437953101811663 49 50 34
12.189461097745024 49 51 25
11.141155086075072 9 5 7
12.194665201018788 15 11 13
11.141155086075072 9 5 7
11.988841780366128 7 4 6
12.43571738866734 10 6 9
12.054879081522191 5 3 2
11.988861461046103 3 0 1
11.624101701292025 5 5 5
11.110965997423666 35 38 32
11.222652438307273 10 8 6
10.492530323235963 6 2 1
11.004838789959564 6 2 5
11.105933430113007 10 6 4
10.701493077138185 10 6 5
11.629645062598408 48 50 26
11.320158976841565 41 46 13
10.81962785902794 42 45 12
11.408313077388032 42 45 14
10.553771837964051 42 48 11
10.903694150041876 42 45 12
11.21355457394761 49 50 28
10.6562611125103 42 47 13
12.02069919148196 41 44 11
11.863666971383847 41 44 16
11.606223565548266 53 59 34
12.142991916026146 48 57 29
11.749435705976586 48 54 31
11.432904872635024 50 56 30
11.510720910290933 52 60 35
11.122043562572154 42 47 16
10.75214046394499 41 46 15
10.952133945654685 41 46 15
11.622684467780081 50 56 29
12.138062908992076 53 60 34
19.78111146139009 63 64 56
18.8403435641183 42 47 26
12.228908539185818 56 63 39
13.361154734062483 57 62 40
21.695220493008588 51 48 21
21.954681819584103 52 53 21
21.39345237251943 51 51 21
13.203544103672709 44 49 23
13.293250704059531 40 46 10
14.287634092178694 42 45 9
11.89130930659061 52 55 42
14.107412364434074 45 48 16
13.271036731092707 45 45 12
12.8299023440614 42 40 28
13.168460076163411 42 47 16
14.2447596988025 42 47 17
13.182988335696205 48 53 23
12.665512564075424 55 61 36
11.809962450401152 46 51 26
11.495098411833165 51 57 32
12.123911697127488 52 58 33
13.044988572367059 60 66 41
13.354606985732799 60 66 41
11.582855571595712 60 66 41
11.9469527976051 51 57 32
11.898421947026351 58 64 39
12.287487394358171 52 58 33
13.441836213406415 55 61 34
12.2793120841872 49 54 25
11.628621717516058 52 58 33
12.151428416274054 59 65 41
12.237326056697116 58 64 39
12.730938315422847 59 65 40
13.114797976445958 64 70 46
12.151428416274054 59 65 41
12.188350186059154 55 61 37
13.114797976445958 64 70 46
11.30830375459507 55 62 36
11.553226236419365 41 46 13
11.505264603521697 9 6 7
11.005068798763498 48 57 28
10.487091433948898 41 47 11
12.795870227300744 25 22 20
11.944030251229302 49 50 36
11.100151535039386 49 55 33
12.271144780099783 49 51 32
12.096760279445123 49 50 35
18.82744187014989 61 64 57
19.90504253687556 61 64 57
11.900633112901275 55 61 37
12.113730755621152 56 61 38
13.55011867444007 56 60 40
12.793147154103734 41 46 17
12.95802419551782 40 45 14
11.272122204674568 44 49 18
11.521036161471352 44 49 24
13.196476209047505 28 29 14
12.123911697127488 52 58 33
13.795763136327778 43 48 18
12.037490882691994 48 53 28
11.36682414339515 43 48 17
13.795763136327778 43 48 18
11.545722475323776 53 59 34
11.582855571595712 60 66 41
12.093275442112446 55 60 37
11.828677317143176 49 51 28
11.031617068950776 7 3 5
10.771290700360073 51 57 37
10.386397927514857 41 46 15
12.13451066151874 48 49 35
10.572691936296277 2 4 2
11.221687933063539 9 3 4
12.182235659998359 30 29 23
12.168850051641023 46 49 20
14.139232420515402 50 56 33
12.314026036338147 51 57 32
13.099074382506648 43 48 17
12.743321706036598 52 58 33
11.465963749578638 51 57 31
12.261412943901922 53 59 32
13.060935047918983 56 62 39
12.432696903406892 58 67 41
12.215574177011534 17 20 13
10.871518346400988 55 61 36
11.725038413715911 6 4 6
10.565580200046378 40 45 12
11.189262145216265 52 58 33
11.238061722510704 54 60 37
12.559067389169444 52 58 33
11.728736554665085 52 58 33
13.363358628829177 42 47 16
11.841968753539884 52 57 32
13.272383659188659 42 47 17
12.366581813251916 52 58 31
11.432904872635024 50 56 30
13.034684096705428 60 66 39
11.545722475323776 53 59 34
11.315985803118748 54 60 35
