13.464984010521317 9 9 7
13.464984010521317 9 9 7
13.546541892190861 8 8 4
13.102055453230811 8 8 5
11.02328570433132 10 14 0
10.771534258308284 36 40 19
13.135358307635064 7 8 0
14.239553032985816 9 9 7
13.30306148231742 8 10 3
13.809023366726418 9 10 4
13.477242144954946 9 9 7
13.785946343184031 40 46 26
12.179417327051604 45 52 18
14.146662532681287 25 30 17
14.146662532681287 25 30 17
12.179417327051604 45 52 18
14.08300620062548 7 10 3
14.091198236698267 9 9 5
14.138502633394241 17 21 7
11.875522018328905 3 9 8
12.351633236938945 7 9 8
11.941282019760475 5 9 4
12.112716602088407 6 9 7
11.97239086119064 2 6 3
11.952947893518209 7 11 8
11.875522018328905 3 9 8
11.489400565493753 4 8 5
12.071767819365217 1 8 1
12.202636436473938 5 9 6
11.29500180105118 4 7 0
12.775541308534363 0 5 1
11.947813691719274 1 8 2
11.729131187859071 2 9 3
12.2539956480772 0 5 1
12.621163629091487 1 5 0
12.624305405785131 0 5 1
12.511988039262004 44 56 34
12.515157223178194 48 56 35
12.422377759742627 25 29 24
12.212236137974426 0 6 0
13.229778808955507 2 6 3
13.654236724873165 15 19 14
13.5127066275239 31 35 30
13.866618934557255 6 10 4
13.866618934557255 6 10 4
13.08365802046742 2 6 3
13.018918039600985 0 6 2
13.450031974937266 43 55 32
12.540391653484166 35 42 38
12.54657254733055 42 46 43
12.54657254733055 42 46 43
13.064170698049004 45 56 21
12.632163019375655 36 43 39
13.152287852425857 44 57 20
12.584355672511416 45 56 18
12.575182050101606 45 56 20
11.778118287239721 45 55 18
12.421363188307911 45 56 21
11.852985543277192 43 53 16
11.355987226001002 45 56 21
12.353152762803406 44 57 26
12.75742417786585 43 54 14
11.362812404495253 43 56 21
12.517033491110295 45 56 21
13.033865975733692 48 62 37
13.3093101104348 43 56 21
12.641436549576518 43 58 24
13.299176029871083 4 4 1
12.491647985745624 2 5 1
12.729823729314239 30 33 22
13.401770870576131 1 2 0
12.888916029512767 1 2 5
12.729823729314239 30 33 22
12.888916029512767 1 2 5
13.426676613692232 2 5 0
18.719966532455647 42 49 15
19.204134478336027 39 46 14
19.609775317283784 40 47 11
10.67119776806101 40 46 13
10.436835359155413 41 48 14
10.793060455308416 41 47 11
10.796568817377198 34 40 19
11.26191238195904 44 51 15
11.682149108917494 44 54 16
11.682149108917494 44 54 16
10.93374573926078 42 48 12
11.84876753830321 46 53 17
11.121812486003684 32 38 10
11.265116215358239 43 49 13
11.521777418119498 43 50 14
11.008575438941353 44 50 14
11.118406753550982 41 48 15
10.585667057846779 42 47 14
11.041053327773747 41 46 13
11.166908279028707 46 53 15
11.362632510498123 41 47 11
10.72650470601586 46 53 17
11.252737279249905 45 54 15
11.682149108917494 44 54 16
11.863717102277592 40 46 12
12.114392170155195 45 55 18
11.658130268888442 43 50 16
11.794768346527965 44 51 15
12.01652460433392 46 53 17
11.654728042307077 42 48 12
11.639356642194555 44 50 14
11.151045166204499 42 48 12
12.676070109300365 45 55 18
11.044806272759711 43 48 12
12.114392170155195 45 55 18
12.370966660364042 45 52 16
12.093901859617743 46 53 17
12.093901859617743 46 53 17
11.886962630096697 42 48 12
12.233476336072911 44 46 10
12.100772509008719 44 51 17
12.168427697070838 43 53 16
10.576436251745298 52 65 27
11.861340095063523 50 56 20
10.325139313089826 55 60 26
10.646877470986222 50 56 21
10.860033122116434 51 66 28
10.805718934775525 52 58 22
10.328806614083371 53 60 24
13.299217493302056 46 57 20
13.379994237547514 52 63 24
12.539029014644312 44 57 20
12.545210579848597 47 58 21
12.58572345780635 44 55 18
13.362599530362528 44 56 19
12.299398017818833 44 54 19
12.902703227719801 45 56 19
12.059446565385125 44 55 20
13.168527243337827 56 71 34
12.591262858741487 50 57 21
13.534374963752775 53 67 27
14.053093089592927 56 67 29
12.582094272371759 53 60 24
13.341759551999063 54 61 24
13.341759551999063 54 61 24
11.765097621894974 44 54 17
12.492376049286152 44 55 15
11.366302009272195 51 65 27
13.856205443403422 45 56 21
13.586274966841732 51 64 27
12.97507194530123 46 57 20
13.506731936777934 46 57 22
13.045973789759422 45 56 19
13.221863392642616 60 73 36
13.311781831724437 58 69 34
13.452610580714666 61 76 40
13.811812234940584 53 64 29
13.513367357938625 59 74 36
11.911223324845494 50 57 26
12.417076525085738 33 35 26
12.339348996857762 14 15 13
11.945540427896203 48 55 19
12.096871580237078 47 54 21
12.720933744976438 0 0 0
11.748521340715842 47 54 18
12.648030200113869 58 63 41
12.257999746790999 48 55 19
11.464524216400255 50 57 23
11.493628579768659 49 56 21
12.648030200113869 58 63 41
12.831245082385399 12 15 9
12.257999746790999 48 55 19
12.828293188410536 36 39 31
11.896033246783917 45 50 35
12.647290666569232 0 0 1
13.284966607610547 0 1 0
12.053374093405928 48 55 19
12.398087349381768 43 54 17
12.6297096993404 44 57 21
13.702983027220226 61 72 35
13.566652582852068 55 66 28
12.811315566335335 57 70 32
13.02153261322685 10 10 6
14.247655058931214 8 8 6
13.744814674700741 8 8 4
13.306952705428921 9 9 5
12.665219451600574 7 9 9
14.146662532681287 25 30 17
12.165744920901544 0 4 0
11.767543343117227 3 6 1
11.211431916979278 2 6 4
12.515157223178194 48 56 35
12.911425349561089 30 40 20
13.170453836760828 7 10 7
12.911425349561089 30 40 20
12.452284764789738 0 6 1
12.031179332804747 4 11 7
13.444266445744876 48 58 35
13.012961502255921 0 5 1
12.795569639947068 48 61 34
11.457249478055562 45 58 26
14.411601364220726 47 53 31
13.448865657416423 5 8 3
13.654236724873165 15 19 14
13.280151968349447 43 52 20
13.5127066275239 31 35 30
12.703449698498309 3 5 0
11.795900082375638 3 6 3
12.802261502582255 1 1 1
12.960464645101231 0 1 1
12.518507227734636 0 2 0
12.888916029512767 1 2 5
12.518364582525537 3 6 1
13.713240296995926 1 1 0
12.862969097163537 55 59 48
18.784954759020152 40 47 13
18.410602095935193 41 48 14
10.67474618159559 42 47 21
10.793060455308416 41 47 11
11.166908279028707 46 53 15
11.362632510498123 41 47 11
12.096179063668352 45 52 16
11.682149108917494 44 54 16
11.866908937010226 41 46 17
10.769429085293385 41 46 13
11.188617510892408 41 47 11
11.966447926368623 44 54 18
11.831792636477651 45 52 19
11.984709186987656 44 53 20
11.2779565784178 44 51 15
11.325479798776685 40 46 10
11.728339126680828 45 52 16
11.115321285532769 44 50 13
11.15460102042949 43 46 10
11.728339126680828 45 52 16
11.503309336295487 41 45 10
13.293386553903341 45 57 20
13.759882467598013 56 68 30
13.299217493302056 46 57 20
13.032554932963258 59 70 32
11.608924717095071 50 56 20
14.053093089592927 56 67 29
13.47461203972804 55 67 32
13.334015663717231 55 62 26
12.763899439622099 44 55 19
12.492376049286152 44 55 15
12.337524841694608 45 56 18
11.264222194216455 45 56 18
12.262527434508957 45 56 18
11.761878158538261 44 54 11
11.366302009272195 51 65 27
13.500990621036804 46 57 20
13.569144699894334 45 56 19
13.75237402410978 58 70 35
12.059845055893916 53 59 32
12.717956247277348 2 3 2
11.525945713360846 48 55 19
12.497312253277055 48 55 19
12.148677926880817 48 55 21
12.72089538791015 47 54 18
11.896033246783917 45 50 35
13.240338524989676 47 58 21
13.32147229547016 50 61 24
12.160083461290613 44 55 18
13.73742798374505 9 9 7
14.146662532681287 25 30 17
13.73742798374505 9 9 7
13.849964349343162 48 52 28
13.655992219883146 5 7 0
13.7206165827355 7 8 1
10.892274439472272 10 13 3
13.439247825171499 9 10 3
12.75742417786585 43 54 14
13.070103897460628 46 57 20
11.934787656795638 4 9 8
13.002384065212913 43 57 18
10.430855297932647 2 9 3
12.212236137974426 0 6 0
11.967712637318714 2 6 4
13.399077939202312 3 5 4
11.015565813741128 2 9 3
13.134591587297603 45 56 21
13.648414423605566 0 1 0
11.521777418119498 43 50 14
12.029440651355646 46 47 11
11.394257955230099 41 46 13
11.608398953451891 44 51 15
11.131416350876394 41 47 11
11.846914353051908 43 49 14
11.012973940314994 42 47 16
11.425775774073339 46 53 17
11.425775774073339 46 53 17
13.127249929819943 44 55 18
12.612382358913743 44 57 22
11.634042110854901 44 55 18
12.35133575039681 45 56 19
9.926186891675934 51 66 29
10.328806614083371 53 60 24
11.229219887245922 56 64 30
11.861340095063523 50 56 20
13.299217493302056 46 57 20
13.856205443403422 45 56 21
11.765097621894974 44 54 17
11.464524216400255 50 57 23
12.664570246434089 0 0 2
12.787360278122877 0 1 0
11.720049968835822 48 55 20
12.272781581695721 47 51 36
13.240338524989676 47 58 21
12.411480201394083 5 8 4
12.54657254733055 42 46 43
11.53404482883248 45 56 19
12.911878043129855 0 2 0
13.070103897460628 46 57 20
14.239553032985816 9 9 7
12.667696281029219 11 18 11
11.204607289012351 41 47 12
11.252737279249905 45 54 15
11.350202602117188 45 51 14
11.714118188881377 39 44 8
11.758829196068517 42 45 9
11.290307863578562 42 48 12
11.611814754324014 45 52 16
10.62317222291427 41 46 13
13.846307431363682 55 62 26
14.349867074415123 48 59 22
11.271102940854185 43 57 18
13.811812234940584 53 64 29
12.645035535994873 44 51 18
14.403591558432087 44 51 21
12.731107324850461 1 8 4
10.701588441754943 4 8 3
12.202636436473938 5 9 6
12.78485051163171 1 6 0
12.841609381874587 42 56 18
11.362789664446115 43 49 12
12.01652460433392 46 53 17
12.794234178646711 56 70 29
12.190801639528967 50 57 21
13.379994237547514 52 63 24
9.967568835597747 50 56 20
13.73833786661558 54 67 30
11.986080243661833 47 55 21
11.694942511655281 48 55 19
14.04940852429595 48 59 22
12.170827280324662 5 9 6
12.096133476432655 3 10 4
12.632163019375655 36 43 39
13.498421257310147 43 51 28
19.427158136199093 40 45 12
12.093901859617743 46 53 17
11.848871706027905 4 8 1
12.9599759991916 45 55 31
11.681996251204982 46 53 17
12.645035535994873 44 51 18
12.093901859617743 46 53 17
12.797303387493574 5 9 6
