16.542575409483835 36 43 8
16.680755108009382 58 72 30
15.84685496323553 35 41 11
16.71125506761174 55 70 26
16.779809018359515 56 71 28
15.336186549787564 43 48 17
16.810129257504755 57 71 27
16.74116470844124 52 63 22
16.550943813405993 52 65 23
16.202219535864977 57 71 27
17.160795816820016 53 67 26
15.934306488569417 56 68 28
11.065402223043758 36 47 10
12.181691319922137 41 50 11
12.31269935654468 39 49 11
11.57846055109357 36 48 10
13.838248724322273 38 52 12
14.154622714395149 49 60 22
15.044690657646042 59 70 33
14.316533756589628 43 55 16
14.608219182601506 56 69 29
14.518618152917563 58 71 34
14.765157036199303 52 67 24
14.641413371765704 55 70 28
15.03074946358146 55 69 28
12.156636409680399 41 51 12
13.413604769885056 47 56 14
14.089853098480956 53 65 22
13.452565421611547 59 70 29
14.191222779240922 49 60 22
14.200602688037588 58 71 33
13.577986662463601 57 68 30
14.040432862040708 52 63 25
13.642018647893195 61 74 36
14.009828297997375 58 70 32
14.271142011859766 57 70 33
14.635192382496943 58 73 34
14.191844323628095 61 75 37
14.497602507088134 58 71 34
14.635192382496943 58 73 34
14.635192382496943 58 73 34
14.124562145140457 58 71 34
14.022411865991293 58 71 34
14.0718953919788 58 72 33
15.117869535486484 65 80 41
14.865985852877555 74 89 51
14.804045862827147 50 65 27
14.546729185444226 78 93 55
14.678047944598111 74 89 51
14.354612014283774 82 97 59
15.260224649508219 59 73 34
14.923265065110781 58 71 36
15.388535612869866 54 69 31
14.219981044096855 54 69 29
14.947134271333196 57 73 35
14.522171365716478 57 72 32
14.396429854159726 52 67 23
15.587214240777637 57 71 27
15.028805719150482 59 73 34
15.72799758814198 63 77 37
15.72799758814198 63 77 37
15.64481107319295 58 71 34
16.037695270888083 58 71 34
15.373726066611242 59 71 33
15.87386855020852 60 74 32
15.137102230539488 56 70 31
15.64481107319295 58 71 34
15.307271390745493 60 73 36
14.23033527948605 77 92 55
15.148378131093056 71 87 51
16.09515680120174 66 83 46
15.676692175258456 61 79 43
16.09515680120174 66 83 46
15.228949933877372 79 96 61
15.534192012198265 68 87 50
14.503110136651772 62 79 43
15.926828531505254 62 79 43
14.043042664220756 59 74 37
15.571232535041943 55 72 35
15.42775831332548 53 70 34
15.89658223817765 58 74 36
14.890614796547258 60 75 39
15.068657401802902 62 75 44
15.145867111973013 58 72 41
15.145867111973013 58 72 41
15.285134437365677 77 92 58
15.250507665834528 67 84 49
15.68702938271958 66 80 47
14.939470495381585 73 89 54
15.625310201695246 60 73 36
15.28733995217076 60 73 36
16.294220709847888 70 85 49
16.01867269736063 61 74 38
15.6320130114573 65 78 43
15.449682374437561 70 83 50
15.274242373607468 64 77 44
15.669732744450439 63 76 41
15.162858394920303 64 77 42
15.442900426404291 68 83 47
15.638076984145142 56 68 39
15.668187548640894 57 70 37
14.857008282778917 54 64 38
15.422835390462037 60 70 40
14.901177632449041 55 65 41
15.976077492388791 57 70 39
15.705820403643916 59 73 42
16.235653329234264 59 76 41
15.619481087698736 62 78 44
16.042393675268016 59 74 40
12.250274329793587 0 5 0
12.390933467764365 13 19 5
15.295462413594155 59 69 41
13.906505627685473 66 76 49
14.199610662537344 47 62 24
13.798889583377562 57 66 40
13.825803939664821 65 69 55
12.761583347726475 79 85 63
13.831940739832637 78 87 70
13.591640111959695 66 73 48
13.476624780923222 71 77 57
12.641980211188535 60 71 45
13.77501854424994 52 65 35
15.275515566715656 64 74 42
14.169318644727692 57 67 44
14.388451131727603 68 74 48
14.813378625918267 63 73 44
15.3693395135059 55 68 38
15.01768946278528 54 67 36
13.796446125337917 65 71 44
15.431195241962753 63 74 41
14.309108498926495 60 73 42
15.078444699405768 54 64 40
15.286696304259017 58 63 34
16.6346942310451 54 68 27
16.73175562263389 56 70 28
15.912778606858819 27 34 6
16.550943813405993 52 65 23
15.691305645206297 56 61 28
15.578271214684477 40 45 15
16.526394419384523 55 70 25
17.997778428814044 56 68 28
11.632281375165181 36 46 8
14.518618152917563 58 71 34
14.552016729863265 59 73 36
14.473648487979734 50 63 22
13.929123788172562 42 56 17
14.021782811163666 47 58 19
14.071268549308042 49 60 18
13.77504726631964 56 67 29
14.071268549308042 49 60 18
13.642018647893195 61 74 36
14.022411865991293 58 71 34
13.81611680451737 59 70 32
14.596427635074603 55 69 30
14.578806592887565 60 74 35
14.678047944598111 74 89 51
14.354612014283774 82 97 59
14.69461830249846 61 72 35
14.225684497598273 53 67 27
15.328707278805284 57 73 35
14.624102673710569 54 69 31
15.074965485682858 51 67 29
15.244269112071473 62 77 39
15.64481107319295 58 71 34
15.64481107319295 58 71 34
14.990770613717785 55 66 34
15.87386855020852 60 74 32
14.396429854159726 52 67 23
15.223063376157334 56 69 32
16.07950874948398 60 74 39
15.39228222345974 60 74 37
13.937906368159364 69 78 59
13.672996533618338 60 70 46
14.987512174843518 59 74 39
16.03586240091597 57 74 36
14.88872830397575 63 76 43
14.824609303298635 57 71 40
15.33274170513992 63 76 41
15.777538770854061 70 85 49
15.285134437365677 77 92 58
15.582555254529796 63 80 44
15.669732744450439 63 76 41
15.625310201695246 60 73 36
15.265796571860253 58 71 40
15.82513034248758 56 68 43
15.51732889246234 58 72 37
15.776908402672367 59 75 40
11.763680152691048 44 48 36
12.87824064309337 22 35 9
13.240660599410637 69 80 53
14.361306180271757 67 68 55
12.463354189435572 67 74 52
13.353801727910032 76 82 61
15.01768946278528 54 67 36
15.275515566715656 64 74 42
14.388451131727603 68 74 48
16.12595599340953 57 67 27
16.996364035047545 56 70 26
17.07793024513511 54 68 25
18.401239867287362 55 70 27
11.522846047673207 38 48 10
11.453990793603644 35 49 11
11.231202237583105 35 45 8
14.826306189817961 52 63 26
14.136123317120692 43 53 16
13.926020847304637 54 67 26
11.382284120728125 40 50 12
14.191844323628095 61 75 37
15.123234370422363 60 75 36
13.692876913664508 62 73 33
14.95256036456624 58 73 35
15.123234370422363 60 75 36
14.804045862827147 50 65 27
14.876895255375818 54 68 29
15.486942054177488 52 65 28
15.607031108566702 54 66 31
15.209635045253515 52 66 26
14.836219497446292 54 65 33
15.54130453544148 61 77 34
13.631465140835875 60 77 40
15.228949933877372 79 96 61
14.518531596611849 64 81 45
14.905635347247612 60 75 39
15.571232535041943 55 72 35
15.615532224663717 59 72 41
15.88100228712832 60 77 41
15.851295983181924 78 94 59
15.166925116643537 65 81 45
15.616445785233548 75 90 54
15.041447050900434 77 91 56
15.589276447341708 63 79 46
15.054747161960966 63 76 41
15.582555254529796 63 80 44
15.008504480036343 60 73 36
15.547673306774296 58 73 39
15.942951462641643 60 73 39
15.950415215126649 60 75 39
16.257338162491877 61 75 42
13.2316684100679 38 43 29
14.252766092156657 56 66 46
11.82582689633924 53 55 43
13.424947303527604 48 52 33
14.335064941529074 62 70 44
15.06075667747517 58 71 40
15.090166541522166 67 71 50
14.577809912303493 56 69 40
15.320952359833024 66 77 44
14.33804846019205 65 74 56
18.29015645065354 56 71 27
11.812144588540782 37 48 9
11.845581359722445 40 50 12
11.314352614867271 41 50 13
14.313514800247312 55 66 27
13.929123788172562 42 56 17
14.043510523374989 47 57 20
11.290730097780086 42 49 13
14.200602688037588 58 71 33
15.50047295203469 57 71 32
14.20965044327531 53 64 26
13.81954753390671 54 67 30
14.561133800015801 60 75 37
15.068657401802902 62 75 44
15.534192012198265 68 87 50
13.990429981692929 64 73 49
12.021955100721927 1 7 0
15.587482972150108 63 76 41
15.311911744658476 60 73 42
15.028805719150482 59 73 34
15.307271390745493 60 73 36
14.145104827291528 67 77 52
15.587482972150108 63 76 41
14.089853098480956 53 65 22
14.0718953919788 58 72 33
14.608219182601506 56 69 29
15.777538770854061 70 85 49
13.199557720044309 61 70 51
15.374279566031992 67 85 49
14.943682103827527 57 70 33
