14.548598749799739 25 35 9
14.856298724935574 25 35 9
14.13212816543338 25 34 6
14.28964694646165 23 36 9
13.748024315158833 23 32 0
14.434101642892736 24 33 4
13.214650265656251 24 33 2
15.764063971672371 15 28 0
14.470746552253972 19 32 0
15.515721815201848 21 34 0
14.668694394383524 15 28 0
14.409525194235995 22 34 0
14.997956017140035 13 27 0
14.712097990040949 45 60 20
14.667101004772165 43 61 16
13.833140006084674 43 60 17
13.845388211810862 42 61 18
18.23551804193538 49 62 27
13.738184353563788 25 36 10
13.96651636441721 24 35 10
14.276302705109998 25 35 9
13.754988820700282 23 35 11
13.72235127742321 25 36 9
13.47219696952521 24 37 8
13.740197605349996 26 38 8
14.041873847911305 26 39 8
14.536518127141433 24 37 6
14.18405313876952 41 54 20
14.74975972981408 31 44 12
15.809383384997494 37 52 16
14.908469842303187 22 32 4
15.667151612324096 22 32 3
13.851139257790155 23 36 4
13.550240068432807 25 37 7
13.557239314740105 26 37 9
14.00011925383258 41 55 19
13.594343401461057 31 44 9
13.995256375696647 33 48 10
14.785146145326406 45 60 21
14.125845745796266 44 59 21
13.999551602402091 43 57 19
14.616717578187933 40 53 18
14.398180700709336 47 62 25
14.24568562219703 46 61 23
13.915696885103873 49 64 27
14.125845745796266 44 59 21
13.991834353571445 37 55 15
13.991834353571445 37 55 15
13.97037828371955 42 57 18
13.345802369494047 42 56 17
14.274296288243681 46 61 22
15.921570293386182 46 61 23
14.580765877560816 50 65 29
14.580765877560816 50 65 29
16.69301669106682 38 51 18
14.376321225081288 46 61 26
15.208277793263248 45 61 25
14.680722869832252 45 61 24
14.693252622364572 46 61 23
16.22542726905784 49 64 27
16.22542726905784 49 64 27
16.22542726905784 49 64 27
13.272970206628072 47 63 21
13.23755138273942 49 66 28
12.885990155543443 54 71 34
13.714145202117384 48 65 27
13.090863900947896 49 66 29
14.374207880015739 41 60 19
13.816612892229553 46 63 25
14.222476573019753 42 62 21
13.396105164356173 48 65 27
13.215129885717882 44 63 24
10.448157155006376 23 36 1
10.308598113182976 24 39 4
10.43006888990594 17 33 0
12.695286565389944 53 64 28
14.224853255207899 50 67 30
14.422462959716274 48 65 28
13.971093806366476 50 65 29
13.624472353005022 47 63 27
14.56638125045914 51 71 36
14.095583082654283 52 69 34
14.55473979244963 54 70 33
13.857722545944721 48 63 27
13.633396009869054 59 76 39
13.735987684476717 46 61 22
13.185650609279765 53 70 32
12.690366673658554 55 72 34
12.760976925931212 50 67 29
14.646449229814658 53 70 34
13.648135742752059 52 69 31
13.339137788656934 51 68 32
13.673018936234474 52 72 35
13.508311643589703 60 77 39
13.97463627928961 51 70 31
14.28430998232862 55 72 38
14.204485999455335 48 68 30
12.004699601064704 49 64 28
13.752099737549758 49 64 28
13.956404797930778 48 63 26
14.33758561485811 49 66 31
14.33758561485811 49 66 31
13.528235118723243 48 63 26
19.089481554417187 51 64 32
18.627378475459086 60 75 43
14.49557760856588 48 63 27
13.673763919671787 54 73 36
14.352311892317228 51 69 32
14.911636573433453 52 69 30
15.006729067729953 49 66 29
14.312018329657192 52 69 32
14.600441122659765 51 68 30
15.002630485850712 52 69 33
14.789858322078894 54 71 35
14.352311892317228 51 69 32
14.79401585116226 49 66 30
14.088820261492181 52 69 33
13.934583318507974 47 62 26
13.368346412836106 54 74 41
13.595978702398089 48 67 32
14.036296672361042 46 61 25
13.368346412836106 54 74 41
14.723644716264447 46 61 25
14.383249293871005 78 97 63
14.464331044242993 54 73 37
13.350495213410724 51 68 32
14.044670140901681 45 63 25
14.057766821602316 49 68 28
14.015590736342121 47 64 28
13.633329519948346 53 72 36
14.721102976719154 48 65 29
13.744589737744972 45 62 25
13.744589737744972 45 62 25
13.791544007372991 51 68 32
14.015590736342121 47 64 28
13.512021860221864 49 66 29
13.481793614835428 48 65 28
14.853300619550161 50 65 29
14.17704440066888 48 63 27
14.159187414264096 56 73 36
14.036476117081596 52 69 33
14.11242760292773 62 83 49
14.490568951078929 70 88 53
14.926237442975 54 72 33
14.444707530120711 47 62 26
14.719192000296566 55 74 39
14.571053525184222 60 80 45
14.195056363244472 55 75 40
14.478866537756394 64 81 44
14.2878821357276 51 67 30
14.484631980710903 50 65 29
14.566319019275568 56 73 36
14.661498954832009 51 68 31
14.490568951078929 70 88 53
13.784252785768603 55 74 39
13.796544392338987 57 77 43
13.784075518165352 25 34 6
14.30343815534896 23 33 5
14.816897679407948 24 35 0
15.409299054816461 23 33 5
12.88092029823847 28 37 2
13.004432872457674 30 39 5
13.502312429319046 31 42 9
14.997956017140035 13 27 0
15.45013832133277 15 31 2
15.830755341013838 18 32 2
15.265837234037516 30 47 10
13.929601108558781 38 58 17
13.523085721556338 24 36 9
13.783693149470196 29 42 9
14.435074913741921 36 49 16
16.3978265874471 42 54 19
13.674164038764438 26 36 9
13.43223665627799 24 37 7
13.808332064981338 24 37 3
14.00011925383258 41 55 19
14.037493556307746 32 46 11
13.889223250796798 45 62 25
14.81271488339516 45 60 21
13.877586398789894 38 55 14
16.69301669106682 38 51 18
15.324613743999407 48 63 27
14.776318880523386 45 62 25
14.652905797237608 45 61 24
14.801205928792665 48 63 25
17.783347635922016 46 59 22
13.701963502645045 49 66 28
13.300141138456217 48 65 27
10.252424448549355 15 32 1
14.736431922629539 49 66 30
14.048611570387708 56 75 38
14.56638125045914 51 71 36
13.633396009869054 59 76 39
14.120705943898363 47 64 28
14.611688407508073 53 69 35
13.735987684476717 46 61 22
14.055765660431586 55 75 38
13.967375735286943 56 73 35
13.185650609279765 53 70 32
14.793832747106116 51 68 32
13.828432159617984 55 75 40
11.943264074137637 52 65 30
12.475936494880846 49 64 27
14.325758233181773 50 66 30
12.700786555032288 49 64 27
14.568609606925705 49 66 29
17.78604461006307 14 26 3
18.4409678083506 34 47 14
17.81666208109084 0 8 0
14.245621990073046 51 66 30
14.642434800242595 60 78 42
14.352311892317228 51 69 32
13.933981629556634 51 70 34
15.233086664440142 46 64 26
15.089993936994581 44 64 24
14.352311892317228 51 69 32
13.714874092780736 45 62 26
14.044670140901681 45 63 25
14.144565565786438 46 64 25
14.01947568260371 49 66 30
13.455545255447616 53 70 33
14.35384437130164 50 69 32
14.044670140901681 45 63 25
14.044670140901681 45 63 25
14.170562174185141 52 70 33
14.504201478997686 48 65 27
13.61582573438753 50 67 30
14.11242760292773 62 83 49
14.34707766283776 54 73 37
14.478866537756394 64 81 44
16.133003513271397 13 26 0
16.38327663874665 22 35 2
16.73857350188331 38 51 17
14.084487898087488 32 51 10
18.96658337346072 0 7 0
19.28067496601762 27 37 5
14.381186548091225 23 33 10
14.588778464368149 39 54 16
14.125845745796266 44 59 21
14.5280545024502 42 56 17
14.568747096029478 41 56 17
13.995759433209544 23 36 8
13.572293547418681 22 35 8
13.53717246544309 24 36 10
13.560181796046884 47 62 25
14.17587573660569 40 55 17
12.01435487471361 50 65 29
14.975303712059764 50 65 29
12.89913774624387 53 72 35
13.272970206628072 47 63 21
14.389417085005066 47 62 26
14.03654069733068 54 71 32
13.618342758916263 50 65 31
13.508311643589703 60 77 39
13.934583318507974 47 62 26
13.350495213410724 51 68 32
13.831515898075988 51 68 32
13.534757078864521 54 74 39
14.170562174185141 52 70 33
14.629350395364359 50 68 30
14.723644716264447 46 61 25
14.058799534332215 51 68 32
14.708088555694836 47 64 26
14.613551411797971 53 70 33
13.729953553026009 47 64 28
14.100411360668371 62 80 45
14.484631980710903 50 65 29
13.08785177087701 27 36 2
13.997204494269873 23 36 9
13.658256748484854 26 37 9
12.641834472210551 52 65 29
16.701062174474856 47 61 24
14.542853490454304 46 62 27
13.767006735456425 50 68 31
14.685653731331712 47 64 28
18.40332565540708 64 77 46
13.285734846588175 45 63 18
13.101851311255405 52 69 31
14.131613473465874 58 75 39
12.950279146835085 52 69 32
14.593041646131127 48 66 26
14.057766821602316 49 68 28
14.206815264253626 46 61 25
14.411067992433331 51 68 32
14.82885353535712 51 68 32
13.846650235238144 48 65 28
13.975965091769073 49 67 30
13.881053615543426 52 72 36
14.490568951078929 70 88 53
14.490568951078929 70 88 53
13.796544392338987 57 77 43
14.571053525184222 60 80 45
18.23551804193538 49 62 27
13.889894468070006 26 39 10
14.012690452305245 45 59 21
14.012690452305245 45 59 21
14.037493556307746 32 46 11
15.990768976821697 48 61 26
16.22542726905784 49 64 27
12.893313592933396 51 71 35
13.396105164356173 48 65 27
13.971093806366476 50 65 29
10.041818456369448 24 37 2
14.055765660431586 55 75 38
13.653453443454156 47 64 26
13.547275057799784 57 77 43
13.547275057799784 57 77 43
16.14446233125939 18 30 0
14.287182478304635 46 61 24
14.422462959716274 48 65 28
10.516323743787485 21 36 1
13.512021860221864 49 66 29
14.17704440066888 48 63 27
14.278047355595461 45 61 25
10.47049898821812 10 26 0
14.4189241474944 49 66 29
13.971093806366476 50 65 29
