15.356381648981696 55 70 28
16.337850540303958 55 70 31
7.688834219695811 40 54 9
7.6208710033045275 49 64 20
6.949308215866978 40 54 7
7.578502005921491 38 53 4
7.76912419763562 32 49 4
7.229037254891212 27 41 0
7.159077305781713 56 74 27
8.125920641847538 57 75 31
7.42555675889585 59 77 33
8.128006602120541 56 76 32
7.423273410906582 61 79 35
7.761816546898826 66 83 40
6.938694757807853 66 80 33
8.150282258382818 3 14 2
8.154527267609296 55 73 27
8.579313600758718 47 64 16
8.750173085434218 55 74 29
8.33878934817817 1 15 0
8.200037092545221 63 80 33
7.823471305795547 64 81 31
8.385320876432509 75 91 43
8.017462263972536 69 85 37
8.739726555654283 57 77 35
8.676088598304464 60 80 37
15.841560016914567 53 71 31
16.090982404724194 49 67 22
15.261753461610988 48 68 28
15.427103440972441 47 67 21
13.470358940010989 62 79 41
14.154280873453283 53 77 39
7.624143976087703 39 53 6
7.631859405167491 47 62 12
7.367250170793165 43 56 13
7.220039843516504 45 60 17
7.499872394110868 46 62 11
7.959231932835559 33 45 0
8.241982474618691 63 79 35
8.48228003146677 49 65 21
8.991989393702202 61 79 35
7.616605064179718 49 63 16
8.822367928611547 49 67 25
8.301034498748391 51 66 23
7.624788468218262 50 64 21
8.010874620120338 54 70 26
7.367917134171074 50 64 21
8.502294445837222 52 68 22
8.326265651837517 48 64 16
8.429970421268205 52 68 23
8.186958185760535 50 64 21
8.365918686799239 52 68 24
8.935154381178672 52 68 24
8.12768192751549 54 72 28
8.567305394320075 53 69 25
8.972649140325125 56 74 30
7.63173153656246 63 79 34
7.9478880459335395 65 83 35
8.334742694673883 62 78 32
8.304070591943841 54 73 27
8.653888045437387 59 77 29
8.421619995551648 57 75 29
6.969300174369228 64 84 44
7.250499358431222 61 81 39
9.005176765729333 64 85 40
8.138859651445536 66 90 50
7.968308171581431 60 80 36
7.773180893915017 67 89 47
7.643634551522479 64 88 48
8.729347941513806 64 84 41
7.17631876470778 64 85 46
7.6292678158238445 70 92 51
8.314609402969461 69 93 55
7.830238204147693 65 86 45
8.147651455570498 61 81 39
7.6536373568206075 64 84 43
7.314434700409075 63 84 45
7.830686445194385 65 89 49
8.43418860778267 67 91 53
8.14842684241091 68 89 49
7.711761268451674 66 88 47
7.566680121270586 71 94 54
8.43418860778267 67 91 53
7.773451815704504 65 87 48
8.39222027110719 64 86 44
8.73007166343289 69 91 51
7.507526554039713 69 90 51
8.260983257072425 65 89 50
8.45607278280542 67 88 44
7.59488378911394 60 81 42
7.725247686802212 61 81 42
7.725520289533716 61 81 42
8.081209596996572 63 86 44
7.91182432881432 69 88 43
8.018600427399521 70 95 54
8.340052002299544 71 94 52
8.192791698761138 60 84 42
8.311914988303128 61 83 39
8.206086375191326 67 90 48
7.647264973292118 73 95 54
8.141169158451667 63 83 36
8.079111554130089 55 77 32
8.192791698761138 60 84 42
10.382918706717563 62 85 43
9.740533802206267 61 82 40
9.639154930401599 66 88 46
9.054628962795926 66 88 44
9.639154930401599 66 88 46
15.241489011980505 61 83 38
15.110820373124476 64 89 48
15.839597823324006 55 71 27
7.4363617745213695 20 34 0
7.765788574115338 33 45 0
8.185552699331854 57 71 27
7.823471305795547 64 81 31
8.334099958788435 57 73 30
8.512403064812013 2 13 3
8.125920641847538 57 75 31
8.483087656306605 58 76 29
7.961658624696464 68 85 40
7.514931101661119 37 53 4
6.795541920151872 67 83 34
7.159077305781713 56 74 27
8.657338080439652 55 71 27
8.240010560628052 58 74 30
8.18649599681722 63 79 35
7.49977879367751 48 63 11
7.63213534351938 47 63 17
8.599528038207835 50 65 22
8.482362790288521 49 64 22
8.304070591943841 54 73 27
8.30611181254489 57 76 34
6.824511181628011 64 85 46
6.824408318258393 66 86 46
7.250499358431222 61 81 39
8.204341921192869 62 83 40
7.643542711555739 67 89 48
8.25850588531986 64 86 44
7.582568106594415 63 83 41
7.497235180602802 68 92 54
7.570603298783095 67 91 51
8.159630430575353 67 87 43
8.159630430575353 67 87 43
8.204940839323735 66 88 48
8.668156750169114 67 91 52
8.260983257072425 65 89 50
8.02670275424044 65 86 47
7.8244582550469035 74 97 56
7.5947913596289345 62 82 43
7.59488378911394 60 81 42
8.079111554130089 55 77 32
8.194860637362943 66 90 49
8.31803137240488 68 92 51
7.7159410235850086 59 78 30
8.151574111733309 69 92 50
9.381908691754255 66 88 45
9.48603719579738 64 84 40
15.110820373124476 64 89 48
15.045623861952183 68 93 53
7.152068001947165 34 46 2
7.895566683305268 29 40 0
7.56126961733908 60 77 34
9.254108650036194 52 68 20
7.644624543834863 39 53 6
7.218835078841944 59 73 28
8.145484345396378 59 75 31
13.544444394163436 60 81 45
8.132576661730623 52 68 22
7.561328194998385 45 61 8
8.061228670962123 55 73 29
8.538898620127572 52 68 24
7.283953422445016 48 62 19
7.955113013346796 56 74 30
8.27003832705453 65 83 35
7.773451815704504 65 87 48
7.637437651919104 73 95 54
7.437529311219438 65 89 49
7.570603298783095 67 91 51
7.70965373988557 70 92 51
8.25910087568995 67 91 51
7.8244582550469035 74 97 56
7.582568106594415 63 83 41
8.00802270112515 64 85 38
8.348968266318787 70 89 42
7.9628047644201185 72 96 55
9.945446385076643 64 86 44
15.839597823324006 55 71 27
8.246010018857161 56 74 28
8.841165447136975 61 82 37
7.898936374272078 21 38 2
8.060444895964439 56 72 27
8.18649599681722 63 79 35
8.822447497245024 50 67 23
8.935154381178672 52 68 24
7.960025673660345 50 64 21
8.158856108481677 57 77 33
7.849934365737096 66 88 47
8.66775181787327 68 90 49
9.056578530232343 70 92 51
9.48603719579738 64 84 40
8.185552699331854 57 71 27
15.86981280361686 56 71 32
7.62967175317531 61 79 32
7.686720405043069 42 55 8
7.893829255376368 59 81 36
7.974269149816831 70 91 50
7.583030987698771 64 84 45
7.220525964998865 50 64 21
8.934918684237827 51 66 25
7.553447788030117 47 61 16
7.9688042285484 60 78 30
8.433938910740153 69 93 54
8.125509491379558 54 70 26
8.28437500699536 72 93 52
