23.36715123439671 52 64 22
24.27976106215211 55 66 26
21.99115068880719 40 52 4
23.61033737696986 45 57 10
24.009254237433744 50 62 18
14.859792663645067 50 60 16
14.738859190353988 47 57 16
23.452755031694913 18 30 3
24.228027606316775 52 64 22
13.763994506568178 66 78 57
13.618745826211352 75 87 66
14.317243290463047 74 86 62
15.18306951453442 72 85 59
14.19971159416749 28 39 1
14.094806191545663 43 53 9
13.242814111894946 60 72 27
14.320757445184121 49 61 18
14.600446469885231 41 51 9
13.908212531316936 57 70 27
14.112614602785401 59 69 27
13.939230013580973 60 70 28
14.547036208405366 41 49 7
13.3841374376156 62 76 32
13.67219442055778 62 76 33
14.020507061481274 53 67 24
13.85875689657251 57 71 28
14.367552711718632 49 63 18
15.09228647090588 42 56 13
13.713390530523002 47 62 20
13.982008552232429 51 66 19
14.279954319999181 49 64 19
14.088208263267564 47 63 21
14.33204869648834 47 63 19
13.43970458775911 62 79 35
13.840363693759855 64 79 34
13.985946815311895 56 74 33
13.642440539122138 59 77 34
17.066092394740576 53 66 39
16.674121382095958 56 67 41
17.748472756527434 65 74 59
17.20500006410364 64 73 63
15.548416643919131 68 79 65
17.29739545822424 59 71 52
16.512897500711208 59 71 47
15.124714944405111 72 83 69
15.82178832780066 63 75 56
14.452782957855295 56 76 37
15.213265655828454 67 81 50
15.076586730869655 59 76 42
13.808573443749367 56 73 34
14.484921228511569 53 73 33
15.11203029655917 67 80 51
15.135455847416432 63 77 46
15.23653556225232 62 79 48
15.443649113867634 57 71 42
15.23653556225232 62 79 48
15.843222860875139 65 78 61
16.02916018923198 65 77 53
16.63710951662717 71 82 68
15.37899359989128 69 82 53
15.402013120708181 62 76 49
15.397700149773167 72 88 57
14.35159003478187 51 69 29
14.714912613209345 59 75 39
15.297685369742617 71 85 54
15.26267294548861 62 79 45
16.36000264640143 64 77 60
16.089588942891435 63 75 54
15.561464009951376 69 83 58
15.868360977760966 66 80 55
15.444354126085978 70 82 67
16.07168773322785 66 78 63
16.36000264640143 64 77 60
15.92244743609911 63 75 57
16.146373653606737 55 66 55
16.763524964112296 69 78 66
15.4529714125819 66 73 65
15.342961322822791 72 81 69
15.754717251922553 70 79 67
24.592647886060664 53 64 23
24.38999926804142 55 66 26
22.25360693663903 61 66 51
22.00347766739934 57 67 46
21.848467271609326 68 76 58
22.145552924893774 11 17 16
21.848467271609326 68 76 58
22.145552924893774 11 17 16
22.145552924893774 11 17 16
24.244837129250715 72 82 56
24.287411917245763 71 84 53
24.287411917245763 71 84 53
24.27976106215211 55 66 26
23.314050187302314 29 43 6
24.928254128980036 52 64 23
24.43217287672896 53 65 21
13.868980700132086 70 79 62
14.576449286800253 47 58 17
14.954569509880221 67 79 56
14.43507252364 71 83 61
14.969381234857766 81 93 70
13.896286802808389 44 54 12
14.15595552012312 52 61 19
13.396308033125829 55 65 23
13.63057804455726 62 76 33
13.998947976942473 45 53 11
13.91222527975231 38 45 0
14.275846875824872 46 58 15
15.306423045984284 44 57 12
14.640274164366792 45 61 16
15.00891852789995 45 59 14
13.963777698457914 47 62 19
15.00891852789995 45 59 14
13.58011136665606 64 78 36
13.227998390486682 59 76 34
14.735779511944443 63 75 30
13.508162934905993 58 76 34
13.66864638805487 52 69 27
16.674121382095958 56 67 41
15.465365639908867 72 82 69
17.104105636778318 59 69 46
16.679437390236114 63 75 56
15.057481253403813 64 78 48
15.021908982080804 59 76 42
13.487100737829934 51 69 28
14.011510216209217 52 70 31
15.775315526630509 62 76 47
15.23653556225232 62 79 48
15.325394812466723 67 80 53
15.895075608718306 65 78 59
15.554347250484968 65 78 54
14.751225218437781 63 80 46
14.746479613239904 54 72 32
15.60976923785718 69 82 53
15.707797041273471 69 84 52
16.142481047211252 68 82 55
15.786993202117346 63 76 59
15.444354126085978 70 82 67
15.786993202117346 63 76 59
15.686169773330931 68 77 67
23.11038742698281 55 66 25
14.423232941403494 61 69 26
14.498977075937505 43 57 13
14.396347948106124 53 61 14
13.793889132284205 50 67 22
14.59232834289181 47 60 18
13.364030505919853 49 61 16
15.095232831462928 46 58 15
13.09539678518633 64 78 35
13.634879874352796 62 78 34
16.975909913613904 53 66 37
15.325394812466723 67 80 53
16.239563443564574 67 80 63
15.6069308380268 59 73 46
15.15908090641694 64 81 51
22.01117362984874 66 74 66
22.145552924893774 11 17 16
24.099966502202534 71 84 51
14.781595546921507 48 58 16
15.209008457614342 51 59 17
13.899229619977573 47 54 16
14.272731368095286 42 56 13
17.02647848587449 57 67 43
15.348017972490823 70 81 67
16.785737552117638 53 66 37
16.127617868493996 62 74 53
16.01788213735955 61 77 44
16.29265472868194 62 74 50
14.326102653525748 56 73 36
22.72971209453348 62 72 48
16.24819893412026 62 76 53
14.249144843012076 53 70 31
13.919838427618265 51 68 25
16.55218124227874 61 73 52
14.358524471848426 55 72 34
13.386044079345115 57 75 33
23.994815899235345 61 68 72
22.029282146826898 59 67 49
15.349862710004345 65 77 52
15.829021247925958 65 74 62
15.984670848312364 69 83 54
15.402013120708181 62 76 49
15.297685369742617 71 85 54
