11.876966659540223 31 46 7
12.172830150710498 40 59 6
11.7615218170019 38 57 0
11.51038648463103 39 58 4
11.130361187671472 47 66 14
11.850380458980117 43 60 8
11.797930981909333 37 56 3
12.289653122856278 40 57 6
12.185589138501461 38 55 10
13.010436768571346 42 59 6
11.914916265887923 40 57 3
12.806418710498749 41 58 4
11.968487864274842 43 59 4
12.25923326250233 39 56 0
11.815351391148122 41 57 5
12.392409436627164 41 58 8
12.068208610303257 43 59 7
12.605901942430712 41 57 7
12.338349140295614 41 57 10
13.24225128390058 41 60 9
12.877421228136576 49 65 14
12.445896916975748 48 64 17
12.877421228136576 49 65 14
12.269073148171461 40 56 3
12.333727384569746 42 57 2
11.374248994081332 40 58 2
11.201413381807065 43 59 6
11.291695116386476 11 29 0
11.48100961366013 49 68 15
10.611572363879443 46 66 22
12.40951032371626 43 62 11
11.047196103165208 46 67 16
11.429986815361676 32 50 4
12.632759862996055 40 59 6
11.658904440693798 47 68 19
11.505585949486349 47 66 15
11.61150133810464 46 65 12
10.989134160961681 48 66 18
11.843227475344063 34 51 0
12.224198140669968 38 57 4
10.819146145497715 48 68 19
11.373879130057968 45 66 17
11.969771034092256 39 56 1
10.638157468561523 47 68 17
11.505585949486349 47 66 15
12.695857200828053 42 58 12
12.638154659766586 46 64 18
11.503885320861203 45 67 18
11.955895379814892 45 67 18
13.044215118135146 46 68 18
11.434539876786568 44 65 16
11.889186643811065 45 66 17
12.98309950537551 52 73 23
12.313945157730958 50 66 18
12.99885369887584 55 73 25
12.007139896243736 30 46 0
11.90638835960224 44 62 14
12.293042599235825 51 69 23
12.365447980869405 44 65 16
12.424417114183866 45 64 13
13.055874098803155 53 69 21
12.46248885599837 44 64 14
12.112372667166841 49 67 19
12.375444659291736 32 50 7
12.255436709572685 29 47 3
12.7689112781879 49 67 23
11.907409635350815 25 43 0
13.321201895794932 46 64 21
12.549643441708707 45 61 17
12.673004918354527 32 48 5
12.88923108344622 47 65 21
12.373962285663628 48 64 18
13.049023836468532 54 72 28
13.183653035526733 49 67 23
12.909937542964245 51 68 24
12.701556409592696 52 70 26
12.433848706094459 52 72 28
12.007966894014595 53 71 27
11.612679139224424 53 74 29
12.484698569305854 52 72 28
12.029364818174297 48 64 18
12.44950030822766 44 62 16
12.775157552985407 52 70 26
13.256653421748704 52 70 26
12.500286502514308 46 64 18
12.373962285663628 48 64 18
13.313890784037309 44 62 20
12.753651671255586 45 63 21
13.49841382044321 50 68 26
13.39940774083335 49 69 25
13.099737356541887 50 69 24
12.767108597988264 54 75 28
12.66238579770804 51 73 28
11.836367928520058 44 65 14
12.022814188994452 46 67 20
12.970764764767024 44 63 12
12.13483086650866 41 60 8
11.946378405960902 41 60 7
13.154186590884871 43 61 13
11.446709578125018 44 62 17
12.000574094187725 42 62 11
13.25496743596028 47 68 17
12.645776252145353 45 66 14
12.719759561372754 40 61 9
11.813776843427396 47 68 18
12.512071840045191 46 67 16
12.708242584602742 48 69 20
12.397127490621624 47 69 19
11.489189883039275 45 66 17
12.815374979726705 44 65 16
12.159127090070713 48 69 19
11.51288625935351 48 70 23
12.58528654599371 49 70 21
12.912775501718919 48 69 18
13.060787479475623 43 64 15
13.201943640010137 46 67 19
12.918799198515213 47 68 21
11.238888482578108 47 68 19
12.800460602112953 53 70 22
12.706001216273734 48 69 20
14.148964425117406 47 68 17
13.88514498162663 45 67 20
14.148964425117406 47 68 17
12.625209555041188 47 68 16
12.965206659932083 47 68 20
12.245850015444608 46 69 14
13.70557771822173 47 68 21
11.847791664232664 44 67 13
11.268283994318487 49 72 18
11.213112083981525 51 72 21
11.512608941101591 67 91 49
11.624003541662677 48 70 20
11.319489383909328 49 74 23
12.160459505583171 55 76 28
11.978907037803191 52 74 26
13.1727361232217 49 70 20
12.165382722647637 54 75 28
11.865429746679522 57 77 33
11.190619984847082 60 81 34
12.28511962527715 58 76 32
10.88834566731393 55 75 31
11.552119759430076 57 77 33
11.664284281247951 56 76 32
11.859999352922461 54 74 30
11.531832257392757 60 78 35
11.119631427141446 55 76 30
10.974428885384665 58 78 34
11.037845464709681 58 78 34
10.949567274923995 56 76 32
11.816448026037177 54 74 30
11.61191447036811 54 75 28
13.109969896420504 52 73 23
12.515663207672512 51 73 28
12.459770559101022 52 74 29
11.816448026037177 54 74 30
13.094969800954633 54 76 31
12.842630892291305 55 76 29
12.214208585911992 54 75 28
12.320346920347635 56 77 30
13.120262266842893 54 75 28
13.120262266842893 54 75 28
12.91797883689088 55 75 31
10.481710755233967 75 99 59
10.624483137180695 56 76 32
10.918022370995576 84 108 67
10.967022616676038 63 83 39
10.466264366767376 55 75 31
12.86607115957113 53 73 29
11.133373905216729 55 75 31
11.057338226859411 53 73 31
11.96062769874809 53 73 29
12.11223683862886 52 72 28
11.998891030233537 52 74 28
11.860609317461845 52 72 28
11.252335863108085 55 75 31
11.975264033042526 54 74 30
12.96914935321417 53 73 29
12.363572667688022 50 72 25
11.670256263097857 51 73 28
12.593816179564916 51 73 26
11.226323914647205 51 73 26
11.285712240428257 52 74 23
12.143101223080441 47 68 16
12.769708024675579 46 68 18
12.21726999689359 50 72 15
11.975695710511408 49 71 23
12.837960542594299 48 72 18
11.895961428957815 47 69 20
12.458834440328054 51 72 21
11.480712174306746 48 69 15
12.242715894443378 49 71 20
12.465077504182215 52 75 23
13.600269168832568 46 68 17
14.040047116675312 46 68 17
11.6522579138025 52 74 25
11.572909187659494 50 72 23
12.095181569135407 47 71 21
11.420952777794003 51 76 25
12.025228951673164 52 73 24
12.494006405207715 52 75 19
13.198306543628492 46 68 19
13.21380415845047 47 69 24
13.151233936437482 47 69 24
13.21380415845047 47 69 24
13.866935717312508 45 67 18
13.242517840999922 54 76 26
13.968198009216149 51 73 24
12.871557517216276 53 78 28
11.31450313636383 56 76 32
12.73810570506955 55 75 31
13.696920621071719 55 75 33
11.106526610959854 55 77 28
13.949632716458527 54 76 29
12.193421098417746 55 75 31
12.424006902848054 52 72 28
12.88431658292337 54 74 30
13.033010306313384 54 74 30
11.3622713493134 56 77 26
13.644886522276169 57 79 30
11.673482486603675 55 75 31
13.146677133675418 54 74 30
13.500691921630063 54 74 30
15.474455984665283 46 67 14
14.908971710280218 46 69 15
15.844540488857572 46 67 16
15.647834711671452 48 69 16
11.814132935619668 41 60 7
11.894352250111275 40 59 6
11.51038648463103 39 58 4
12.002039637327504 29 46 1
12.987814088276044 42 60 12
11.67181734698777 41 59 4
13.004455518599313 41 60 6
11.676019944836119 43 60 7
12.147259151957872 40 57 1
12.36895220351194 41 57 2
12.587470030081843 39 56 0
12.363402706233623 40 56 3
13.039181988483563 42 60 10
12.068208610303257 43 59 7
12.133933176983518 43 59 4
12.285742982558208 38 54 4
12.267478361492639 50 66 15
11.329614230127639 30 47 3
11.035146178617866 46 67 16
12.017389009535705 43 59 6
11.035146178617866 46 67 16
11.047196103165208 46 67 16
11.283882128934012 46 68 21
11.298583104761025 33 51 3
11.955895379814892 45 67 18
12.491700047067333 48 64 18
12.189369680433208 37 53 7
11.99545423032149 46 68 19
12.46248885599837 44 64 14
12.46248885599837 44 64 14
12.061575248425946 46 68 21
11.90638835960224 44 62 14
12.521000972187537 41 56 8
12.710663052472466 34 52 10
12.228355616333463 25 41 0
11.841724781198117 47 63 19
12.655299221150399 39 57 15
11.841724781198117 47 63 19
12.772423540065073 53 71 27
12.88923108344622 47 65 21
12.500286502514308 46 64 18
12.782776797036588 47 65 21
12.15926962965478 45 62 16
12.361040643299566 50 68 24
12.909937542964245 51 68 24
12.902393391304608 52 72 28
12.656512759372138 46 64 20
12.480670418624799 41 59 17
13.012251104806884 49 64 23
13.68756354015746 50 70 26
13.36956763729832 52 73 28
12.970764764767024 44 63 12
11.923480203525086 47 66 16
12.115008750364476 46 66 23
12.518288353613562 48 69 20
13.382455113723125 48 69 18
13.324359652703853 42 63 14
13.382455113723125 48 69 18
12.230787360192135 45 66 15
13.357715673357557 45 63 15
12.411249080239601 48 69 21
11.681114178452528 46 68 20
11.743290578029708 45 66 15
10.843988493999817 42 63 13
12.800460602112953 53 70 22
12.971550267587226 56 74 28
11.6860985559047 49 72 17
13.397482109605297 47 68 18
11.606383313431026 47 70 16
11.727181377248446 49 74 20
11.212560599351946 49 71 21
10.795949798166212 45 70 20
11.19429276353997 47 69 18
12.510299572599385 49 72 27
12.898788973160011 55 76 26
13.385463879111844 50 71 20
11.865429746679522 57 77 33
12.096284857336014 64 82 38
11.190619984847082 60 81 34
11.664284281247951 56 76 32
10.205231337535555 56 76 32
11.72975754524352 56 74 30
12.333911594079135 62 82 40
10.793381322164045 56 76 32
11.865429746679522 57 77 33
11.037845464709681 58 78 34
11.001915570386755 58 78 34
12.686786026322546 51 73 26
12.17749940730302 51 73 28
10.964332814604333 66 90 50
10.967022616676038 63 83 39
11.576312259032889 54 74 30
11.997548003731575 50 72 27
12.042607155200432 54 74 30
11.845831320276378 52 74 26
11.975264033042526 54 74 30
11.474348426190186 53 73 30
11.601520371427235 52 74 23
11.355966539905614 50 75 23
12.612174833776265 47 69 20
12.468952151394287 49 71 20
11.977329348241751 49 71 14
12.301185559936698 50 71 20
12.238769623763893 52 74 21
12.546544414638074 42 65 13
12.231537470315935 46 69 15
11.716193033702798 50 72 25
12.091187146920774 50 74 21
13.304658772632212 53 75 26
13.407967910444055 53 78 28
13.92417255960946 45 67 18
11.163491796145847 55 77 28
12.424006902848054 52 72 28
13.451086581596105 53 73 29
12.463649784319463 54 74 30
13.109099939849173 53 73 29
15.161402070377248 45 68 14
11.389878778734145 39 58 5
12.99885369887584 55 73 25
12.46248885599837 44 64 14
12.861518291732366 45 62 9
10.638157468561523 47 68 17
12.638154659766586 46 64 18
12.012503773570023 47 68 19
11.055446913953894 46 67 16
12.923208891381039 43 59 5
12.800342128820127 42 59 6
12.224198140669968 38 57 4
12.281001979692252 40 59 5
12.910683850553658 38 54 2
12.135223175074879 53 73 29
12.767108597988264 54 75 28
12.715068471194748 54 74 30
12.997694832067396 51 72 27
12.156397102343005 49 66 22
12.775157552985407 52 70 26
12.481461917159088 48 69 22
13.024464738536034 43 61 12
13.316791103844386 47 68 20
12.2267754489673 45 66 16
13.661685459233281 47 68 21
12.573920885971239 47 68 19
12.664767670853138 41 61 8
11.82748849848088 47 69 18
12.074984100486411 48 69 18
13.35840250358437 46 68 19
10.852672767545053 51 76 24
12.96630378440915 53 75 26
10.367434532698537 57 77 33
11.974659908779891 57 77 32
11.525945257490234 56 76 32
12.165382722647637 54 75 28
12.459770559101022 52 74 29
12.189455874755568 54 75 28
12.94361715646705 55 76 29
12.189455874755568 54 75 28
12.398869191682163 54 76 31
11.442367610158048 53 74 26
11.544613906017641 52 72 28
11.344311195458598 50 72 21
12.046246993439302 49 71 26
12.218809505848457 48 69 17
11.698711659182377 51 73 26
12.379829367754661 45 67 16
10.868123241551558 55 76 25
13.684125868571865 55 75 31
11.645048110772885 56 76 32
13.096145384480463 54 74 30
14.908971710280218 46 69 15
11.584669051368952 13 29 0
10.413926563025345 45 66 17
11.500677213065906 34 50 3
12.424417114183866 45 64 13
12.25923326250233 39 56 0
11.592537330334965 40 58 3
11.009519739362073 45 66 19
11.90638835960224 44 62 14
12.500286502514308 46 64 18
12.787660746411838 47 65 21
13.281637994132694 49 67 25
13.213502183238402 46 64 20
12.064965724394495 47 63 17
11.613421485168528 41 60 7
11.319489383909328 49 74 23
11.238888482578108 47 68 19
10.684428517710332 46 67 14
11.904659796905852 46 67 16
11.740721763731255 51 73 26
12.505798858740398 54 76 29
10.122762331198961 59 79 35
13.331428276670731 44 66 15
12.029245275936855 49 70 21
11.645257399045255 51 72 17
11.548410703273273 50 72 25
12.190556618405385 53 73 29
13.045001793571227 54 74 30
16.40746978899586 46 67 14
12.551024701789212 52 70 26
13.495090507712723 39 57 15
11.889186643811065 45 66 17
12.348585304217504 45 66 17
12.88180818677961 46 68 20
11.891581969298127 45 66 15
11.124193814913756 45 66 15
11.268283994318487 49 72 18
12.717949914263905 47 68 15
12.313531266147695 54 75 29
11.429169645591307 57 77 33
12.373543292079102 49 70 17
13.91158681663451 47 69 20
11.765513415957813 55 75 31
12.913147002188532 55 77 29
12.979248776892424 48 66 22
12.41218878786834 52 70 26
13.451189661031814 43 64 13
12.01627847742577 46 67 20
12.583323916272455 57 78 27
11.053950918911768 60 86 38
12.104703363459125 56 76 32
11.057338226859411 53 73 31
11.213112083981525 51 72 21
13.008498937588032 45 67 16
11.89844062575119 47 69 19
11.752101946496879 40 59 6
