10.02861371186012 46 52 30
10.168891790589019 48 52 30
10.49950606055869 46 50 28
10.115810205856906 46 50 28
10.02861371186012 46 52 30
9.960525582568616 46 50 29
10.074539634837851 47 51 29
10.339562778362966 51 55 34
9.619370606728067 49 53 32
9.871957594205615 48 52 33
10.625580678809227 41 47 21
9.976006676060265 40 46 22
10.097709290911183 45 49 28
9.805021858196648 40 46 23
10.340589485522038 45 49 28
9.988045763566008 45 49 28
9.652688519546208 48 52 31
9.652688519546208 48 52 31
9.516125851230852 41 47 23
9.764527048702307 42 48 25
9.559643853039917 48 52 30
10.109758146688975 48 52 32
10.169304038608987 47 51 30
9.720673266675464 47 51 30
10.31067633422628 46 54 23
10.14887555049421 49 53 32
9.695593588629782 46 50 29
11.33718770552288 17 21 4
10.959636284727203 27 33 8
9.168136168682507 46 50 28
10.135648569895471 41 45 25
8.923929808708397 44 48 27
9.764687213185027 40 46 24
9.35909147471747 46 50 29
9.169490005104391 49 55 33
8.770173436552406 48 54 32
9.156203912807932 44 52 30
19.071046702476213 52 55 38
9.276026822832545 46 51 31
9.620277122482948 47 51 30
9.864798175104175 39 44 21
9.921544525421114 44 47 25
9.921544525421114 44 47 25
9.463494063839674 44 45 20
9.241689488676512 46 50 34
9.268974209726439 47 52 33
9.208207217813838 47 49 27
9.68166149068685 46 50 28
10.180856403539869 49 53 32
10.41552228054353 49 52 31
10.139850582848783 50 54 33
9.831972058101265 52 57 40
9.188264128250449 50 54 35
9.039715960491725 48 53 32
9.657927807318387 47 51 30
9.491613783993417 49 53 33
8.92108031176908 48 54 33
9.11738308069585 49 56 36
9.706777165559576 49 53 33
9.410366008175714 50 54 34
9.188264128250449 50 54 35
9.773384592461499 49 53 32
10.44318182850844 50 54 33
9.212225182087607 52 56 40
9.371720801956487 51 55 38
9.470921817462594 52 56 40
9.419888645209884 52 55 43
9.375555174023251 52 57 43
9.8253185105598 52 57 40
9.1668874509557 52 56 40
9.1668874509557 52 56 40
9.919984532075345 53 57 42
9.047664489194394 53 58 43
9.338016827543692 54 58 42
9.086402437636925 53 57 44
8.133119916025116 54 57 44
8.678385351057214 54 57 44
8.295137973896786 53 57 43
8.875162640417335 53 57 42
8.687404010607805 52 57 41
7.833260183902019 51 57 35
7.564996655079878 52 58 36
8.759173295315579 52 60 41
8.759173295315579 52 60 41
8.636684902208405 53 61 42
8.784043429309733 48 54 32
8.759173295315579 52 60 41
9.462224186000059 51 57 36
8.807815651156053 50 56 34
8.15936399510985 47 51 40
7.792862699950189 45 50 33
7.88675809357495 46 50 40
7.5390186522759635 51 56 40
7.565300215836441 45 50 33
7.537610349373656 45 50 31
7.427247937989188 55 61 43
8.190255130345754 49 53 39
7.871243681098922 53 59 42
7.683307960444491 52 57 42
7.756095875370863 48 52 39
7.24763153861796 49 54 38
8.629109767681697 54 62 42
7.889479320376903 52 57 42
8.113303049307646 50 55 40
8.299381480535143 54 62 42
19.414400324059205 36 42 17
19.307722528187917 39 44 19
19.414400324059205 36 42 17
19.573492654390922 40 46 21
19.518986243505587 41 47 23
19.619485121615458 41 47 22
18.74281749153406 35 40 13
8.03159166416377 49 55 38
7.914370181966465 50 56 37
8.03159166416377 49 55 38
10.715786583819188 50 56 36
15.229134069192972 54 62 42
10.084821097419086 52 58 40
15.057190629474317 54 62 43
9.342032444244644 55 60 42
10.232169437251533 51 57 37
9.453335820575923 49 54 32
10.086616167710003 49 53 32
10.230497621666252 48 52 31
10.245418147650872 48 52 31
10.259282235767214 43 47 25
9.545788667040235 47 51 29
10.351950704476845 46 49 27
10.627669573327625 50 54 33
10.109758146688975 48 52 32
9.695593588629782 46 50 29
10.157325817796679 45 49 27
9.35909147471747 46 50 29
9.274200278669817 47 51 30
10.258960945763922 49 55 34
8.900467721080968 43 47 26
10.28203559918774 44 49 27
9.805021858196648 40 46 23
10.756181009854707 31 40 14
18.96933348975034 50 54 36
9.501895698792895 47 49 29
9.242668942410184 45 46 21
10.207525111853688 43 47 25
9.508887484665797 46 52 30
9.378696151766453 50 54 36
10.41552228054353 49 52 31
10.139850582848783 50 54 33
9.2334968975732 50 55 36
10.29481921043293 51 55 34
9.73066180304114 51 54 33
9.590518551206642 49 51 29
8.564763535181186 53 56 43
9.064359671583208 51 56 39
9.919984532075345 53 57 42
8.973399976963547 53 57 44
8.690613743748433 52 56 42
7.422828549416644 50 58 37
8.21149933042284 51 59 39
7.771574628235567 45 52 32
7.414013282743688 51 57 39
7.753061675416988 50 56 39
8.875162640417335 53 57 42
8.584305603146047 53 59 37
7.422828549416644 50 58 37
7.871243681098922 53 59 42
9.75271700447493 50 56 36
8.411239043215616 55 61 42
19.619485121615458 41 47 22
19.46261559297607 42 50 26
15.092903424461417 56 64 44
9.237140034905769 49 53 32
10.191435617104377 45 49 27
8.859895288910552 49 55 33
9.82616524031445 43 47 25
9.936208736028242 43 50 19
9.946402304079054 40 46 23
8.61964022847209 47 53 30
10.35130762315439 36 40 18
9.786077556819649 41 46 24
9.50694117476826 45 49 27
9.82616524031445 43 47 25
10.959636284727203 27 33 8
19.52367635994368 50 54 35
9.501895698792895 47 49 29
9.071571361851209 50 56 38
8.92108031176908 48 54 33
9.864798175104175 39 44 21
9.110207655307534 51 56 38
8.913746867154066 49 53 37
9.491613783993417 49 53 33
10.087741236419273 50 54 34
9.017987164238148 49 53 38
9.338016827543692 54 58 42
8.640179272671624 54 58 43
7.7019885792206155 47 52 35
7.598606823042949 47 52 36
8.295137973896786 53 57 43
8.934265129574989 49 57 35
9.414760813558921 50 56 35
7.944588614139479 49 57 35
7.667651024971065 53 59 42
8.942932781754793 53 56 43
8.203531589272986 51 58 39
7.793729573816996 48 56 33
19.502164137117713 48 56 33
19.495786023544426 37 43 17
19.334531058217063 39 45 19
19.495786023544426 37 43 17
10.48978631598777 51 55 36
9.406439551416067 54 59 43
9.342032444244644 55 60 42
10.315987821150662 43 47 26
9.871957594205615 48 52 33
9.497306218269673 47 52 30
10.494537900889867 44 48 27
9.936208736028242 43 50 19
8.958474628510666 48 55 33
9.67787938429485 50 56 34
7.56820304658642 47 51 36
7.9159384486872355 52 56 42
8.318855027383549 49 55 32
7.9159384486872355 52 56 42
8.340234527330134 52 59 39
7.889479320376903 52 57 42
9.215306336933885 45 47 24
9.2334968975732 50 55 36
10.017600194615662 50 53 32
9.26537939664123 48 51 30
19.389556002098015 38 44 16
19.389556002098015 38 44 16
10.875619238272105 50 56 36
10.114997496572803 42 47 26
10.245418147650872 48 52 31
8.281642622554386 48 54 31
10.005440360042815 49 51 29
9.212225182087607 52 56 40
9.832625419017228 46 49 28
18.74281749153406 35 40 13
10.325806480599661 48 52 32
8.340234527330134 52 59 39
9.984939839707797 49 53 32
9.561269398786399 47 54 32
9.542943338098274 52 57 43
