18.034167599617632 46 66 23
18.343916359854795 47 67 25
17.879145015568625 46 66 24
17.609574763885036 43 63 21
11.859190174966972 50 64 19
10.968363374703353 49 65 20
18.64754195243267 45 64 22
11.599003589540233 50 66 20
18.814867072988626 43 63 21
9.8757629989115 39 54 12
9.467237992217923 40 55 16
9.885637267846178 36 50 5
10.581568817195052 45 63 21
10.64906379969215 45 62 17
10.347326385275307 43 57 16
10.30038739309362 50 68 22
10.261532657164222 47 65 19
10.64906379969215 45 62 17
9.698516416335464 38 54 9
9.484604016091685 51 67 19
9.484604016091685 51 67 19
10.158520814477956 51 68 22
9.426566111351612 50 66 20
10.041085045044143 36 48 5
9.646516367707173 47 63 12
9.182469030356238 52 69 18
9.912434113712346 33 49 1
11.3962364871875 31 50 0
11.563274246565049 35 54 3
11.759067936018788 46 62 12
10.683460573834097 52 68 18
11.063667201211482 42 61 10
11.317020031700237 37 54 5
11.662215767915207 52 66 21
10.556260268155965 52 66 22
10.481790292033727 52 66 23
10.468979206191852 52 66 22
9.92633847596525 52 66 20
10.568965557496313 52 66 21
11.016952546611293 50 66 17
10.957145603517525 40 55 6
10.443117545849912 53 68 15
10.659800647516825 46 62 12
11.116202697415918 29 48 0
11.095081071246891 27 43 0
10.691175080565126 52 68 18
10.48794455274388 52 67 15
10.674061715517054 44 63 12
9.978160354709969 48 62 17
10.592342388132606 50 64 19
10.489653116133137 51 65 22
9.863837080863139 51 65 20
9.841848661744724 51 65 18
10.489653116133137 51 65 22
10.072744250125671 51 65 20
10.483008804993156 49 63 16
9.951225042743006 50 64 17
10.364571152395461 50 64 17
10.457373924297334 51 66 16
11.069214371792112 50 64 19
11.513819396481766 57 69 22
11.471888002871038 52 66 21
10.908773256967255 53 67 22
11.07708350789125 51 67 19
11.937614906673634 51 65 20
11.120503665984721 53 69 21
11.518313436899767 52 66 21
11.531901835786357 53 69 18
11.531901835786357 53 69 18
10.436636072770266 53 67 20
10.23515890178655 52 66 19
9.568467447275493 51 69 22
9.059828266120107 54 71 18
9.076294669534182 53 69 16
8.945339612157031 51 68 18
9.482383320714245 52 69 17
9.209670393156307 53 70 21
9.076294669534182 53 69 16
9.733403776665362 52 69 13
9.733403776665362 52 69 13
9.564344704086867 52 68 15
8.289084054916616 55 72 17
8.813213784644972 57 74 23
8.402368724851698 54 71 15
9.223282421180748 54 70 16
9.148626393002713 53 69 16
9.413044519899335 53 71 17
9.315057804664233 53 72 20
9.428894094761732 53 69 16
8.412175399918565 55 72 16
9.174280436401734 57 73 20
8.944413158788812 57 73 21
9.27508244815129 53 69 16
9.132290411617454 54 72 18
9.132290411617454 54 72 18
9.43928447741111 56 72 18
9.472513800643332 55 72 16
12.051236654719522 51 69 23
15.139213716444905 60 78 31
15.012018076288834 58 78 36
9.436329315786523 58 76 26
10.833975203577507 58 76 27
11.394918040259359 58 78 29
11.56066727154918 55 73 27
11.770788549332135 55 71 23
9.1892018465958 61 82 35
9.462504703716641 59 77 28
9.34741143297065 59 77 29
9.512659244777929 53 69 16
12.46252580705336 52 67 17
11.771635485659548 56 73 17
11.460575208147349 55 71 19
11.97955253222051 55 71 19
11.293357051043833 61 77 25
11.333240877700497 57 74 25
11.333240877700497 57 74 25
18.562496109019186 45 65 23
11.366944639134742 50 64 21
11.7348933393654 49 63 18
11.976615531100066 50 64 19
9.829967421159104 37 52 10
9.6522051218382 43 58 18
9.902903565301425 46 64 23
10.419273732897375 39 54 15
9.421074318559251 50 68 18
10.119121363262115 49 65 19
10.581568817195052 45 63 21
9.892729213779619 43 58 16
9.421074318559251 50 68 18
9.754936461520822 38 54 6
9.907211652267367 41 58 9
9.584059995961866 53 69 18
9.912434113712346 33 49 1
11.315436396468888 29 48 0
11.34043510034617 51 67 17
11.50828282127852 49 65 15
10.481790292033727 52 66 23
10.77207088853117 53 67 22
11.409301967606924 53 67 22
9.83346786795265 52 66 19
10.568965557496313 52 66 21
10.74886683259748 54 70 20
11.313604745699765 29 45 1
10.287472292589705 49 65 13
10.369563274744706 52 67 15
10.691175080565126 52 68 18
10.489653116133137 51 65 22
10.865466781330344 48 62 17
9.869082495028433 49 63 20
10.15833522886229 51 65 18
10.76057462544162 49 63 16
11.173022831861342 55 69 24
10.128849044891098 53 67 20
11.257572201208788 55 67 20
12.334291232887095 52 68 20
10.72791998879926 53 67 20
11.888473924096454 51 67 21
11.513819396481766 57 69 22
9.504331449206342 57 73 20
9.223282421180748 54 70 16
8.539882301860152 55 71 16
9.248376620148894 53 69 15
9.123257827743933 53 71 18
9.428894094761732 53 69 16
9.568467447275493 51 69 22
9.039937171252904 52 70 22
8.67649469762039 53 69 18
9.323904583106007 55 73 22
8.820798102204403 54 70 16
8.731860224615257 56 74 20
11.505936220163022 55 71 23
9.99343708686445 58 76 24
9.34741143297065 59 77 29
9.338586923437683 58 77 29
11.228638592482733 55 71 23
10.530760106542933 50 68 22
11.594540824642484 50 68 22
15.113835277753688 56 73 25
15.947554968308024 57 75 31
11.791545294817594 55 71 18
11.460575208147349 55 71 19
11.293357051043833 61 77 25
10.902845222356172 46 64 21
17.92479275727065 45 65 23
18.782921789433768 42 62 20
11.599003589540233 50 66 20
9.36264260908408 51 69 23
9.902903565301425 46 64 23
10.041085045044143 36 48 5
9.744929757958678 41 57 13
10.607929968150208 44 60 10
10.37425040661102 50 64 17
10.476851644950715 51 65 20
11.146292530188393 40 56 6
10.184722815812657 48 62 15
9.496949467625551 53 69 16
8.412175399918565 55 72 16
10.12789486067931 51 68 12
10.12789486067931 51 68 12
9.443413201907918 54 70 17
9.483681832803619 51 68 12
9.564344704086867 52 68 15
8.822563798833382 57 74 23
8.822563798833382 57 74 23
9.413093293286156 60 81 33
14.950771936373446 57 77 35
11.008173750944001 54 72 25
10.875543849451963 56 74 26
15.174423285003051 58 76 29
9.398180203455873 53 69 16
12.46252580705336 52 67 17
11.0032165774316 59 75 22
11.477715639290471 49 65 19
11.700803122543695 48 64 18
10.787150320546196 49 63 18
10.476851644950715 51 65 20
10.653451003492314 52 66 19
8.916717021596403 56 73 19
9.25006069886837 55 71 17
9.657379883598008 55 72 18
9.225869361052409 52 68 17
9.209670393156307 53 70 21
8.55734926517844 53 69 16
11.43444762346867 57 75 28
9.680076964492002 59 77 26
11.667823495841667 57 73 20
12.182451074469821 54 70 19
11.071116777895167 44 63 12
11.172281109047677 54 70 20
10.736374438255174 53 67 22
9.735051110227309 60 80 30
8.55734926517844 53 69 16
11.467375768437627 52 68 20
10.774993655557111 46 62 12
10.12789486067931 51 68 12
11.004764482159077 53 67 22
11.849183192278302 54 66 21
11.857792524859367 57 73 20
10.997087305596512 27 46 0
11.172281109047677 54 70 20
8.780346490899626 54 71 15
9.323904583106007 55 73 22
