12.550760474857755 0 4 1
12.444380012197616 4 10 15
11.597116629793595 41 59 39
11.83950470179919 33 43 35
11.33708751586668 42 54 43
10.882971508388096 42 60 38
12.17269424315564 2 10 7
10.193620921204186 49 65 41
11.1932782381357 28 38 29
10.375167307726676 42 58 34
10.657087226203322 35 53 28
10.341071912717696 40 56 31
11.977819366563885 2 6 2
11.118792804057197 29 43 25
11.49436557034386 0 5 1
11.348858588914132 31 45 26
9.70270444706518 40 53 25
9.284208036216473 30 43 8
11.594000571144308 44 63 38
12.445020031254288 40 56 35
11.364168882950118 49 68 39
12.798436241070142 27 37 29
12.523024980834245 46 54 46
12.204470987909916 45 62 37
11.325210364080503 44 63 37
11.190808967041457 42 60 38
12.600480522501927 38 54 36
12.600480522501927 38 54 36
12.36302447944236 0 5 2
12.36295668173131 48 64 41
11.967288152631864 43 62 36
12.239955615136187 24 35 22
10.738006977704469 45 63 38
11.186053421848364 39 57 37
12.56114501793027 6 12 13
12.680964957384322 54 71 50
12.52580058820657 55 73 54
12.52580058820657 55 73 54
11.993871463288608 6 12 11
12.56742155090174 53 72 47
12.678181404838583 45 61 40
12.678181404838583 45 61 40
12.481213394399932 10 21 9
12.041681550177536 52 69 44
12.563887786547706 56 72 54
12.680964957384322 54 71 50
12.481213394399932 10 21 9
11.362693283487486 34 47 30
11.62060814988919 33 48 31
12.60888079677152 52 71 41
12.488326711243664 52 71 46
10.762789722180354 51 67 45
10.762789722180354 51 67 45
11.878936075662898 56 75 50
11.770470294902946 51 70 45
11.846887720313541 54 73 48
12.687966287022634 55 73 50
11.792232756436057 35 51 30
11.963583990526331 50 69 44
12.376579123736082 55 74 49
10.843894659700096 44 63 38
10.973650875577205 46 65 40
12.615922130284703 54 73 48
12.021949235629993 42 61 36
11.723780691293893 42 61 36
11.974681140844936 44 63 35
11.63127569291251 44 63 35
10.746245695591288 45 64 35
11.840876002983407 45 64 36
11.546485919837089 48 67 37
11.368849923390746 46 65 35
11.548037182177401 46 65 39
11.060333553157012 43 62 34
10.949422232073763 46 66 35
11.117023465405849 46 65 35
11.770463315767602 44 63 35
11.209763567836687 45 65 37
11.171822478437532 46 66 38
10.340901860030614 46 66 38
11.600800382744701 48 67 39
11.722958298883697 48 67 39
11.336136070278762 48 67 41
12.45779688821156 48 67 37
15.51690178752943 61 80 52
10.025534389578317 47 66 38
10.78826705303289 47 66 38
11.001848274683423 47 66 37
10.724030949004156 49 68 40
9.307844733646988 49 68 40
11.430333189782624 48 67 39
11.022780891704361 49 68 40
10.4498833534483 50 69 41
10.267965235143153 49 68 40
11.223209689417978 48 67 39
11.221613523406067 49 68 40
11.541876923474193 52 71 41
11.970192623055006 51 70 40
12.252946306505919 52 71 40
13.078779127411243 52 71 41
13.082173809757874 53 73 47
12.092290987038972 52 73 42
13.082173809757874 53 73 47
12.814260872423795 52 71 42
12.933185679651707 49 68 41
11.388362007159593 53 72 47
11.863355059538154 53 72 46
12.400216841754439 57 76 50
11.084395655954005 51 67 43
11.359613979115506 56 72 48
12.050636184504983 62 78 54
12.186366634309328 62 82 57
12.472046175682685 62 82 57
12.935938075539468 60 80 54
12.829510507845361 64 83 58
13.198017868273565 57 77 51
11.050784242494593 50 69 39
10.89684931319843 48 67 37
10.70262129803144 49 68 38
12.292133966687011 54 68 37
12.72089247745592 60 74 45
13.09178502527769 58 75 45
12.970891137665204 61 77 52
14.186951321746099 51 68 38
13.692444256587745 51 70 40
14.359929585056355 54 73 44
13.139713374780237 57 74 44
12.864728886706288 57 74 44
13.432744531822577 52 69 39
12.537926975485554 64 80 53
13.48343004633102 53 69 42
16.50450931252069 52 73 42
16.46960865971498 50 73 44
10.597265140643206 38 55 32
9.966354043227271 43 56 35
10.203192137301373 47 62 38
11.657968567477159 50 66 42
20.451406330477674 33 47 19
19.844785990549266 52 70 41
21.60475591709032 51 70 42
21.543247637843496 23 42 13
20.892669522139325 52 71 41
19.969212567931184 20 36 6
21.12007276296181 31 50 19
12.054452914744331 8 19 0
12.50061722521071 11 24 2
10.454292372921516 48 67 37
9.140103751963103 47 65 35
9.768155547880443 49 68 38
10.815376688954741 47 66 35
11.058969545899057 49 66 33
10.4432361387212 48 67 35
11.011648530286887 49 66 32
11.195767569920172 50 67 33
11.404812994858368 49 66 32
11.404812994858368 49 66 32
11.623861815689471 52 68 35
11.292444313738994 42 60 39
13.430218548271217 1 5 10
10.929266871928945 30 46 25
12.403722792954522 37 53 35
12.639063452016114 9 16 9
12.480550651024256 0 6 8
11.234234325620706 41 59 37
11.751592672385232 46 65 36
11.372801744389353 43 61 37
12.949589942212123 43 59 40
12.563887786547706 56 72 54
12.494682354299924 54 73 47
11.468120443618112 53 72 47
10.705897246122495 54 73 48
11.004207333830054 18 30 18
12.680964957384322 54 71 50
12.171084863049241 55 74 49
12.615922130284703 54 73 48
12.921542821657576 52 71 46
10.62127384780235 54 70 45
11.047541580974734 1 8 2
11.575583342135188 19 32 18
12.452818278297507 53 72 43
11.616786373527068 11 20 12
12.637646113107214 0 6 1
12.75476047702476 3 9 7
12.089397270014699 57 76 51
12.221903825164748 53 72 46
10.929190180105628 57 76 51
10.67023999506457 48 67 39
10.51820397182607 46 65 35
11.6488035828043 44 64 38
11.171822478437532 46 66 38
11.368849923390746 46 65 35
11.564142327177276 48 67 39
11.209763567836687 45 65 37
11.060333553157012 43 62 34
10.949422232073763 46 66 35
12.144889451690391 48 67 39
12.261628013883682 48 67 39
10.396396949025565 47 66 38
11.114743553068529 49 68 40
11.362713319254738 47 66 38
11.221613523406067 49 68 40
9.684358101010279 49 67 39
11.114743553068529 49 68 40
11.805690134767529 51 72 42
12.929071027880463 50 71 40
12.175430479883948 49 68 40
12.175430479883948 49 68 40
11.946588369069097 59 78 53
11.084395655954005 51 67 43
11.084395655954005 51 67 43
12.203122385908204 62 80 55
12.464217324119643 56 76 51
11.12191174627814 48 67 35
10.363169611955252 50 69 39
10.89684931319843 48 67 37
13.075623261088476 53 68 37
12.970891137665204 61 77 52
13.287048332530768 57 74 44
14.112518330376878 53 70 40
14.018824265333958 55 71 44
16.50450931252069 52 73 42
10.676164854554562 51 67 45
20.57264777417922 45 60 31
20.33894485003943 51 69 38
21.99809756501622 54 74 44
20.66775079315606 10 29 2
21.490980694405838 24 43 13
12.189556476991855 1 13 0
9.140103751963103 47 65 35
10.311965529474893 49 67 35
11.195767569920172 50 67 33
12.250202341331146 3 8 11
10.841472141161855 42 60 39
11.258801060141913 43 59 43
11.62219524223903 41 52 43
10.836563293185648 42 57 40
12.689485936829815 0 5 3
11.058021364883844 29 45 25
13.354892893582676 7 9 17
11.066097576288499 41 54 40
10.247358528928965 40 56 32
10.723423594013571 38 54 30
9.465548303230774 22 35 4
12.909906863241904 0 7 0
11.23182868504975 42 60 38
11.784699280497138 1 8 1
12.491128011902969 53 72 43
12.680964957384322 54 71 50
12.44003630793284 2 9 5
12.881066137140085 52 71 44
12.488326711243664 52 71 46
12.078373316672998 51 67 43
13.032001254767824 50 69 42
11.816261523609736 42 61 32
12.01970125050604 41 60 33
10.86994287188863 49 68 40
10.54684254953261 47 66 38
11.591669593766312 42 61 35
15.38976379286727 56 71 43
11.33302221331366 44 63 35
12.085818723130732 59 75 51
12.639112235985484 65 84 59
10.70262129803144 49 68 38
13.075623261088476 53 68 37
12.537926975485554 64 80 53
14.022619154875676 49 68 40
16.46960865971498 50 73 44
11.35262289809824 50 66 42
21.335650168688346 56 75 46
21.490980694405838 24 43 13
11.932730819066405 20 31 3
11.932730819066405 20 31 3
8.976965002672307 48 65 33
11.22412363271999 48 66 32
11.270552576743379 49 66 33
11.453390767112042 45 64 36
11.831885570664056 47 63 38
10.878898152967604 40 59 33
11.05390150411904 52 71 43
11.488149827842225 2 10 4
13.038814093102328 53 72 47
10.988131277578901 45 65 38
11.840876002983407 45 64 36
11.839363110153885 50 69 39
11.57108514840302 52 68 44
12.646245276894033 54 68 38
20.78616844415597 49 65 34
20.296309142298824 49 67 36
20.648946848986437 49 68 39
10.583797852686862 49 67 37
11.956228586518844 7 11 12
11.854355796689255 56 75 50
11.022780891704361 49 68 40
11.927989479977029 47 66 38
13.075623261088476 53 68 37
11.171822478437532 46 66 38
10.693497105418757 49 68 40
11.188448827743104 38 54 30
12.719995827507626 42 58 37
12.163786026288552 48 66 39
11.325210364080503 44 63 37
10.444086620515343 42 58 37
10.724116768083373 51 67 43
12.695873395900167 24 35 8
11.930235917576118 52 71 46
12.229204711587975 42 61 35
9.219091893683183 49 64 35
12.662955069237661 60 77 47
12.56742155090174 53 72 47
12.252946306505919 52 71 40
10.583797852686862 49 67 37
