10.095983169346102 12 24 29
10.776481040072778 11 19 18
10.124919456904085 3 15 17
10.033570582734484 11 19 17
10.159627282250923 25 40 46
20.952561224493117 24 27 25
20.89690599267842 9 12 10
20.791216161069247 6 10 6
20.41878181478362 0 3 4
19.67364690615661 1 5 6
20.14451632367966 7 11 7
20.014825853947873 8 11 9
20.3765226323163 6 8 8
20.337112083678214 7 11 6
20.516734600813034 8 12 5
20.049448563916087 22 26 25
20.140543638078967 12 15 12
20.734555140140046 59 66 58
19.32418394420349 11 16 12
20.8127994640951 56 66 40
12.927419666228047 4 4 3
12.927419666228047 4 4 3
11.478647387129216 4 7 4
12.067875291436394 4 7 4
12.409726788885603 3 6 3
10.305516102262366 9 16 12
11.305848563121748 21 27 26
10.961996006593901 20 24 23
11.403491774899182 3 6 3
11.657158001117619 0 3 0
11.630989297629947 37 50 8
11.430506922402827 42 57 11
10.907569528114506 45 59 13
10.988353589418118 46 59 19
10.945498682489932 11 15 17
11.245695649104173 11 13 15
14.069813139437274 42 55 11
13.93837244036171 43 55 11
13.803429567540112 10 10 14
14.346082137920277 9 17 20
10.21605107699568 5 18 13
10.015230087900672 4 12 7
9.907991077561638 47 60 31
10.857624434971777 68 79 57
10.017142277066807 1 12 5
10.386253554303076 46 57 41
10.137203533823039 1 8 3
10.017142277066807 1 12 5
10.480920889191363 49 62 34
10.039295577625937 2 12 10
10.7691891279648 2 9 2
14.61925602091215 0 3 1
10.962756618189786 45 60 28
11.668653412492743 51 68 30
11.03334879487017 0 2 0
11.645130048259473 0 2 0
11.029386180848142 57 66 41
10.572279381224813 36 44 28
11.029386180848142 57 66 41
10.002127543910529 48 63 22
10.937220822379814 42 54 20
10.662348015877752 44 58 24
9.702060683567835 41 55 22
9.403403947847849 50 66 27
9.8013833520294 41 55 16
11.5772078098517 52 69 31
11.307730650056852 57 66 33
10.906443636762019 49 65 20
11.428358066035917 51 67 20
11.652353682894116 43 56 18
11.128351730847195 44 57 19
11.328154715724152 51 67 21
11.99933100414539 50 67 24
11.80984789573201 43 60 16
11.152408245798487 43 58 13
12.199939610100628 50 66 26
11.686864758212222 50 66 27
11.341601663535602 48 63 15
11.868575596881358 49 66 24
11.304472204746181 47 62 18
11.13873290145804 47 63 17
11.368572936644295 3 5 7
11.368572936644295 3 5 7
12.787297664381068 9 7 13
14.015963817128723 4 5 9
11.389315840093722 9 14 14
11.564226201252493 0 1 1
11.495100619144964 8 5 10
11.935490050761219 4 3 10
12.063318887696038 7 4 11
11.862193783831874 0 3 6
12.035860308359858 5 2 8
9.807189496382842 53 69 33
9.807189496382842 53 69 33
11.346002625673554 51 69 33
11.419859503261764 51 69 33
11.509824367401603 49 68 30
10.774671211456194 51 68 36
11.48856153950938 56 64 53
9.842062202553743 52 65 43
10.72342856493782 10 18 12
10.88971577116649 54 65 45
10.185066650263975 50 68 40
10.38260316897998 52 67 39
10.136827360613113 51 69 38
9.66524692714916 50 69 39
10.083288986046457 52 71 42
10.019845901719803 49 68 40
9.949682166979464 47 66 39
9.916372623092451 50 69 41
10.019845901719803 49 68 40
9.916372623092451 50 69 41
10.738471014602698 45 64 37
10.735543481224814 45 64 36
9.649707505134824 4 18 15
9.768402835959703 7 19 18
10.07965658720594 44 60 66
9.651692111752407 0 11 13
20.332370132006858 8 9 10
20.542739313797043 6 9 7
20.4514221153264 5 9 4
19.989356595613195 7 10 7
20.377327779344153 55 65 42
20.001187680932734 0 3 0
19.96130054025608 2 5 0
20.346612562136766 34 38 33
11.0905199706523 40 54 9
11.140129736874115 8 11 8
12.539693417909668 21 23 23
11.478647387129216 4 7 4
14.270285816027952 41 55 11
9.733917505790327 3 16 13
11.04313697574606 57 64 53
10.505088522978856 2 8 2
11.909613257924264 49 66 29
9.911708622603735 8 15 9
10.480920889191363 49 62 34
10.578873691451353 41 51 35
11.579922563069447 51 68 29
11.03334879487017 0 2 0
10.756868755380333 52 59 40
9.908536820600887 19 28 18
11.381360780439195 43 59 15
9.90481808509613 46 61 24
9.505847669314234 50 65 25
10.856056269293774 46 62 19
11.294243375423822 41 55 19
10.197043174884572 47 63 18
10.000212483704804 43 58 15
9.703326322267955 60 72 50
10.476093313152854 49 62 32
11.82378562728712 58 68 38
11.304472204746181 47 62 18
11.151307074606489 48 64 16
11.40380683987757 50 65 22
11.049702749794188 44 59 16
12.011004261475794 50 66 23
12.85287504996187 7 4 9
10.742342891467235 5 10 10
11.331066007116293 0 2 3
10.024946400131778 53 69 35
10.572367530852762 51 68 35
10.462139871932346 52 69 34
10.019845901719803 49 68 40
10.034560431064278 53 70 40
9.52907773631548 51 65 38
10.052812597383024 47 66 40
11.371477682996066 1 7 2
10.512994039882193 53 67 41
10.083288986046457 52 71 42
10.670581730098261 53 67 42
9.873189153306036 50 69 37
11.041928289610492 55 67 47
11.044296670922689 43 62 34
9.930240316554336 11 17 16
11.357902001621182 17 21 20
9.77357997589356 0 12 13
20.85338785199049 7 10 6
20.024722637128633 0 2 3
11.680125431626362 54 64 38
12.695709713165837 20 21 21
14.146683611910898 7 7 11
9.907991077561638 47 60 31
10.299556354040789 46 62 24
11.294243375423822 41 55 19
10.572367530852762 51 68 35
11.436548494890618 50 68 32
11.564226201252493 0 1 1
11.342344355158058 32 38 30
10.019845901719803 49 68 40
20.12459352569369 6 8 9
11.369052371802892 42 56 12
20.18691435589875 0 4 0
10.299556354040789 46 62 24
11.38351850844414 57 66 36
10.906443636762019 49 65 20
9.959591673631602 7 19 22
11.299199959955986 0 1 0
9.44252506215402 52 69 37
9.557935565203012 51 70 41
11.734414341749432 0 2 0
13.404453101732157 41 55 10
11.127248178982276 44 59 18
10.314138116411252 2 11 4
11.485918076336105 66 71 56
11.822690982138191 50 67 28
10.243488384975635 56 66 53
9.812251194542744 19 30 18
11.62676529420117 48 63 21
11.417106690402974 51 70 32
11.03034277525141 64 73 62
11.74979255873911 44 57 17
11.879295095910015 5 5 14
10.220576196497182 51 65 38
