15.972710770945618 49 51 29
16.01532354271508 36 40 19
15.311673404825282 18 24 3
15.733270618534767 9 13 0
13.25128112392841 7 10 0
12.928452758153389 23 29 15
12.673052931347819 37 48 8
13.096159437480072 37 51 10
12.847483461998344 30 44 2
14.876926721938453 63 76 46
18.46884683438698 57 68 35
15.080641188223971 57 70 40
14.511932438822202 74 88 58
14.657341566071237 51 64 29
14.113800271489918 48 61 24
15.72828938176702 53 66 31
15.507287495414868 48 61 26
15.00675618001561 54 65 28
15.586132495620195 54 65 28
15.507287495414868 48 61 26
14.725103927106884 47 57 65
16.5629085104012 49 57 68
15.495494079633016 48 57 65
16.423650107430213 47 56 65
15.826290314571775 47 58 61
15.908020637204881 49 58 66
13.885305374750851 49 63 38
14.540928668572825 49 62 45
15.574668990586888 48 58 62
14.557932991050297 49 61 48
14.790067681611692 51 66 43
15.377610254888296 52 66 42
13.697732949147984 49 62 51
13.520896084267775 49 62 44
14.241734042004426 48 62 33
14.859851913509445 48 60 56
14.133980852660097 49 63 39
14.173939268789226 49 63 37
14.911635851297 51 62 28
13.741085442058631 71 85 51
13.741085442058631 71 85 51
14.813441145617057 50 65 39
14.72416847839708 50 64 37
15.664687524851242 51 65 39
15.035470965039426 50 64 37
16.407209597994008 51 65 38
13.793609143399966 50 64 37
13.34830183046768 51 64 35
13.755791869812859 43 56 39
13.34668183615151 49 62 33
13.447964754748586 49 62 35
13.095215051284892 49 63 34
14.711537880205194 49 62 27
14.15260529698875 50 61 28
13.971999121494056 49 59 21
14.097794061410156 47 60 25
13.69920874198974 49 59 25
15.365900435818698 53 65 27
14.277418393630432 50 61 28
11.257259610421784 53 60 30
10.848254176180546 9 12 0
17.094159437675177 45 55 59
17.660459684941394 46 54 58
17.091267882618276 47 55 50
18.366856740678912 46 55 57
17.714456579214957 46 56 57
12.928452758153389 23 29 15
13.096159437480072 37 51 10
12.673052931347819 37 48 8
15.053242973583153 61 74 43
14.726877045262848 49 62 27
14.723940235639013 53 66 29
15.154348938572522 53 66 31
16.39481368355028 48 57 65
14.786897234847142 48 57 67
15.03780635415434 48 59 59
14.790067681611692 51 66 43
15.052233927111489 50 63 42
14.646742588184535 49 59 53
14.22046213801796 49 61 53
13.518839728250994 49 62 47
13.552511416638682 49 63 40
15.875541880106447 48 58 63
14.186613590735487 51 61 25
13.918030244198288 51 62 28
14.159766189056109 56 67 36
15.410427777854531 49 64 38
15.269670386070928 48 64 39
14.379078261780622 51 65 37
15.526235366437385 50 64 37
13.235037085032262 48 61 32
13.755791869812859 43 56 39
13.949268934180967 50 64 37
15.364493173602671 54 65 32
15.365900435818698 53 65 27
15.49272102504505 50 61 28
10.453530680456792 11 15 2
17.65766086542042 47 55 54
17.714456579214957 46 56 57
17.823015377029822 46 56 56
18.527049472219645 47 58 52
14.711309066572253 49 63 34
13.33847450132887 41 42 26
13.096159437480072 37 51 10
13.125845496710847 46 57 19
12.847483461998344 30 44 2
14.607059745607142 59 73 42
13.969828645395 53 66 31
14.397230510402895 46 57 66
16.41828026990415 48 57 65
14.606154781436578 49 62 44
14.634907855245194 52 63 31
14.734978384016763 51 65 38
16.233144408577342 52 66 39
13.487103354014081 51 64 37
13.483896522824459 45 58 29
13.709310799732714 50 64 37
13.953657286751788 45 56 19
13.971999121494056 49 59 21
15.364493173602671 54 65 32
18.045799856785216 47 50 52
14.91043185939063 61 75 44
14.91043185939063 61 75 44
15.296277021676161 51 65 41
15.495439098726884 51 65 38
13.608528861899247 48 62 35
14.310267041581634 48 62 34
14.711537880205194 49 62 27
14.806957039454355 55 66 31
14.924850764441809 51 64 27
14.397230510402895 46 57 66
18.2600087069049 47 58 49
10.808549531813878 23 26 11
10.557114166163968 8 12 0
13.61488305760962 49 62 42
14.097794061410156 47 60 25
15.190977356748737 17 22 3
16.8087427816495 39 41 19
