13.608085684210218 24 41 5
13.790145318418048 26 41 7
13.257881424143491 27 40 9
12.749660490837183 28 43 7
12.591668107019599 30 43 8
12.476277219451973 31 46 6
12.808363724654857 31 46 8
12.468620386774656 28 43 8
12.155522597751945 28 41 4
12.448277656660048 32 48 3
14.443677582976061 27 40 3
13.646222816598257 25 40 2
13.70370238708535 25 40 2
12.784748618522398 28 42 1
13.557985550941137 24 39 0
13.684727199622536 26 41 5
15.032588636247993 21 36 1
13.551275188396625 23 37 0
14.560433860032202 24 39 0
13.796657520011777 21 37 1
13.504638899660273 18 33 0
14.246506896912635 60 75 34
14.038731114422735 53 68 32
14.246506896912635 60 75 34
14.679327619121361 6 21 0
14.546672192937494 14 31 0
14.622728332347029 57 73 29
13.899963447518227 52 68 30
12.227724000612712 33 49 10
13.540009565681682 46 64 22
13.836721850858794 35 54 12
11.848147395094239 34 51 14
12.509131961699522 25 42 4
13.26583800673491 25 40 3
13.462008800807736 53 69 23
13.082873111145586 37 55 12
13.721113525571381 42 60 17
15.432748297493093 49 66 22
15.449576712631835 55 73 30
13.411646742111117 43 61 17
13.129812219559716 43 60 16
13.062699557989918 56 71 30
13.658926411594036 54 69 28
12.883765234484379 53 68 27
14.117523978938538 58 73 35
13.134348373749962 55 70 31
13.739897478154074 50 68 26
13.279041047810404 59 76 38
13.406915437144551 51 66 25
13.95212421715428 49 64 23
13.281117974920127 51 69 27
13.109858659727289 52 67 26
13.709992470150684 56 71 30
12.553827815770905 44 61 15
13.072900068030384 47 63 17
13.134078884423934 49 65 19
13.34506576709247 46 61 16
12.886698729953435 44 60 10
13.147637820135595 41 59 12
13.222291514960135 55 69 24
13.179305455204577 45 61 14
13.906577713035972 49 65 19
13.629593374848245 43 59 11
13.570648606833254 44 60 11
13.666663954653567 43 61 13
13.664039679659345 50 66 20
13.398354982160704 50 66 20
13.398354982160704 50 66 20
13.666663954653567 43 61 13
13.003033962975849 46 62 16
13.009313614516106 51 67 19
12.962855272420134 50 66 18
12.843364257306904 56 70 29
12.560332053992603 50 66 22
13.374603077400106 58 76 36
14.389962000822798 57 75 35
12.26327677747157 56 74 31
12.74689988877434 61 78 39
12.413169165366158 65 84 46
13.690411187846523 55 73 31
14.620837288761495 57 73 35
14.190567112628036 59 76 37
14.329852821724321 57 75 35
13.142658857818642 59 77 37
13.532411828622308 56 74 35
13.512172989017127 59 77 37
12.910809756590666 35 51 13
14.270454459657438 57 73 35
11.861391492665765 27 44 4
13.953559811904839 54 74 30
12.822454252744297 40 58 17
12.233130018787666 41 59 18
13.057979649137234 52 70 29
12.9996948694718 53 71 31
13.106694579193022 58 76 35
13.342848467013491 57 75 33
13.237757707437009 58 76 36
13.643849081288096 55 75 34
13.50660183984567 57 75 33
13.065930067740606 60 77 39
13.01494351681211 58 77 35
13.273361700740544 57 75 33
12.9996948694718 53 71 31
13.600167411236212 56 73 35
13.541094551774227 55 74 35
12.9996948694718 53 71 31
13.004430651955747 62 80 40
13.277999876519079 72 89 51
13.804032229729259 60 79 39
14.289955897391506 52 68 21
14.553561471439084 53 69 21
14.97076817880905 49 67 19
14.913797354873703 53 69 23
14.80323572565679 54 70 20
14.509327617435613 49 67 21
14.056587050565033 48 66 19
14.32448782552711 48 66 21
14.553561471439084 53 69 21
15.223369797408301 55 71 23
14.65586106024604 48 65 19
13.179786712699153 52 67 26
13.671627617052946 54 69 30
12.453576905972012 52 67 26
13.671627617052946 54 69 30
13.179786712699153 52 67 26
12.765914194200025 53 69 25
12.964405709869094 58 78 42
13.031875932939313 50 67 25
12.959660600139367 52 69 31
13.459547792475359 60 78 38
13.529095100510107 56 71 30
13.464116729931082 61 81 44
14.043900813522228 55 70 29
14.018441912456842 54 69 28
14.62863674671043 54 69 27
14.018441912456842 54 69 28
13.439343362708186 54 69 28
13.841971957705143 60 75 35
12.899362921120247 68 88 50
13.879471394552763 56 73 30
14.225542193008039 58 76 36
10.319896994019562 55 69 29
10.29004732388983 59 73 32
13.586327671308963 55 73 31
13.542726898837316 83 101 65
13.046027286088593 64 84 49
12.070900564968966 64 84 49
13.542726898837316 83 101 65
12.30081104655014 62 82 47
13.69410327096205 61 81 42
12.841850607043314 65 82 44
13.198435157491023 55 73 33
13.639947396580876 59 77 37
13.314740026539647 63 81 42
13.314740026539647 63 81 42
12.542320959856548 57 75 34
12.316919383778359 54 72 30
13.43297632797481 59 77 37
13.139238518625627 73 93 55
13.420875093063621 69 86 47
13.573610455692958 68 85 47
13.420875093063621 69 86 47
12.981393465651275 80 98 60
12.869637268421453 59 76 34
13.471341351021461 60 77 39
13.370213214029802 64 82 44
13.64257127233508 61 78 37
13.266376233978164 61 80 42
11.972356833379834 53 71 27
11.74954316358302 55 73 29
12.327731429992335 57 72 31
12.159356466143228 58 74 30
13.668735298876012 60 74 31
12.573622180950984 56 72 31
13.590848935536894 56 74 34
20.745162381681258 7 19 1
17.911069190765804 16 30 2
17.75318491192829 2 13 2
12.898027244901092 28 41 9
12.979150325735995 28 43 7
13.355255284886582 27 42 6
13.207985060163136 30 45 9
13.257740491590901 26 41 5
12.217233942680236 32 46 4
12.667067784762686 30 43 8
12.335048344894979 29 42 5
13.55358611491907 26 41 5
13.960617703135147 25 40 2
12.905703575477476 29 43 1
14.856545146339233 48 63 22
13.793196122398019 20 35 1
13.832280953683108 49 65 21
14.520328723017862 61 76 34
14.626933937804814 55 71 23
14.482012443996265 34 50 6
12.207581526869282 28 43 4
12.332936455577597 18 34 4
14.27669592513448 46 64 20
12.925404031935495 27 45 5
13.582616403862014 48 63 19
13.269436969008678 26 44 2
13.388691806741166 40 58 13
13.061794704930223 50 66 20
12.806064222643172 42 60 15
13.658926411594036 54 69 28
13.500558585646178 50 65 24
12.658492473271524 57 74 34
13.054972418973112 52 66 20
13.458054398075243 51 67 21
13.088063425700037 48 64 18
13.413150423164153 50 66 20
13.179305455204577 45 61 14
12.886698729953435 44 60 10
12.979356386316761 43 61 13
12.947545279599229 51 67 19
12.560332053992603 50 66 22
12.671042474849113 53 68 27
11.645288046618768 22 37 0
12.413169165366158 65 84 46
14.033816082799516 58 76 36
13.516729218537998 64 81 43
12.74689988877434 61 78 39
14.678817882634904 57 75 35
13.829287126917231 59 75 36
13.741360242223497 58 76 35
13.608129778587385 50 67 28
13.819388804558697 57 75 35
12.26327677747157 56 74 31
13.982948828694006 55 72 34
13.516729218537998 64 81 43
13.830281830983727 53 71 31
11.788396144066429 14 31 0
12.14717953283815 25 43 3
13.438985526104416 55 74 31
13.438985526104416 55 74 31
13.25273244154752 56 74 34
13.541094551774227 55 74 35
13.273361700740544 57 75 33
13.555734200202062 52 72 33
13.237757707437009 58 76 36
13.106694579193022 58 76 35
12.9996948694718 53 71 31
12.65804896862921 50 69 26
14.645016731180293 47 65 17
14.553561471439084 53 69 21
14.97076817880905 49 67 19
14.879834120598186 49 66 20
13.837527782758515 58 76 34
14.426365640953666 55 70 30
13.407119401488533 56 74 34
13.529095100510107 56 71 30
13.245116167292936 55 70 29
13.439343362708186 54 69 28
14.426365640953666 55 70 30
13.390671743635679 52 67 26
13.60834586592071 52 67 26
13.178737699933489 55 75 38
13.174069789718228 55 73 33
13.390671743635679 52 67 26
14.89543556019511 55 71 27
13.341546976431696 62 79 38
11.027586386261307 54 68 28
13.590853988306156 57 72 31
12.809202866190127 57 74 36
13.026088822849903 58 75 36
13.387713597709812 56 74 32
13.259039931417732 63 83 48
13.918448197165418 62 76 35
13.670611322391505 63 81 42
12.017526347531707 64 81 41
12.981393465651275 80 98 60
12.204123897246317 55 73 30
11.74954316358302 55 73 29
13.818731389314319 60 76 36
13.668735298876012 60 74 31
18.177932352049332 65 81 44
12.525127041109435 27 41 9
14.383022407247045 25 40 2
14.626933937804814 55 71 23
14.686768580676375 57 72 34
13.151527822957803 46 66 24
13.422870666443005 36 54 12
13.082873111145586 37 55 12
13.906577713035972 49 65 19
12.7324160769506 54 71 31
12.883765234484379 53 68 27
13.09002266966359 55 69 28
12.785605422958604 54 69 28
13.281117974920127 51 69 27
13.09002266966359 55 69 28
12.623995138628494 51 67 23
12.947545279599229 51 67 19
13.06740725169273 54 72 32
14.033816082799516 58 76 36
13.29817811109363 58 76 36
13.01494351681211 58 77 35
13.512172989017127 59 77 37
13.061216583953167 53 71 31
11.836592465263047 19 35 0
10.453223133972148 59 73 32
14.499893530744403 54 70 20
14.289955897391506 52 68 21
14.553561471439084 53 69 21
15.264755989208599 51 70 20
14.879834120598186 49 66 20
14.405987505054963 54 70 23
13.9051847380512 57 74 34
13.464116729931082 61 81 44
13.811688482277978 60 78 38
13.459547792475359 60 78 38
13.69410327096205 61 81 42
13.006125073789475 60 79 39
13.413618171180053 59 79 40
12.89259428077159 55 72 31
13.08552684140678 63 80 40
12.841850607043314 65 82 44
13.769533410214832 57 77 38
13.542726898837316 83 101 65
12.017526347531707 64 81 41
13.242130691714948 63 80 41
18.177932352049332 65 81 44
12.98189784632325 24 38 0
14.17277175820656 14 27 0
15.251030166711168 30 45 6
13.502195833303073 49 65 19
13.072900068030384 47 63 17
13.088063425700037 48 64 18
12.91054623925205 45 61 14
13.17101288013726 44 61 15
13.741360242223497 58 76 35
13.061216583953167 53 71 31
12.907188539562219 62 82 47
13.983932602511892 55 71 31
12.907188539562219 62 82 47
10.665754754087047 54 69 28
13.671627617052946 54 69 30
13.006125073789475 60 79 39
13.542726898837316 83 101 65
13.28864787137136 58 75 35
12.542320959856548 57 75 34
14.389962000822798 57 75 35
14.254173801263363 56 71 29
12.158439295820763 19 35 1
12.663350434823856 57 76 37
15.168197670132537 41 57 16
13.722432123277843 55 74 31
13.508174238725946 29 44 6
15.089172905221623 48 66 22
14.913797354873703 53 69 23
14.837374297195627 54 70 24
12.95660934975578 64 81 43
13.964104541368581 51 67 21
14.818169887103501 56 71 26
13.721113525571381 42 60 17
13.004430651955747 62 80 40
13.462008800807736 53 69 23
11.884441895040618 27 44 10
13.20309965457543 61 80 41
13.121340734502056 49 64 23
14.246506896912635 60 75 34
13.671627617052946 54 69 30
13.387713597709812 56 74 32
13.725196377574672 44 62 14
12.035951028636662 32 46 3
