20.28626184390586 55 70 34
20.34407326245293 53 68 34
20.605317554581276 42 56 26
19.59090225406776 41 55 24
19.71826157386904 41 55 27
19.097957317888877 36 47 25
13.700250819210883 32 48 11
11.431176960373321 33 48 5
12.368345716327626 34 49 20
12.447315863271823 35 50 15
11.824715270524903 38 56 8
12.271380317287734 42 60 19
12.454785101362924 38 57 14
12.787137005139773 0 7 1
10.567943685602438 43 61 19
10.86364305063445 43 61 15
10.490902911100632 35 53 4
11.578578003403942 38 57 8
10.75894394589495 38 58 9
11.278987237803076 36 57 10
11.162561995406545 38 59 13
11.860701134002985 35 54 7
11.860701134002985 35 54 7
11.203558460139115 38 55 9
10.823220963358343 41 59 14
10.309907688786284 39 60 14
12.661145337414938 50 69 40
11.870927486371222 37 56 25
12.20642393030403 40 59 30
12.196969180739694 44 63 36
12.196969180739694 44 63 36
12.119348820301454 37 57 23
11.870927486371222 37 56 25
12.196969180739694 44 63 36
12.20642393030403 40 59 30
12.661145337414938 50 69 40
13.11165132193733 50 69 41
12.788062854254907 63 81 50
13.11165132193733 50 69 41
12.8734213003466 56 75 46
19.581362780281367 55 62 52
19.11516321600333 50 58 48
14.425188850631091 1 8 1
14.503692802362371 2 9 5
13.685133764611074 2 9 4
14.595019560241761 1 8 4
13.068599492073531 0 6 2
13.480237953081266 0 4 0
14.502990867719687 0 6 0
13.473337209118574 29 39 15
12.304873216534759 40 56 13
12.221685698644558 37 53 9
13.673009554289525 12 22 6
13.061481269869473 28 40 16
12.25614507486216 41 56 18
12.59952336898833 0 5 0
12.701372881194436 25 37 11
11.99602010443747 14 24 3
12.77279750176147 11 20 3
12.863130093380926 38 52 21
12.496173509152712 46 61 40
12.408220176923304 46 59 42
11.696710197510663 49 60 40
12.490212869791552 48 58 37
12.177771713409681 36 51 13
11.964365397893275 38 53 14
11.485160993074405 37 54 11
12.084463513256697 37 55 13
12.084463513256697 37 55 13
11.147420615264203 38 56 14
11.960996290327275 36 54 9
11.595372760200195 37 58 11
11.425116041645957 37 56 13
11.384408371874567 35 56 9
11.179981715923226 39 58 13
12.31787681964722 39 57 17
11.914430380263644 35 54 11
11.347107054541382 35 53 6
10.796742692636096 40 60 21
9.866088508713108 39 59 23
10.728885053507465 41 61 24
12.011220215464673 40 57 18
11.400035847065887 40 55 17
11.157963032506077 43 58 22
12.009542352056789 40 58 17
12.53303726062564 44 60 21
12.454610653680515 45 60 21
12.394206093841412 42 59 23
11.570971274078165 46 60 29
13.001687792203251 47 61 30
12.38041248974815 48 62 34
13.098977332842132 51 65 38
12.641450540595233 40 54 23
12.073357785296265 38 52 21
12.61850413049776 35 49 20
11.589015917331327 36 53 15
12.61850413049776 35 49 20
12.049626922070468 39 54 16
12.808986582513233 30 44 19
11.784944429698657 38 56 16
11.977553972015482 40 55 16
12.257202571204886 46 55 25
12.084760007193784 40 55 19
12.208465373804977 46 58 33
11.856675172739417 42 57 21
12.000160924354173 43 56 22
12.602218011644224 46 59 30
13.00323763546866 47 60 30
12.58080192565741 46 59 28
12.638720480026457 44 59 23
13.038617471331026 45 59 28
12.638720480026457 44 59 23
11.418508615566523 45 58 40
11.3358064707335 40 56 34
11.698147900971206 40 58 33
11.691729703499613 43 56 36
12.205115060955125 44 59 36
12.684014606348832 45 63 36
11.923085300239123 49 61 41
12.279023138642186 45 60 37
13.379177697909057 50 66 41
11.385106119680804 51 61 43
13.223171897049712 47 61 37
13.446634205643571 48 63 37
12.016317117250258 46 56 34
11.388525239731804 46 57 36
13.660949712539766 46 60 36
13.125267606414688 48 63 37
11.822705820395914 41 53 30
12.064229977302258 47 59 34
13.432154354134733 53 71 43
19.71826157386904 41 55 27
19.18526733348701 38 51 21
14.132840339713388 2 11 0
20.605317554581276 42 56 26
20.45067759798178 43 57 26
20.235911544602313 51 66 28
20.416841129729 49 66 34
12.699786199326347 33 47 16
12.252856196780604 37 55 8
12.628165711205781 14 28 0
11.957441216638692 36 51 9
12.108966861382452 14 28 3
10.823220963358343 41 59 14
9.941504829334416 40 59 13
11.278987237803076 36 57 10
12.607794478327973 41 60 29
11.498863687646217 37 54 26
12.090758120026528 45 65 36
12.407888778781121 49 69 41
11.933866091396048 43 62 32
13.276456518838243 53 72 43
12.788062854254907 63 81 50
13.0977546299645 1 8 3
14.142425803120075 2 7 3
14.007548277366961 1 7 3
12.874735033527331 42 56 17
12.500135825446439 3 12 0
13.183288881841191 38 48 18
12.805666927698496 0 8 0
12.276305859954022 0 4 0
12.74997997663563 40 53 22
12.747769283671095 46 55 24
11.650135821235407 38 53 19
11.650135821235407 38 53 19
10.881541306206637 36 54 5
11.878793533678593 35 53 10
11.423352091506864 36 57 10
11.52026627073703 37 55 8
11.719252897557897 40 58 14
11.643214780251466 37 58 11
11.916121636031198 38 56 14
11.570160736925667 34 51 6
11.140187257827005 38 59 11
13.037071834010778 44 60 25
12.335139497265548 44 60 26
13.098977332842132 51 65 38
12.255446543294214 46 60 27
12.009542352056789 40 58 17
12.909289777130676 33 46 23
12.001541556845956 38 54 16
11.589015917331327 36 53 15
11.661951846621935 40 55 19
12.13078508341533 41 54 22
11.425429645895761 42 57 21
12.235182595742767 45 56 22
11.997100529776004 46 55 30
12.536252633594847 45 60 24
12.425405065717705 50 62 45
12.366265810365395 46 62 36
12.986666183577892 49 67 39
11.43541859895745 35 53 29
11.342846523416421 45 57 33
13.51524511827595 46 59 36
12.513352261782885 45 58 35
13.812011725373035 51 67 41
19.530861573926934 48 63 28
19.701582384087295 38 52 22
10.823220963358343 41 59 14
13.117693138839584 54 73 43
13.117693138839584 54 73 43
10.402920525624014 42 61 22
19.31530147381725 38 47 33
13.375859899483812 2 11 0
12.17262455420056 41 56 17
11.7907041353734 34 49 8
13.319736767291257 16 29 8
12.173282381810756 40 58 15
12.629130480078485 35 49 16
11.722691482505299 38 56 16
12.31624073268547 39 57 15
12.119495611353525 38 56 14
12.010737710289881 37 52 11
12.294729416737148 45 55 21
11.878793533678593 35 53 10
12.338406442247056 47 60 29
13.100515666371821 46 60 33
11.430250618215917 42 55 34
11.895601766480624 48 61 35
12.167360564521866 47 58 36
11.516018308429356 37 51 31
11.594319870878012 46 59 40
11.853527704774296 44 58 35
13.110432825536908 62 79 50
19.071591054466907 33 47 13
13.54060468371878 37 57 14
12.787137005139773 0 7 1
12.110630950062014 0 5 0
12.661145337414938 50 69 40
11.781711793486217 43 58 20
12.831485541918461 37 50 17
11.781711793486217 43 58 20
12.173282381810756 40 58 15
13.078329382255543 46 62 37
12.976083038459798 37 51 22
12.534550430887238 43 62 37
12.13078508341533 41 54 22
12.277430174752656 47 61 30
13.271116339129009 50 63 38
12.562401646846709 48 61 36
11.440755885174937 42 54 32
12.468144734655029 36 54 14
12.368345716327626 34 49 20
11.152023925733827 36 54 7
13.301157621758229 32 45 19
13.081222592668407 41 51 25
11.699870421143071 36 52 30
10.707151528760397 38 59 13
12.35051939092154 47 66 38
11.959811400053114 39 57 32
11.4002981244995 48 59 39
14.133799378032506 14 25 6
12.434493355968586 40 54 24
11.203558460139115 38 55 9
12.314895381413402 46 60 27
