24.256802653889128 50 67 31
11.87280196773824 39 56 23
11.521420638774456 38 55 23
11.16651504203345 33 46 26
11.4325573521209 38 50 32
12.567957210821431 39 55 20
10.699101137684803 36 50 25
12.52563497108348 32 46 16
11.640998035947652 36 50 25
11.501746584341092 37 54 22
12.343694954618318 37 51 24
11.739032990560673 37 51 18
11.418151672072867 35 49 20
11.174050428689272 38 52 28
12.16676012643904 33 44 26
10.983583657137585 37 51 25
19.665418155916285 34 54 16
20.054033075302765 30 48 8
19.694659893968538 43 61 17
19.88372067992365 48 66 22
19.19489663949242 41 61 19
11.75421337465911 39 59 19
12.158326612640884 37 56 17
12.726982281818607 35 55 15
13.096683509826017 42 59 19
12.436800733633236 40 58 18
20.513359535081495 49 66 27
11.632199084344562 49 64 23
11.725765354705697 40 58 15
11.625702005309307 44 62 21
11.232734966299766 47 64 22
11.659933181351528 45 63 23
13.203038045612011 45 63 20
12.362051653301297 45 63 23
13.147420534561373 36 56 16
13.052484898811922 44 63 21
12.524674426056926 46 64 22
17.006931840325656 47 63 24
17.926295312453576 49 67 23
17.55086394736202 51 69 23
17.64664487715481 48 66 23
18.226386644031876 50 68 20
17.987983678780168 50 69 22
17.987983678780168 50 69 22
18.20756834497519 51 69 23
13.773299284523468 43 61 18
13.796281616824754 41 60 18
14.017876724325413 46 64 20
14.811895872419026 54 72 28
14.788897784009015 52 70 24
20.370178311585992 47 67 27
19.989441655921517 38 58 18
19.781131501237383 56 74 32
23.22194690019614 49 65 29
12.713384874290462 52 70 24
12.267698816287611 50 68 22
13.122293382772005 51 69 24
12.367271052755353 51 69 23
11.5708624218597 47 65 21
11.49876007328479 46 61 22
11.343261386253094 46 63 20
12.056334597947316 45 60 20
11.557811495348176 50 66 20
13.45459354626099 53 71 27
13.845999875627939 54 72 28
12.571534321711429 50 69 23
12.707440597550079 55 71 27
12.825237130929642 50 68 23
12.76933825683872 52 70 26
12.869549004163023 52 70 26
12.441404988512303 52 70 26
12.707249236124232 51 69 25
13.991651331776898 51 72 26
13.428909078663196 51 70 26
13.094629424221818 49 69 22
13.417665535382834 49 68 21
12.682587114370167 51 72 25
12.814806515714167 50 70 23
13.602250699932119 50 70 27
13.73895965076128 55 72 28
13.318699717451565 50 67 21
13.195940476140942 50 67 19
13.402254593137284 49 67 21
13.430022749998596 49 68 19
13.455524372029538 49 66 19
14.969068808877216 54 73 27
13.899882795174705 53 71 26
14.04320494441628 51 69 24
14.744063074475084 54 73 27
15.256270274035451 54 72 27
14.444456135759813 55 73 29
14.11388955349693 52 71 27
13.484639097802793 52 72 29
14.04320494441628 51 69 24
13.993949700020638 54 75 31
14.018425491741528 52 72 29
13.359050919746867 51 72 29
11.934556775677502 37 55 15
12.706631307039666 40 61 18
11.934556775677502 37 55 15
12.623272537520219 39 57 17
12.155164349817271 36 55 14
13.40073651455907 37 55 13
12.883160442818745 37 58 12
13.068197315009565 38 57 12
12.97582008422522 40 60 19
15.079679724694204 49 69 33
12.97582008422522 40 60 19
13.743698580824294 39 61 15
13.988967393956038 40 61 13
14.933043673186537 45 65 23
14.21556995764342 45 63 24
14.553272876363929 47 64 26
14.379262529426574 44 62 21
13.749644798619316 42 64 21
14.499858986497133 49 67 23
14.311196291365937 48 66 23
14.188996425113215 48 66 23
14.267625904781239 48 66 24
15.119353362205658 43 63 19
14.311196291365937 48 66 23
14.006310221479609 46 65 22
13.819503756971077 46 65 21
13.0174375105954 40 62 20
14.29570239713314 43 63 21
14.085959513900118 48 66 23
13.685223218615201 41 63 22
13.641381624012215 39 61 18
13.846786405434159 49 69 25
16.347121942422216 50 69 37
15.433529579350374 47 67 27
14.61133249909205 48 66 27
14.455924637917635 54 71 33
15.314228610111657 49 67 27
15.315767898561191 48 66 26
15.09838300153556 48 66 27
14.384943821138789 47 65 21
13.901742154992595 51 69 26
14.208872165431714 54 69 29
13.244877490668976 51 66 25
14.11116553229133 48 69 22
12.967634834597472 50 68 24
13.261968268266418 52 70 26
13.360891273346526 50 68 23
13.533182511437186 51 68 22
13.528069325366218 50 68 24
13.405650209876947 49 67 23
13.997390855025104 52 70 28
13.577373487506918 47 66 22
13.767465734500385 47 67 23
13.50095871452388 50 68 22
14.65068433187058 51 69 25
14.30593318203942 51 69 25
13.847073089015977 49 67 21
13.651924640952002 50 68 24
14.117129222283774 51 69 27
14.986345104827896 48 69 20
14.417273186714711 48 69 21
14.206437400193007 53 68 27
13.490411721090437 49 67 23
13.863863155819912 49 67 21
13.814496547937706 49 67 23
13.984744843350517 47 67 21
14.508215032404735 42 63 17
18.097256191082078 51 72 24
18.6219737993861 49 70 23
18.981902952925243 50 71 24
17.83188016212561 48 69 20
18.478600321846336 50 71 22
18.478600321846336 50 71 22
14.18507009132654 49 69 25
14.462678351398532 43 65 22
16.491025253399695 57 78 33
17.9130418515666 51 73 26
14.262948737712458 50 70 26
14.170324393779115 51 71 27
13.394571059864328 54 76 31
14.598548222543782 55 80 38
14.482197715083156 57 81 38
15.097005275038814 59 86 45
13.768909857962125 54 76 31
13.962423335761047 55 75 31
14.223770672269806 55 75 31
15.047657131431961 56 77 30
14.500470349137078 53 75 31
14.588628071477732 54 72 28
14.33393464048131 54 72 28
15.047657131431961 56 77 30
14.752288875849796 54 75 30
14.7053210617567 53 73 29
14.145504428873226 53 72 28
14.934805843999404 57 78 31
13.656108161097093 48 69 21
13.385623450866369 46 69 22
13.34320780223746 49 73 25
13.952417150160345 50 71 25
14.888000424006174 54 76 31
13.142557571283135 50 72 25
15.369352142719372 51 71 27
12.734299778660276 52 74 27
13.352105596519213 56 79 32
13.142557571283135 50 72 25
14.567922561597559 49 67 21
15.152252456021884 48 69 20
14.556531355876773 52 70 26
14.77811600169774 53 71 27
14.475791275193554 53 73 29
14.473994654270491 54 73 29
15.063695422215886 55 74 28
14.37868474424404 55 73 29
14.602968274271069 55 73 31
14.446264679260075 55 71 27
14.808737090329021 51 72 25
14.911093211717096 48 69 20
13.631433324209011 53 73 30
15.060242235470508 53 71 27
14.449864593326657 53 73 29
14.532538340849072 56 72 28
13.245649096554454 47 66 17
13.370175575819966 45 66 17
13.47886812772789 48 69 20
13.601259535200324 46 67 19
15.287801602647171 55 76 33
14.17688627242475 56 79 36
14.597538421374457 65 89 47
13.429644615657834 62 87 46
13.531185881318295 68 93 50
14.63893709667694 57 75 29
14.509434837435917 90 115 74
14.63893709667694 57 75 29
13.969871601825156 76 101 60
13.726156282586414 85 110 68
13.408154847539187 54 78 33
10.889205147146711 37 54 24
11.510129216476356 38 51 30
11.268897258218201 39 51 30
11.492696105154177 38 50 28
19.665418155916285 34 54 16
20.42544654761741 46 64 24
19.652261726965992 31 51 11
19.60604265528774 36 54 10
20.32272986224503 36 55 15
15.850421398398163 39 56 20
11.271229485217678 45 63 22
12.624260254544641 33 53 13
13.147420534561373 36 56 16
13.203038045612011 45 63 20
11.361679563703397 48 63 24
17.57038560645762 48 66 23
17.006931840325656 47 63 24
17.907161655843005 50 68 23
14.351360611049124 52 70 24
12.427460571352439 48 63 22
23.39964598197532 53 70 32
13.87305513696905 54 72 28
13.447878392913209 52 70 24
13.519019035289896 53 71 25
12.452343671327457 51 69 23
13.80060851709443 52 71 26
13.497767231370453 51 69 24
12.623509288224227 51 69 24
13.428909078663196 51 70 26
11.619749476658175 49 67 23
13.302794778594485 52 75 28
13.84582425009811 50 70 28
13.203989011869513 53 71 27
13.137847634692255 49 68 22
14.107315857827802 50 71 24
14.208883375564556 54 72 28
14.444456135759813 55 73 29
15.473829769492061 54 72 26
13.484639097802793 52 72 29
14.04320494441628 51 69 24
14.186831906560505 53 73 31
14.809724444387557 54 72 28
12.025054123383466 38 55 16
11.7948832335327 39 53 16
12.122131095746125 38 57 16
12.500417482694493 39 59 16
12.244031264640771 39 56 17
12.851998479878379 39 59 15
13.40073651455907 37 55 13
13.776089508911854 50 68 22
14.678009148371864 47 66 21
13.817797787241739 49 67 25
13.846786405434159 49 69 25
14.379262529426574 44 62 21
14.27187252458069 41 63 20
15.703336668706429 47 67 31
15.155083471060577 47 66 24
14.678006983210919 49 67 25
14.455924637917635 54 71 33
14.227063241423002 50 65 24
13.901742154992595 51 69 26
14.8999435455606 49 67 25
13.948496837223084 50 68 26
14.561116404290386 51 69 25
13.244877490668976 51 66 25
13.2380583575849 53 71 27
14.65068433187058 51 69 25
14.879264016395858 51 69 25
13.477472795060516 50 68 24
14.609740225641648 53 71 27
14.229946570878084 49 68 22
14.042408993328769 50 66 24
13.392445450135396 49 67 23
14.17531216813009 50 66 22
14.019110236613797 47 69 24
13.63631133981924 50 70 26
14.026008299475443 53 71 27
14.602110593615375 61 88 46
14.33393464048131 54 72 28
14.313632690516659 53 73 29
13.962423335761047 55 75 31
14.906188504719312 54 72 28
13.716679894872195 53 75 30
12.863777275434542 53 76 28
13.441075042488166 48 69 21
14.038020807608937 50 71 25
14.561890003978911 50 72 25
14.561890003978911 50 72 25
14.422088222475336 54 72 28
14.420284910699328 56 72 28
13.969871601825156 76 101 60
14.344816242263423 74 98 55
15.44237106533177 56 78 35
14.63893709667694 57 75 29
13.969871601825156 76 101 60
14.807891327913419 60 85 44
14.913165421958627 58 81 37
11.600106866364296 37 56 17
11.538807598258797 38 56 25
11.930724465912414 35 55 16
11.430610894138793 34 48 20
12.264534924887645 36 53 22
11.902990383591373 38 52 26
11.94854603651535 38 52 28
10.821821679291363 36 49 24
11.762418786418692 39 53 22
11.266919705911146 32 45 22
19.869520775675976 32 51 12
11.635172544737095 44 62 20
12.726982281818607 35 55 15
13.044413832220698 40 58 18
11.901439064043712 42 62 22
11.947850705081308 46 64 22
12.168417103362083 46 64 24
17.265133567103707 49 67 22
17.57038560645762 48 66 23
17.342735140419233 49 67 23
14.811895872419026 54 72 28
13.39209182161619 49 68 21
12.34874774444196 52 70 26
13.221893590203178 50 67 20
13.776098764304297 49 67 23
12.814806515714167 50 70 23
13.574834850472156 51 71 26
13.657273397673224 53 71 27
14.11388955349693 52 71 27
13.113769847154009 41 63 22
13.691194832846845 44 62 22
14.20721295024978 47 65 21
13.492975691540828 49 66 24
14.397238316845373 46 64 24
15.281134565442644 47 67 28
14.567041520774456 50 67 29
14.128421615970401 48 66 22
15.84433268347493 48 65 29
14.670519856865367 48 69 20
13.307059941245168 48 68 24
14.117129222283774 51 69 27
14.229946570878084 49 68 22
13.767465734500385 47 67 23
13.651924640952002 50 68 24
14.062667099430636 49 68 22
13.863863155819912 49 67 21
18.334238323839376 50 71 23
13.877413311787064 49 69 25
14.531676503316996 59 86 45
13.51964942622674 53 75 31
13.34346833276255 53 74 29
15.46718924736323 55 79 37
14.175051766753667 55 75 31
14.915897456615015 57 81 39
15.26325429141528 53 74 29
13.42918631478814 66 91 47
14.35215381994241 50 71 25
14.996753326894243 51 73 28
14.59940611248037 52 70 26
14.386601893365842 49 67 21
15.105130701049674 52 74 29
14.801710949954742 48 69 20
13.795239609484018 46 67 19
13.370175575819966 45 66 17
13.601259535200324 46 67 19
15.154697821163651 57 75 29
13.429644615657834 62 87 46
14.040833420630936 57 80 35
13.657545998204913 54 78 34
12.242925599559323 36 55 18
12.698161463026398 44 64 24
20.041131762539457 33 51 11
12.712883848923454 46 64 22
14.515737469194692 54 75 26
13.822813024539277 44 62 18
17.968915709281422 51 70 23
20.217040703513987 51 69 25
19.53997041274923 50 68 28
13.189462369934454 55 72 28
12.965263963224725 50 71 24
12.326070159845754 53 70 24
11.992317231362229 52 68 22
14.627413743432486 45 66 20
13.87383784230993 44 63 24
13.592941340322746 41 63 21
14.154156416666876 53 71 29
14.633438317610917 49 65 21
13.661069565528763 50 68 24
14.019110236613797 47 69 24
14.086151913122364 59 85 44
18.24349354111919 53 74 24
18.243626831749808 51 71 24
15.22719791962496 54 77 35
18.764122231647857 49 70 22
14.800864786046022 55 76 31
13.18561868966279 48 69 22
14.779875654103247 53 72 28
13.934925414678466 54 74 30
14.473994654270491 54 73 29
13.18561868966279 48 69 22
14.344816242263423 74 98 55
14.17688627242475 56 79 36
14.75933854347809 74 99 57
11.743376575489153 42 59 18
12.542233682952256 39 57 17
20.389118346104258 44 59 21
15.170278251291048 54 75 27
12.991677901521989 48 69 22
13.55622257051345 52 71 26
13.068785960185735 50 67 24
13.360891273346526 50 68 23
13.598143236521679 49 68 23
13.768286235397209 55 75 31
13.820782047472653 55 73 31
13.77835032332543 62 88 45
12.711029358646915 45 63 23
18.771378519048387 50 71 22
12.521912189068685 53 69 23
13.493457200600796 54 71 27
14.170324393779115 51 71 27
18.24349354111919 53 74 24
18.806356011853815 50 72 24
13.015853586119226 50 72 25
12.104171217414969 47 65 23
15.097005275038814 59 86 45
18.532769173704818 51 71 24
14.549296851313493 56 77 30
12.406541774518468 52 70 26
13.405650209876947 49 67 23
