12.383698161215532 51 69 21
12.481398232155016 41 58 11
11.297800615460167 20 38 1
11.199358816732207 51 69 26
11.83147538958315 35 51 5
11.418525852269747 54 70 24
11.189771090828566 53 70 23
12.094803895434445 29 43 0
12.306747614330362 37 51 7
9.816407525487358 45 62 34
9.558894100323487 53 73 45
10.365627269979015 41 55 10
11.024157075897564 37 52 13
10.665209799850963 40 55 15
9.531463575486317 39 54 12
10.888470587043983 40 55 17
10.170057813209684 38 52 8
9.518499435196556 41 54 10
9.488767372042457 50 68 25
10.829823306087551 36 50 9
11.28587096218129 40 53 14
9.583059316281108 26 42 0
9.809890346176298 54 71 25
9.655289461774442 56 74 29
9.959995408926755 44 61 23
9.837285543496876 48 66 21
10.020604918894254 51 69 23
9.491220045586942 40 57 21
9.457234026470282 39 57 12
9.945712138768288 55 71 24
9.94192358762212 41 58 19
9.178854344716022 48 66 22
11.47177828376607 43 58 21
11.764938956151523 43 57 20
11.173321364908515 51 67 32
14.146836465566116 50 67 38
14.041357999649849 50 67 40
10.04726773228182 39 56 15
10.514212578196748 38 55 13
9.733084199953106 39 57 15
10.76731547573931 38 53 11
10.278655746521336 33 49 5
10.11258362343232 33 49 4
9.710711549342102 41 59 23
11.28922354830151 42 59 20
10.855666311570475 42 60 22
10.90604884075118 42 59 23
9.510148362537585 42 59 22
10.470474212154453 43 60 21
10.42723551455876 40 59 23
10.727856468083473 42 59 23
10.53109245032719 52 71 41
10.356812836054502 52 71 39
10.57719980460229 49 68 38
10.797325474075755 43 61 26
10.716828038912407 51 68 37
11.053656166557944 46 63 28
11.053656166557944 46 63 28
10.94639898435826 51 68 35
10.732031302867577 40 56 19
11.19470852540073 38 53 11
10.881999320775748 41 58 23
11.209786909169958 43 60 22
12.056998921721757 42 59 22
11.896059266889594 42 59 23
10.351553291285468 47 64 30
10.683066182115667 48 65 29
10.79541902646245 47 64 30
9.455509959209584 41 61 27
9.056503308348486 54 73 41
10.087930041016172 39 56 22
10.802132893084483 45 62 24
10.427918614799353 44 61 24
9.838444573132383 47 64 31
11.155782378254713 50 68 34
11.376498933332643 46 63 29
9.686162506868117 49 68 36
11.67895438338806 44 61 27
14.156311235839832 51 71 44
11.241233487195963 42 52 11
11.015379150206147 42 52 12
10.877123945783495 40 51 11
10.877123945783495 40 51 11
10.320384362832915 40 50 9
11.01611231782345 42 53 15
11.01611231782345 42 53 15
10.236136928504818 42 53 15
10.282781430728516 40 50 6
10.845409002033785 45 56 20
11.029009438635038 46 59 27
10.010915073828354 41 50 16
9.771181439475134 37 52 14
10.10049070841285 43 54 19
9.771181439475134 37 52 14
10.717476837065233 45 60 26
9.190505264042288 56 71 37
9.874628715822883 56 73 43
10.234730363179489 51 70 40
9.471367395472699 53 70 38
9.669133337546267 53 68 34
11.80849444818565 45 60 23
11.474110073273918 50 65 30
11.219173891797055 54 69 37
11.219173891797055 54 69 37
11.435996290625434 56 76 50
11.698280313863284 49 69 40
11.663518793727574 53 72 44
10.721819490135877 56 76 50
10.359395595438109 58 77 48
10.359395595438109 58 77 48
11.341741553260087 47 66 34
11.412106673016414 50 69 39
11.34009476394852 56 76 51
10.95543325822996 48 67 35
11.645793306863737 55 75 49
11.884809003360635 43 64 31
9.044538944470883 55 74 44
9.143586640557471 49 68 38
9.165271015235714 54 73 45
9.143586640557471 49 68 38
9.915935165290005 56 75 46
9.11301293014482 57 76 46
10.32973830827127 57 76 46
9.843881428686371 54 74 46
10.438175442277048 56 76 48
12.540527812754425 52 72 46
11.88323747304362 54 77 51
11.917358117084213 55 75 49
12.175306375266608 55 75 49
12.392362203747423 52 70 22
11.427921660552599 55 72 25
11.705841070221167 31 45 3
10.31519866183719 54 68 23
10.606089475725607 35 50 7
9.93293865306498 26 43 0
9.373825105738677 43 60 21
9.931121979985061 39 57 14
9.285917350305333 43 60 23
10.067100457867312 37 53 11
9.362368091044168 37 55 13
9.848190072549745 40 57 16
10.05383566146286 34 52 9
14.006658665263119 51 70 44
11.079861324957339 38 55 11
10.764080304246656 33 49 3
9.733084199953106 39 57 15
9.710711549342102 41 59 23
9.517768906651735 43 61 22
11.282799530283922 42 59 23
10.486594004142136 42 60 24
10.797325474075755 43 61 26
11.490792468995958 49 66 32
10.309719909479737 56 75 44
10.499372344583445 51 68 36
10.856322454172474 42 59 23
11.438224719689234 41 57 19
10.849642120642471 42 59 23
9.796164585035614 36 55 25
10.108481984609885 42 59 26
10.802132893084483 45 62 24
10.234235683312015 41 58 24
11.025866454073757 45 62 27
11.67895438338806 44 61 27
14.190644640575899 50 68 40
10.38370860945476 45 56 22
9.509630984227435 39 52 17
10.3478969164659 52 67 33
10.561111962642274 40 50 5
10.610371866924863 44 54 16
10.384486374499712 46 60 27
10.888702327565271 40 51 11
10.172687988223494 39 49 9
10.010915073828354 41 50 16
9.709113190385596 56 70 39
9.874628715822883 56 73 43
11.605255467436535 52 66 35
12.215804529054017 42 55 18
11.474110073273918 50 65 30
9.081342042076443 57 77 49
10.742808491736023 49 68 36
10.579728762506058 56 75 48
9.703780121260756 42 59 31
8.78894264002537 57 76 48
12.027104981542807 52 72 45
9.156475136408355 58 77 47
10.504467125639552 57 77 50
12.143448681784623 44 65 32
10.741069876157667 57 77 49
12.143448681784623 44 65 32
12.540527812754425 52 72 46
12.290247230291692 52 72 46
11.199358816732207 51 69 26
9.95649791784328 41 57 13
10.221202531551373 35 49 6
9.488767372042457 50 68 25
10.464983825021282 37 52 10
11.216789105294861 49 65 29
11.348550803596108 45 60 23
11.480606501049863 41 58 20
10.940771818533458 42 59 23
10.169374090209129 44 61 23
10.327148131776159 54 73 41
9.800494206933488 32 48 2
10.02559622343234 41 60 23
10.279919310311119 56 75 43
11.260412880258874 46 63 28
14.295021609785902 50 66 37
10.347116401089687 40 54 19
11.152644667959308 43 53 14
10.172687988223494 39 49 9
10.797955484258615 55 74 46
10.579728762506058 56 75 48
10.714212556445768 52 71 41
10.953728391279252 56 76 50
11.063332887306668 55 75 48
11.618806823420957 54 76 53
11.750302993039861 27 41 0
9.467237400038977 35 47 4
9.26314701512707 44 59 16
9.178854344716022 48 66 22
11.429280357168004 48 63 27
10.448073972025952 39 56 15
9.506835230393552 40 58 27
10.683066182115667 48 65 29
11.45236054958212 42 59 22
9.510148362537585 42 59 22
9.963808441478283 44 59 23
9.669133337546267 53 68 34
11.464047642814734 45 56 19
10.161758011405736 36 50 11
11.80849444818565 45 60 23
11.73919774303416 56 75 47
11.269912074225635 54 74 48
9.0704060118892 57 76 48
9.703780121260756 42 59 31
10.971922730978282 54 77 51
12.143448681784623 44 65 32
11.116249221948607 55 75 49
11.968348925480546 35 49 5
11.482811484452178 26 40 0
10.68985061328799 42 59 22
11.317247264111776 33 49 3
10.667954429503325 42 53 16
11.884809003360635 43 64 31
8.854172472030486 48 66 20
10.734612591181419 43 60 22
11.331268060807071 43 55 18
9.11301293014482 57 76 46
12.175306375266608 55 75 49
9.8208252934658 47 64 17
10.96941101919524 39 52 12
11.250018324443479 39 55 18
10.32973830827127 57 76 46
