9.757621103226764 36 54 0
10.65315405928166 50 68 15
9.624319046642722 41 58 4
10.254761655039072 45 63 10
10.08681263255277 45 61 8
11.135206851986489 51 70 20
10.875495785218988 46 64 12
10.434393114305719 49 68 14
10.75133590542447 45 64 10
10.038676572307253 44 61 8
11.300121950304321 49 67 17
10.496422068201898 43 62 8
10.17711754954429 46 63 12
10.386231133670178 48 64 14
11.072171545188484 55 73 28
10.367097508629175 54 72 25
10.511491349261597 49 68 16
9.953647716700035 45 63 10
11.175556284626678 55 73 28
10.596008920686936 50 67 22
10.47744178214332 55 71 24
11.058612353333675 54 72 24
11.64015504022234 53 71 29
10.411047884104716 46 62 9
10.156728463172621 50 66 18
10.680677031114644 54 70 26
13.809488430793657 50 64 27
12.327281896775544 51 64 26
13.078229949045618 48 63 26
14.001958371323987 50 65 26
13.792168146170305 61 76 38
10.749918183869044 52 69 25
9.76361598049441 52 67 22
10.711888000347997 53 69 25
10.490420380048624 35 52 4
11.302603425997136 39 55 11
10.067955846500967 35 54 3
11.497890462302038 49 67 30
10.668104342787382 54 72 46
10.312180650022034 51 67 35
11.610946696352622 43 59 13
10.440911185803616 39 58 8
11.005187809861274 43 61 12
11.823677243284582 48 64 18
10.777311913952365 39 55 9
11.018453100996915 47 63 22
11.500086279289373 39 56 12
11.168442352144996 46 61 19
10.935645995375742 44 60 22
10.434255567541879 38 52 21
10.561554197130942 53 66 51
10.649667387017391 35 45 35
10.942026229714958 0 5 0
11.856735924138716 55 66 43
10.921323048698639 76 90 56
11.460144117648476 23 32 19
10.645484024999178 41 50 35
10.639328856731533 0 6 0
11.171494246840176 0 3 0
10.755743197684058 8 10 0
11.027099637118445 0 4 0
10.715903218699303 50 66 17
10.350394066764194 49 66 19
10.350394066764194 49 66 19
10.412923408307229 43 62 10
10.071282583766813 50 68 22
11.667846957012287 7 9 4
11.66004322526087 0 4 0
11.367915240476686 10 14 7
11.982512484947222 8 11 6
11.773709657957179 21 30 16
11.613715528520931 0 6 0
11.609879545017643 43 52 34
11.706726797758336 0 3 0
10.339796206472577 58 72 33
10.530664128363247 79 88 67
10.784768634598985 61 71 46
10.981566893645875 19 29 9
10.382199116641539 65 83 46
9.750282176349494 64 78 40
9.374387650677857 60 76 38
9.79978370946193 61 76 38
11.136029766350873 66 76 53
9.6122455601323 58 74 37
9.662715874080948 59 74 38
9.561720710596367 62 79 43
9.635972041268818 59 74 36
9.731153079314929 58 74 36
9.418035455823983 65 82 46
11.916313787920961 74 87 56
11.752852670608425 56 73 39
11.622593491384222 48 67 21
11.355776849741918 56 75 33
11.17240601913044 57 75 35
11.902810803305812 57 73 36
12.141453035350784 60 73 42
12.380786332248706 66 79 48
11.943767927934516 51 69 28
11.678680109785196 54 71 34
10.828376766898712 55 74 32
11.107869058048182 52 70 26
11.468032377682608 50 67 19
10.412300094115066 54 71 26
11.659992574437883 61 79 37
10.907344611229753 61 80 38
10.294897090320955 57 76 32
11.2930184283284 61 77 34
10.169700455070284 62 80 39
10.370815732173103 62 80 39
10.662308875451018 55 73 29
11.168373534300962 59 77 37
10.637065194135817 58 76 35
11.613077929924803 59 77 36
11.308329613107441 57 75 31
11.613077929924803 59 77 36
11.064921683269919 62 78 40
11.63325915172652 62 82 44
11.359253626293036 61 81 46
11.49688628209656 56 74 34
11.735323931170285 57 77 39
11.917126470516093 57 78 42
11.278373414920985 65 85 50
10.813865343933761 63 82 48
11.917126470516093 57 78 42
14.14936286156544 57 74 35
14.159962744761183 56 75 37
12.610186036454637 57 75 34
11.64967627680727 58 72 40
12.05406026249183 58 76 36
11.808106555100906 58 76 33
11.482419995769119 62 77 42
11.56825030984004 60 76 36
11.400744737256023 62 77 41
11.815263194553134 58 76 35
11.319208928891255 56 74 32
11.395721458785605 58 74 34
12.756046265564349 60 76 38
11.395721458785605 58 74 34
10.967089682721127 63 78 40
11.051970163912669 64 79 40
12.542602099196674 57 75 35
10.708765590256743 61 82 47
10.352214916621149 65 86 50
12.306416173021503 58 76 36
10.708765590256743 61 82 47
12.554558652678722 59 77 39
14.073857246093372 59 75 36
11.990392332884978 59 74 35
11.35671015729257 58 71 36
12.143699302590193 60 77 36
11.604946792294005 63 76 49
11.931875769805078 58 75 37
11.129918788162124 58 76 38
11.91310512122946 61 75 44
11.93208760054994 71 81 58
11.437757658903058 59 74 36
12.683425470359925 59 72 41
11.55086366265961 61 81 42
11.840846699761494 68 80 52
12.027873250530986 62 82 43
11.232772043260807 58 78 39
9.832652974992651 54 69 27
11.10492088901578 50 68 25
11.32846007114273 48 65 22
11.32846007114273 48 65 22
11.719588184558846 50 65 23
10.467536196767536 64 85 47
10.030629737317943 54 69 28
10.12837862951493 60 79 42
9.718695491576137 60 81 44
10.848978091759195 62 82 45
11.463891149682953 50 69 28
10.088005612356477 56 74 37
12.227932475780984 51 72 31
9.521112606322832 55 72 34
12.669159127585504 57 78 38
11.173454115557979 55 72 32
11.386934324055726 55 73 32
11.501089037772493 59 80 37
11.193292129081003 56 77 34
11.89364757452026 62 83 38
11.402325457778593 67 87 46
11.963665734956074 64 84 44
11.483989474057934 64 84 44
10.54582057268442 59 80 43
10.423638174687945 58 78 42
10.287664281503984 55 76 40
11.256029969227708 61 81 43
11.835392086892321 58 79 40
9.917265613667634 60 81 43
10.138207159140329 58 78 42
10.423638174687945 58 78 42
10.345039388086155 54 75 39
10.689580137617314 58 79 42
9.286912886929846 61 81 44
9.479538052624424 56 76 39
9.413304760793022 59 79 41
10.123205762738213 63 81 45
10.029394437923171 55 75 38
9.475975416372165 57 77 42
10.684640358194807 58 79 44
10.468975156600724 62 83 47
10.191244479414078 59 80 46
10.301625466345236 63 83 50
10.500214228942431 67 87 53
10.979734714393715 66 87 54
10.684640358194807 58 79 44
10.771746746889885 58 79 42
11.959252229265202 56 77 39
11.158697149011164 64 84 45
10.08934200414986 33 52 0
10.678359706528678 37 56 4
10.478061221216768 49 68 15
10.221298928150627 41 60 4
10.610206601150294 46 65 13
9.841699930898297 50 66 18
10.47744178214332 55 71 24
10.497207954538391 47 66 13
10.356672506896267 51 69 25
10.411047884104716 46 62 9
9.968709967340065 48 65 14
9.968709967340065 48 65 14
10.396626496144986 46 65 11
11.366315753824376 54 72 30
13.66156984811249 17 29 3
9.76361598049441 52 67 22
12.939926834622025 48 62 23
10.2775616057187 54 69 26
10.166405922983058 50 67 32
10.46359503209568 51 69 32
11.073959194105148 33 49 3
11.138692628772185 52 72 40
11.23035942551561 43 60 17
10.575320131725482 51 70 26
11.005187809861274 43 61 12
11.204343815846643 48 67 25
10.312180650022034 51 67 35
10.393240134134649 42 58 17
10.824287123076315 38 54 7
11.474682215579362 48 66 22
11.201156851062542 0 3 0
10.948011217413075 0 8 0
11.4346513158341 56 68 43
10.905654281702475 8 12 1
11.000603343652172 73 84 59
10.656535294687346 49 67 20
10.20516521029834 48 65 16
11.159323736129926 48 65 16
9.936249264790511 44 63 11
10.20516521029834 48 65 16
11.535182398849063 3 6 1
11.469176930901817 6 13 2
11.29570947151205 4 10 2
11.737763716403393 3 5 5
11.237539271653329 6 12 4
9.67823091313662 59 75 40
11.039370468433846 45 53 34
9.938205420178297 61 75 45
9.6122455601323 58 74 37
10.22095159116234 69 79 56
9.685848637048482 60 77 41
9.750282176349494 64 78 40
9.911745526158668 60 79 40
11.981063951688979 55 72 33
11.07662604999689 58 76 37
11.916313787920961 74 87 56
11.76956161934355 53 71 32
10.294897090320955 57 76 32
10.01423894487625 58 76 32
10.662308875451018 55 73 29
10.635917064413366 62 80 37
10.828376766898712 55 74 32
10.682505216714443 50 68 21
10.716673009825312 53 71 29
11.206169867260863 57 75 31
11.308329613107441 57 75 31
11.513622516902716 60 78 37
11.003212952659057 66 86 51
10.396414522023454 63 83 47
12.25352663191735 58 78 41
11.359253626293036 61 81 46
14.29459621651062 57 74 36
11.562586372705796 59 75 35
12.610186036454637 57 75 34
10.69794933848507 60 75 36
11.400744737256023 62 77 41
11.232210072421369 58 75 34
10.973061000180424 62 79 40
11.564231749727014 57 75 30
11.815263194553134 58 76 35
11.564231749727014 57 75 30
12.129769365978879 63 78 41
9.870682696226144 64 84 50
10.064758580549551 66 86 51
10.714880870634971 62 82 48
12.542602099196674 57 75 35
11.156281578365679 61 76 38
14.08451395427589 58 77 39
11.917910329722561 81 92 66
12.225094443182895 61 74 43
11.604946792294005 63 76 49
11.91929460334311 59 74 36
12.232007115951424 62 75 48
12.376160842803888 60 75 39
12.143699302590193 60 77 36
12.143699302590193 60 77 36
10.890649885359059 64 84 45
11.55086366265961 61 81 42
11.511829772847504 59 72 35
11.931875769805078 58 75 37
11.552068193883354 50 67 25
10.702616564546362 51 69 27
10.570232017312735 54 70 28
9.45874102035564 57 75 36
10.188097786107479 54 69 29
9.574253229075138 53 70 31
11.938889071619494 51 70 29
11.925079347966863 55 76 37
10.170462252317058 65 86 52
11.402325457778593 67 87 46
11.96913987814473 61 82 41
10.72768940389409 57 78 41
10.138207159140329 58 78 42
11.408068962358975 61 82 39
11.8298560534624 60 80 43
9.869599830460222 55 75 36
9.967019073622545 55 75 38
9.729146128561801 53 73 34
9.907455053737793 57 77 41
10.070002443858847 58 78 39
10.518360701259018 62 82 45
10.78821164320192 64 84 46
10.78821164320192 64 84 46
10.282531421510733 61 82 48
9.624319046642722 41 58 4
9.620757869578998 49 65 15
10.115702722341762 42 60 7
10.577868372032558 47 66 12
10.352614897147866 51 70 19
10.294431965995006 52 68 21
10.511491349261597 49 68 16
11.175556284626678 55 73 28
11.491884584481788 49 65 23
13.374267630796417 55 70 29
10.658155509862178 34 52 4
11.031673092187132 39 56 9
10.819596082216547 35 53 3
11.281255429395962 39 55 10
10.798291205943357 45 60 18
10.726803201180113 3 9 1
11.229399765710678 49 66 19
10.915323427604138 79 91 62
11.905336817033085 7 10 4
10.567754665195753 52 66 46
10.92069910500879 49 66 19
9.985705274034169 48 65 15
11.11552968282189 0 2 0
11.494593161782493 2 7 1
12.185637494588244 5 8 3
10.590928943398055 86 95 74
10.257263823074943 58 73 35
11.617158300968615 64 74 50
11.037021435167821 50 67 19
11.898905233237791 58 71 39
10.412300094115066 54 71 26
12.369328731463453 61 75 39
10.53526080342803 62 80 39
11.070710593572452 56 73 35
10.725546236676294 67 87 50
11.6730697548614 56 73 38
12.660170872620169 57 77 38
11.319208928891255 56 74 32
11.313420312666684 55 73 32
11.463891149682953 50 69 28
11.420837969429181 50 68 26
10.170462252317058 65 86 52
11.059137774669546 53 71 29
12.066062499080804 60 80 35
10.423638174687945 58 78 42
10.456832367217443 59 79 43
10.306364327307767 60 80 42
10.070002443858847 58 78 39
10.282531421510733 61 82 48
10.979734714393715 66 87 54
11.603772389537045 60 80 40
10.620335490481397 52 68 20
10.05279086926509 41 58 5
9.87395756897664 56 70 38
10.481498940117985 51 69 24
10.948011217413075 0 8 0
11.240438520066954 59 79 40
11.19277300534269 55 73 30
12.076789282517534 57 76 37
11.890892652845894 63 78 39
11.115460537385871 67 88 50
10.616735151055014 57 77 38
11.20332125291564 61 81 44
9.406514834003858 54 71 31
11.19007308335468 48 65 21
12.831157570730534 54 76 35
9.561932573572392 59 79 43
10.771746746889885 58 79 42
11.798469883524751 0 3 0
10.859993640579695 52 71 42
11.018453100996915 47 63 22
11.56825030984004 60 76 36
10.048575126340722 61 80 42
11.403136915172581 59 75 35
10.197670108609138 60 80 46
11.796764579802543 57 77 39
11.767687526792907 57 75 35
10.837477893433679 60 81 43
12.318601972966842 60 79 39
11.530270566226704 47 60 22
11.421530231186 1 5 0
9.59241290628438 48 66 17
