6.930618977975029 29 37 12
7.713377603252888 31 37 14
7.439051478020306 30 38 9
6.916927166299072 29 38 9
7.114860065147196 28 36 15
6.71380364001078 27 36 14
6.670921995422253 27 37 14
6.50861515502962 30 39 17
6.54870684354098 31 39 16
6.828352569419314 31 41 13
6.651468842192926 31 41 17
6.646237525269445 33 43 20
6.3915988045316965 34 46 20
6.813054033486348 34 46 20
6.655261581629806 32 41 19
6.789912276748216 34 44 20
6.828352569419314 31 41 13
7.1174273595478645 33 43 21
6.83980780151953 35 48 21
7.186976470776863 34 46 19
6.555346577848418 34 44 21
7.5099007788449095 35 46 21
7.232937516589075 29 37 14
7.69137954973418 33 42 14
6.973534373339691 30 38 15
7.627674688384628 37 47 17
7.796683335604409 34 44 14
7.035979445080266 37 46 18
6.995073102118263 41 51 24
6.977522173599561 37 46 14
7.681185599915029 38 48 17
7.0616304501549125 34 44 14
7.938169984938735 32 40 16
7.0416417768543855 32 42 12
7.908415708268415 34 44 14
7.630743245419685 30 40 10
7.998067264481653 32 42 12
7.261276540577595 35 43 16
7.157550665555398 36 42 19
6.190948671703734 42 50 27
6.395451860758848 40 48 25
6.453791990406779 41 50 24
6.453791990406779 41 50 24
6.644710524253779 37 46 20
6.964184469458845 45 55 29
7.169557266594224 35 44 16
7.341186242071768 41 50 25
6.811564429118601 40 48 25
6.695415771358824 37 46 18
6.609135666343467 45 55 29
7.393438799645905 38 51 24
7.122675185663955 38 51 24
7.201388018724887 47 57 33
7.33419558505708 46 56 32
7.514442047158412 47 59 36
6.992972851011844 47 59 36
6.083412487367721 43 52 26
7.3197051645008395 47 59 36
7.348409244793156 46 56 32
6.508792816451017 46 54 31
6.944440574643662 46 54 31
6.668719656727124 35 47 20
6.327479106653163 34 47 20
6.890992380505706 43 57 33
6.626987125950552 39 53 26
6.922471090808116 41 55 31
7.7891098692487954 39 52 31
7.733082989691509 43 57 35
6.450256542635002 38 52 27
7.2271539975831995 41 55 29
7.577348577954172 42 55 33
6.733238396928712 48 59 35
7.3952233306600155 43 56 35
7.709429747194881 41 57 33
6.875312529352576 32 41 13
6.592383512073161 28 36 12
7.240016607128721 30 38 10
6.71380364001078 27 36 14
7.095642377321521 36 49 22
7.214379716858046 30 38 16
6.944274058787864 33 43 21
6.675090583350293 32 42 15
6.418750490547902 32 41 13
7.134634134932595 34 44 21
7.33559749356736 29 39 13
7.720586901538636 38 48 20
7.681185599915029 38 48 17
7.122684677055987 30 40 12
7.704688837539455 36 46 16
6.977522173599561 37 46 14
7.283366910024279 31 41 11
7.261276540577595 35 43 16
6.861036683495093 41 50 23
6.76930210024787 44 54 30
7.233546697168027 38 48 21
7.1937638807856965 41 51 25
7.206216338176223 46 56 32
5.97363556736541 46 55 32
6.764431538837273 42 50 27
6.655435328445523 46 54 31
6.514134512262388 44 52 29
7.514442047158412 47 59 36
7.0177982214371655 47 57 33
7.736345486514322 38 51 29
6.692280507964918 35 49 23
7.2020925460465826 42 57 34
7.006979898572272 36 50 23
7.631212389937956 41 54 33
7.404870341783517 46 58 35
6.929135134351665 46 58 35
7.258842763346644 27 35 14
7.346952441839351 32 40 18
6.522096192239313 33 44 21
6.651468842192926 31 41 17
6.917924306107378 32 41 18
7.439051478020306 30 38 9
7.590875614423555 31 41 12
6.291122229262069 39 48 22
6.812586914049174 35 41 17
6.811564429118601 40 48 25
7.593041777173662 31 41 12
6.733238396928712 48 59 35
7.733082989691509 43 57 35
6.409170929833679 42 51 25
6.507825165322188 36 50 24
7.144994469788013 44 58 33
7.122675185663955 38 51 24
7.095642377321521 36 49 22
6.513956996530206 28 38 15
6.669877793450805 34 44 18
6.592383512073161 28 36 12
7.593531056716577 33 38 16
7.03435344240165 40 54 27
8.667629766019335 47 59 36
6.976143986449049 40 54 29
7.656116245095477 43 57 32
8.084908318006441 42 56 35
6.2302485348721754 30 38 15
6.916927166299072 29 38 9
7.139423577547938 37 45 22
6.992972851011844 47 59 36
6.305068311133246 45 53 30
6.6710953343668775 44 52 29
6.83980780151953 35 48 21
7.7734582505297105 40 50 20
