13.21902732438211 41 41 19
13.21902732438211 41 41 19
13.147093915804952 43 41 22
13.350454776412723 42 41 21
12.697285062356121 42 41 21
12.794980830693325 42 40 21
12.568542910633553 42 42 20
13.022325056031892 42 44 22
12.337839812110412 41 43 21
12.602925331971582 42 42 20
12.544195279191193 41 43 21
13.322078831524724 42 44 21
17.895993290211116 45 47 21
18.0243663406123 48 48 26
17.927243296250403 46 47 23
19.249841380420214 47 52 25
17.931036473314748 46 50 26
17.931036473314748 46 50 26
18.22079192407046 50 48 27
12.464094832094272 45 45 17
13.018128264535964 42 45 16
12.815388547514482 44 44 18
12.419224182136777 39 41 17
12.22115402267088 40 41 15
12.378839059256247 41 43 17
12.328133654234655 42 43 15
12.097732548483698 43 43 16
12.628931322343384 41 41 17
11.222064466653679 45 48 17
10.923530782508685 44 47 16
11.377237287008029 47 47 19
11.594179049858205 48 48 20
11.24468768423955 45 48 18
11.222064466653679 45 48 17
11.127973534241185 43 46 17
11.288332944743154 48 51 20
12.554316211380943 42 43 19
11.525331570500478 45 48 19
12.230319714067905 45 47 21
12.779343972283794 48 51 22
13.259709747362631 46 48 23
12.697382978545676 43 45 21
12.517994914042417 48 49 23
13.28899020817733 43 45 21
12.055142903293195 48 51 22
12.452203920288506 50 53 24
13.259709747362631 46 48 23
11.75614707543022 48 48 21
12.361365706894553 49 52 23
11.507733638843767 50 51 20
11.529796343601818 46 49 18
12.50783541539039 49 52 22
12.224132130085112 50 53 18
12.60039887041362 54 54 22
12.188072540401576 49 52 21
12.522105756738787 49 52 16
11.722260577971362 52 52 24
11.572366364759583 49 52 21
12.263557910049862 57 55 32
12.21721362013289 56 54 30
11.805230794506198 59 57 36
11.954209419091837 52 52 24
11.999572819995965 61 56 37
12.59968406022957 59 55 35
12.026389104345997 54 55 21
12.308512944947744 57 58 22
12.308512944947744 57 58 22
12.21721362013289 56 54 30
12.773422344360467 52 55 22
13.435064709451492 57 60 27
12.811860830601164 54 57 24
13.207236982867382 50 53 24
13.529313170258726 50 53 22
12.753511209272911 53 56 25
13.361663243645184 52 55 22
13.263582055486538 50 53 20
13.267470535645494 54 57 24
13.814490083810108 62 62 36
13.844913462619521 25 24 9
13.278665977867051 41 39 22
13.617271936907668 43 44 21
13.617271936907668 43 44 21
12.91982293924091 44 46 22
14.196241068511409 45 45 23
14.227219830860003 44 43 22
13.621612536289605 44 44 23
13.060616623666403 42 41 21
13.871872682847414 45 44 25
13.556816765308502 44 46 21
13.358383356221292 43 45 22
13.474546215079538 41 40 20
14.073881926242002 44 46 22
13.65831509972467 46 48 22
13.946295775865837 46 45 24
13.757232876678016 45 45 24
13.842638557284053 45 45 23
13.883015471693492 46 48 22
13.15714148305967 45 47 23
13.534982591697958 47 49 25
13.462117407390215 46 47 24
13.534982591697958 47 49 25
13.534982591697958 47 49 25
13.769015610958366 47 49 24
14.701832383445623 17 15 11
13.712244249057898 39 38 21
14.39664376827475 28 26 15
15.116251560336874 18 16 8
14.64123851213797 46 48 22
14.305688967503933 45 47 22
14.305688967503933 45 47 22
14.348883102170236 45 47 22
13.474638483144691 45 47 21
13.881832272956226 47 49 24
12.721781873266897 61 60 40
12.862871659823703 62 60 36
12.49863024064289 61 60 36
12.781552549857887 62 61 35
12.652974131161494 61 61 37
12.316968670358527 61 59 37
12.423848206306277 59 62 33
13.29252334140808 60 60 35
12.862871659823703 62 60 36
13.205468430648555 63 63 35
12.454479726263916 62 62 35
13.099216928560443 62 60 35
12.968247642304355 39 40 28
12.714840804735818 47 48 33
14.05291858621091 30 31 18
13.600597434242166 40 39 26
13.811411280830308 34 35 20
13.403576965757395 51 54 24
13.828058550919653 45 47 26
13.641690765003741 42 42 23
13.359856438795921 44 46 24
13.238800487194213 51 54 23
13.399072947138679 45 47 21
13.413619682248042 46 48 22
13.529400184031289 49 52 23
13.500540547147324 45 47 23
13.706734035791332 41 43 22
12.650222484009953 50 53 22
14.255980745179963 49 51 26
13.652300710847513 52 55 24
13.874564778201748 49 52 21
14.551331802597979 48 50 24
13.058958577057682 47 52 19
12.96712620359885 47 50 19
13.747510112292854 43 45 23
12.13599366378475 59 58 44
13.24268757672296 53 58 29
14.610070362835687 48 50 25
14.763550596972504 50 52 30
12.558182463367519 57 60 35
13.787610869078005 55 60 34
13.809114232822992 55 59 35
14.523976238780214 57 59 36
13.787610869078005 55 60 34
14.468445767320715 54 59 34
14.523976238780214 57 59 36
13.226702394323926 58 60 36
14.554868365748217 53 55 29
14.025858860853562 51 53 28
13.885599338172751 56 60 39
13.714151202634039 42 43 27
12.1923481065309 45 46 35
12.461847350115221 32 33 22
14.715836661481529 72 73 59
11.651260437059081 56 57 48
11.418453887694787 55 56 44
12.155332135684986 56 54 45
12.900372176273718 57 59 40
11.801021115770785 67 67 54
12.065319306957557 57 59 33
13.187544580550984 58 59 45
11.791017442016015 59 60 50
12.468107189695386 60 60 37
12.371889902374873 59 59 37
12.660315378456746 52 53 37
11.70589008838234 64 63 47
12.121371331334446 59 59 38
12.269376749242323 56 57 41
12.774962879040942 58 60 33
12.516924265273753 60 58 37
12.945644584111 57 61 32
12.263832557991789 57 56 40
12.601960556476424 60 58 36
13.487885974306737 47 49 23
13.01594398549498 49 52 23
13.844459098247237 46 48 22
13.758508812674211 51 54 25
12.60581324672016 50 53 24
13.721525201680642 49 52 23
14.55239544523985 47 49 23
12.871239962272583 49 52 23
13.445753773071871 51 54 25
14.129888554156771 50 55 24
13.8702184632643 55 60 32
13.624267674391188 56 61 36
14.394984019188769 64 69 40
13.642908043588733 56 61 30
13.888528735652145 55 60 27
13.805945430094447 62 64 37
13.678903444395797 58 63 38
13.923889183569381 59 61 35
14.515760217444438 64 69 42
13.642908043588733 56 61 30
14.456638472087215 59 64 33
13.712983359365337 51 55 27
14.321148850275156 48 50 24
14.705360658079865 47 49 23
14.594859459392554 48 50 24
14.636078052245118 49 51 25
14.135938016777054 48 50 24
17.98863512192385 56 59 28
15.461717564728607 64 70 43
15.630176566380175 62 68 41
15.518068828367126 63 68 40
15.356659812819139 65 72 43
15.405152721875135 65 70 41
15.677823486500365 61 66 39
15.509882005646583 62 67 40
13.312790953424239 62 62 40
13.312790953424239 62 62 40
14.797341484983116 65 69 36
14.797341484983116 65 69 36
13.740716318405527 61 64 34
13.934884685280586 63 66 35
13.936063379766157 64 64 38
14.410854970115755 64 64 36
13.984619247520225 65 63 38
13.566318380005637 64 64 34
14.677763246243206 64 69 40
14.703707847613986 64 69 38
14.930789118141428 64 69 40
13.435788524580323 64 64 36
13.464126552898318 64 65 35
13.435788524580323 64 64 36
14.706603165369774 64 67 36
14.33718024721873 61 66 37
14.310571158623326 63 68 39
14.027631076204708 63 62 32
12.971753657250224 64 64 36
13.095957482718374 63 63 35
13.133460758729605 63 63 38
13.551388091024332 64 64 38
13.661032475822578 62 62 38
13.481770014431603 64 64 37
13.7925175951163 62 62 36
13.196529445877562 63 65 39
13.92766959659831 57 62 36
13.945904438736356 57 62 34
13.884356370990194 53 56 26
13.647969871533952 54 60 27
14.27801622449351 58 63 35
13.98111977524159 56 61 32
14.195238323433717 53 58 24
14.331313895591439 56 61 31
13.388448049329078 58 65 34
13.945904438736356 57 62 34
12.539373429785321 42 42 20
13.682422901189222 43 45 21
18.898806396248606 46 50 23
19.171328924376198 49 54 29
16.80990473021868 46 40 21
17.560024035995166 49 47 27
12.907019015697774 43 46 17
12.127833379479998 44 47 18
11.442607135724286 45 48 19
12.413737669418675 43 46 17
11.389196260065996 44 44 16
12.35841138233455 42 44 20
11.75614707543022 48 48 21
12.517994914042417 48 49 23
12.42763760073217 46 48 22
12.361365706894553 49 52 23
11.997412475728865 48 50 24
12.173410633246311 48 51 22
13.47080980415977 44 46 22
12.789278818401211 49 52 23
12.401072217281687 51 54 22
12.264292310975968 52 52 24
12.224132130085112 50 53 18
12.203324797423926 50 53 20
12.461072261883336 52 55 24
12.405829100334518 53 53 25
11.638061434246312 45 49 18
11.529796343601818 46 49 18
12.609172085969352 60 59 38
12.773422344360467 52 55 22
13.207236982867382 50 53 24
13.248301936167664 56 59 28
12.742250466175909 59 59 33
12.742250466175909 59 59 33
13.392102392755413 63 63 37
13.335282807009332 42 40 23
14.113946782955155 33 31 19
13.217334817409304 41 39 19
14.223064052112933 45 45 23
13.136386069877782 43 44 21
13.556816765308502 44 46 21
13.3208544251938 42 41 20
13.722631622397335 43 43 22
14.440637700625453 47 46 27
14.141280989785319 47 49 23
13.769015610958366 47 49 24
13.693078877392699 45 47 22
14.564577317930121 45 44 24
13.639052275666652 45 45 24
14.239767200346806 45 45 23
14.129875757693435 38 37 21
14.058293111490205 20 19 10
13.712244249057898 39 38 21
14.129875757693435 38 37 21
13.576274530122044 48 50 25
12.28250971581375 62 62 38
12.741733582864684 63 61 36
13.29252334140808 60 60 35
12.984829418577721 61 61 36
12.654263160689991 64 64 36
12.612035133151483 61 59 36
11.364136979870816 54 53 41
14.55997221882753 21 22 9
14.226131875892264 39 41 21
14.027575174901983 43 45 21
13.403576965757395 51 54 24
13.242593692534822 45 44 27
13.615581934858412 47 49 23
14.382035665012564 48 50 28
13.082339441194176 53 56 25
13.641690765003741 42 42 23
12.861451036241386 48 50 22
13.359856438795921 44 46 24
13.058958577057682 47 52 19
13.238800487194213 51 54 23
13.147642527553566 56 61 34
14.15396339006626 46 48 26
13.287423342799228 57 59 37
12.685735000729542 56 57 41
14.523976238780214 57 59 36
13.411824800415864 52 57 23
13.184990086747133 56 61 33
13.128298968639374 56 61 36
14.523976238780214 57 59 36
13.147642527553566 56 61 34
13.769166396509283 55 60 35
14.506468059534505 54 58 36
12.731770651424725 57 62 34
13.714151202634039 42 43 27
13.81877226272417 26 25 18
12.923943743090337 56 56 47
13.234966515973987 62 64 48
14.800814804251868 56 57 41
11.667340712258062 58 57 45
12.308547273681326 44 45 35
12.75968806137617 55 57 36
12.468107189695386 60 60 37
12.75968806137617 55 57 36
11.130615557206816 58 59 46
12.843108139051711 60 60 36
12.360900278877176 58 59 46
12.581071334562507 58 57 37
11.370229225956072 53 54 40
13.736278921568157 47 49 23
13.310175712614887 47 49 23
13.744335457482965 46 48 22
14.49061266709994 62 67 36
13.642908043588733 56 61 30
14.62042018780067 56 61 28
14.456638472087215 59 64 33
15.364928276419455 65 70 41
13.624267674391188 56 61 36
13.805945430094447 62 64 37
15.316308013417318 64 71 41
14.048715947515024 59 61 36
14.25360968224907 54 56 29
17.98863512192385 56 59 28
18.81438361166692 56 60 29
15.203621009606701 59 65 38
15.87603222355511 61 68 38
15.252600485864592 60 65 38
15.461717564728607 64 70 43
13.7710049853608 59 66 34
14.946709073793269 60 65 38
15.622041147261205 63 68 41
18.64062124674506 60 65 36
13.807839442926364 63 66 35
14.288042548203569 63 66 35
13.835415448653873 64 67 36
14.314693514514824 63 66 37
13.464126552898318 64 65 35
13.740716318405527 61 64 34
13.691295481788497 63 66 37
14.433191885250336 63 66 37
14.956294803380537 62 67 38
14.703707847613986 64 69 38
13.43139641842103 63 66 37
13.743283037118129 63 63 37
14.35375060152588 64 67 38
13.209415697520502 41 40 20
12.15924840216534 41 42 20
19.171328924376198 49 54 29
18.14766937377946 54 48 30
13.795947695126314 45 47 22
12.230805889342971 43 46 16
12.32273542094814 44 46 20
12.326300197388372 48 52 19
11.389196260065996 44 44 16
12.92108534750427 45 47 22
12.779343972283794 48 51 22
11.939260321772343 50 50 22
11.377237287008029 47 47 19
12.026389104345997 54 55 21
12.333927382094263 57 55 34
11.906661113104633 53 53 24
13.304481724949166 57 60 29
12.87123104484434 51 54 19
13.263582055486538 50 53 20
13.102828524274933 43 45 22
13.534982591697958 47 49 25
13.831553127490206 45 47 22
14.332307120285307 46 48 22
14.397718838619623 48 47 28
13.301369713475257 48 53 21
13.221330935130043 46 48 22
12.91075069603659 48 50 23
13.76352812606253 49 51 24
13.260599702665948 62 60 36
12.984829418577721 61 61 36
12.984829418577721 61 61 36
12.781552549857887 62 61 35
12.61871898333543 61 61 35
12.065309793876194 60 59 34
13.932462476076083 46 48 22
14.610070362835687 48 50 25
12.21317413996808 44 45 35
14.715836661481529 72 73 59
13.878273801142395 53 58 29
13.874564778201748 49 52 21
14.468445767320715 54 59 34
13.322424979702516 50 55 23
12.846279057391918 47 49 23
10.99496973200789 56 57 49
12.137449488642375 59 59 35
12.945644584111 57 61 32
11.214838347201594 58 59 45
14.129888554156771 50 55 24
14.636078052245118 49 51 25
15.860016675306579 60 66 39
13.888528735652145 55 60 27
13.273171753155315 49 52 23
13.712983359365337 51 55 27
13.678903444395797 58 63 38
13.201515985057133 50 55 24
14.023448889326298 53 60 28
15.048356880431992 64 66 40
13.984619247520225 65 63 38
13.493622409140942 64 64 38
14.104726220217273 65 65 37
14.035544907011051 55 60 31
14.18744593149216 52 55 25
12.834634601183105 42 41 21
13.429193587858254 42 44 20
18.965050841620346 44 49 22
18.07322730911714 48 50 27
19.18458034331168 48 53 27
12.810783742429434 40 42 18
12.700842602178335 49 52 21
12.881103931700203 50 53 24
13.429373829409634 46 48 23
13.190560854094713 46 47 24
14.305688967503933 45 47 22
12.7944981515519 42 43 21
13.652140227188713 44 45 22
13.564485893765346 50 53 23
12.163961818260168 58 60 34
13.706734035791332 41 43 22
12.436785059621995 54 56 37
12.586475786721998 59 59 38
12.047668878377879 59 59 48
14.066186226086822 48 50 24
14.321148850275156 48 50 24
15.478137831055667 65 70 43
13.591252066944266 63 63 37
13.123786464592857 61 61 39
12.766991099058849 62 62 38
14.027631076204708 63 62 32
14.243534945778553 58 65 34
12.573245562763258 42 41 21
11.239439380485912 45 48 18
12.732009195103013 41 43 19
11.978088711239188 41 43 17
14.200476083436518 54 58 25
12.947413167128593 54 57 21
14.461263973959168 46 48 22
12.814239621087744 41 39 19
13.510524571356093 51 54 25
13.939759536235059 48 49 33
14.610598387662286 65 68 38
14.677763246243206 64 69 40
12.945644584111 57 61 32
13.7549052911455 43 44 29
12.77495389440745 61 59 34
13.369452903811215 58 64 37
13.393509579669413 64 64 40
13.686360852754296 49 53 23
12.263557910049862 57 55 32
11.679465750909102 52 51 23
12.529222105361146 43 45 19
14.52909094380731 15 16 10
14.55239544523985 47 49 23
13.029649039070913 52 57 26
14.43904864214657 60 65 36
13.294427849063311 63 63 35
13.094041639248431 55 60 33
13.8066664282917 59 64 38
15.509882005646583 62 67 40
14.348883102170236 45 47 22
12.004221842269498 40 42 20
13.594711205487569 41 39 21
12.834153413378772 41 43 21
14.072179416405167 47 49 23
13.883015471693492 46 48 22
