21.68452301492394 59 77 37
21.87528899807483 64 84 43
21.97853459256344 63 83 41
21.493452692752847 60 75 36
21.547116721736394 61 79 37
21.39510516293196 63 81 39
11.718170524609704 27 36 0
10.83892745861081 27 34 0
11.380157433825438 24 33 0
10.727879403930105 47 57 15
10.882805943343556 24 32 0
10.957464770674841 50 58 18
10.351188199459703 21 30 0
10.161408589091547 48 62 23
15.501496883782819 65 77 30
10.853526083509808 47 57 13
16.28805323231926 62 74 28
14.05648511178269 63 75 31
15.716217504737372 60 74 30
11.47215300829075 42 53 10
11.405562371902478 40 50 7
11.173231213535939 58 72 25
11.383994838496275 67 82 32
12.11020965541836 50 62 20
11.953754701541472 61 76 26
15.265996474835976 61 77 31
15.646856544531323 62 76 28
12.354072689945085 60 72 27
16.525940911581944 58 61 51
9.661069066603925 52 67 31
9.661069066603925 52 67 31
10.873813123171134 53 67 27
9.296918800427038 54 65 32
9.296918800427038 54 65 32
9.58281421589862 51 62 25
10.25765141195823 50 61 26
9.824707140309002 51 62 25
20.05804985634081 49 63 64
9.362941365402804 50 62 18
9.87909031514187 51 65 24
10.586049258650656 51 65 24
9.228728379386597 51 66 27
10.530590602451738 50 64 25
9.744823445998698 49 62 21
9.95675433686885 51 65 20
10.03830294048068 52 66 23
9.920523174849281 48 62 23
9.158193845883616 52 65 27
10.27030466271683 52 65 23
9.453616226950166 49 60 23
10.429576733824728 52 66 22
9.825636415079007 55 71 24
9.789792844746085 53 67 22
10.304476933998545 48 62 20
9.767960175431067 54 68 22
9.825636415079007 55 71 24
9.950434383140006 52 66 22
9.393718407461133 57 71 25
8.811332171321718 58 72 28
9.776495997953614 52 66 25
9.97028759605046 60 74 29
9.585126404998833 58 72 24
9.399077702181959 60 74 26
9.407948217377145 54 68 30
10.07540381929118 57 68 30
9.423941590624505 55 67 28
9.54525329921395 56 67 29
9.54525329921395 56 67 29
9.97028759605046 60 74 29
15.188755946869412 59 75 31
16.053117444113415 58 74 28
16.053117444113415 58 74 28
15.188755946869412 59 75 31
15.601326681787222 59 75 29
10.25500609169352 62 77 36
10.182072650467466 57 69 43
10.469305511931367 46 59 28
10.605060275099712 52 63 27
9.844379909661477 44 57 24
10.44764569714311 50 61 26
10.901245754850946 47 59 34
9.290488356134405 67 83 61
13.612836809563087 21 26 12
9.819383955691855 61 73 50
9.897084814098058 67 80 59
10.172722072562593 64 77 58
10.568928899765053 70 82 64
10.837740527282925 56 69 38
11.632424201864147 59 71 35
10.734527986462611 56 68 35
14.349836144654931 66 80 48
14.411497796338981 63 76 44
9.986706368706532 70 84 60
10.179743450644224 72 88 64
10.153790554946449 72 88 65
10.02556970506611 69 82 56
10.394423238414488 72 87 62
10.285621261262232 73 86 65
14.756387409161139 66 80 50
13.81110773646748 63 78 47
13.81110773646748 63 78 47
14.087068945158867 68 82 53
14.831638412994403 67 83 55
14.66400102933165 69 85 59
13.823316602817531 68 87 60
11.403876348506826 63 81 35
10.302869110350443 63 78 37
11.305833323000636 67 81 34
10.698144575002987 60 76 32
10.313442472215575 61 79 35
9.774801328912435 66 82 38
9.988229309662204 63 81 36
9.656373831674902 66 84 41
11.37113441843567 64 79 32
15.9517028058535 60 76 32
15.54843192698188 61 77 33
15.56135074354479 60 76 32
12.300902643314219 69 84 46
14.226724149332409 72 89 55
12.640758055354826 68 85 53
13.12498847952794 70 86 54
13.49867278195342 63 79 47
13.603053569111491 65 83 51
12.983316526619602 69 87 54
13.382608942863419 68 87 53
13.382608942863419 68 87 53
10.785779051972048 65 83 39
11.854682579792325 59 77 33
11.963980646474818 70 88 46
11.394357156313559 69 87 47
10.475240277561849 70 88 47
9.37484779797714 72 88 62
9.175919659618012 76 93 63
13.005151020758083 24 34 11
13.005151020758083 24 34 11
9.662742988918701 74 90 66
12.020120894168574 70 84 52
11.504301320678763 69 85 52
11.747627332219247 68 83 44
12.070855913896587 67 82 50
13.061681496959247 67 86 58
13.944199350224876 64 80 50
13.708135592836744 63 79 49
13.708135592836744 63 79 49
12.448287620558546 70 84 53
13.309216266002363 64 82 53
20.346885721955072 62 78 34
18.54453993441793 51 61 66
14.61315843923662 35 40 25
21.626160646253226 60 75 35
21.341058890514084 60 75 36
21.97853459256344 63 83 41
10.178731044221918 34 42 3
10.160988120876258 50 61 18
10.548116866831656 47 58 11
11.528006494205624 25 33 0
11.89822187782773 38 46 6
15.419750048256754 66 78 30
14.05648511178269 63 75 31
15.716217504737372 60 74 30
15.501496883782819 65 77 30
12.284081679371662 27 37 1
11.71041144759275 51 62 20
11.417729081450942 55 69 22
12.322901976967367 62 77 27
9.981855586630362 54 68 32
9.313102846226183 54 65 32
10.258067918040107 49 60 25
10.719991933140443 52 63 28
9.453616226950166 49 60 23
10.015391025561101 51 65 20
10.276427899645133 50 64 19
9.857888842057946 50 65 23
9.180109808407142 50 61 27
9.136342081170856 58 71 24
9.950434383140006 52 66 22
9.474910662735871 57 72 23
9.994051202623266 49 63 20
10.090339318597756 60 74 31
9.52070622875775 59 71 23
9.642484281174536 50 62 27
15.601326681787222 59 75 29
10.532740445682188 60 74 29
10.637052663787243 54 68 41
9.808278011282706 64 76 52
9.384316803202324 49 60 24
9.59184255140489 59 74 53
11.080479854366663 54 65 28
10.891806515995016 71 88 65
14.079026344925191 63 78 46
9.65145679922004 75 91 67
10.31124235082 71 84 63
10.81681849933645 57 68 34
10.394423238414488 72 87 62
10.391551078829622 63 76 50
14.411497796338981 63 76 44
13.798036484597846 65 78 46
14.087068945158867 68 82 53
13.823316602817531 68 87 60
11.706949569933702 60 78 34
10.302869110350443 63 78 37
9.952971301280341 63 81 35
11.845124331262625 62 79 34
16.193526291753525 60 76 31
15.350176639908991 60 76 32
16.193526291753525 60 76 31
12.300902643314219 69 84 46
13.781259798997867 74 91 54
13.126937125667672 67 85 49
13.360963749554244 62 79 46
13.912971662852302 69 87 54
11.992931753718379 63 81 35
11.323970753449476 61 77 33
10.785779051972048 65 83 39
10.584509639813577 66 85 43
12.11757597321228 68 85 46
12.336211771357341 70 85 53
12.302569704655554 63 80 49
11.953102650114966 73 89 55
10.208136290314668 75 91 64
18.832038105025234 49 57 58
16.876435716475214 33 36 29
16.77172146400135 47 50 43
21.72346215547233 58 73 35
21.248541013532115 59 74 34
21.39510516293196 63 81 39
10.937259963736668 35 45 5
11.134450892185955 25 34 0
10.83892745861081 27 34 0
11.977346430038722 23 33 0
15.419750048256754 66 78 30
11.932019204614345 62 77 27
11.026640175549161 58 74 24
12.53334409642716 66 81 31
12.066643419144565 66 81 31
13.023533634411969 63 79 32
9.30460109499948 50 63 26
9.180109808407142 50 61 27
9.495983359370058 50 65 27
9.765860458310543 55 70 25
9.223385769257455 56 72 24
9.052113569549467 58 71 24
10.085347362954824 53 67 23
9.223385769257455 56 72 24
9.97028759605046 60 74 29
9.54525329921395 56 67 29
8.897840253765004 59 71 22
9.97028759605046 60 74 29
10.198626792505767 62 75 56
10.543933990739635 70 82 64
9.976744462954498 65 81 59
13.712354054913481 67 86 59
13.806242771835324 66 80 52
10.356944078390855 72 86 63
14.079026344925191 63 78 46
11.22380234029193 61 77 33
16.393840546038227 60 76 32
13.12498847952794 70 86 54
10.111865705100781 66 83 40
13.944199350224876 64 80 50
13.34031997911177 67 81 51
12.070855913896587 67 82 50
19.1081714866401 49 57 61
11.825533160540626 25 34 0
12.015446251315856 24 33 0
11.47215300829075 42 53 10
9.435839658824156 53 66 31
9.387838608491371 52 62 31
9.255919468594572 49 60 26
10.07540381929118 57 68 30
10.532740445682188 60 74 29
10.53423603853459 48 59 10
9.832036588261277 52 66 22
10.070976801196402 66 78 57
9.832867697736237 45 56 23
14.714116082898947 69 86 57
9.986706368706532 70 84 60
11.169220330458092 60 76 32
10.614531599197047 62 77 35
9.992393430122776 64 82 38
15.745764774029244 59 75 29
13.738336178790515 66 82 50
13.842757536156668 72 89 53
12.530403840165814 68 82 49
13.625819303896414 62 77 47
20.408906699515125 63 79 35
15.859609287224819 59 75 30
13.541981662385432 64 82 54
11.154987489501682 70 88 46
13.778136306881638 28 36 20
12.79169201041772 60 73 27
14.681983526603414 68 88 63
9.136342081170856 58 71 24
9.668020114953633 54 68 27
11.223064978748711 68 85 40
10.226032884090753 74 89 65
14.756387409161139 66 80 50
9.92095383441515 49 63 24
9.598577210390046 49 63 19
