10.715284722127576 17 33 5
16.671629579769025 63 83 49
16.178753683014477 69 89 58
10.909975675791067 63 84 49
9.612363128888703 56 79 34
10.118754808921016 64 88 44
9.83628195209425 45 67 22
9.410700321002688 48 71 27
9.08468192337204 39 54 15
9.31205034993158 35 53 11
8.861327192372816 35 53 11
8.861327192372816 35 53 11
9.203583849843714 39 57 16
9.633449227117643 9 27 2
9.633449227117643 9 27 2
10.01168164253728 54 76 30
9.766532464397757 30 51 6
9.319195383070424 50 69 22
9.604274847695416 50 72 25
9.077633093299841 49 70 28
8.740428853209412 48 68 25
9.28697975689773 50 73 30
9.187718813651879 52 75 28
9.058982113582632 52 74 31
8.84424030122171 51 70 28
9.296370422766595 53 75 28
9.196626153586639 39 59 16
9.473563222788362 53 75 27
10.079333835359556 56 80 31
9.34889343480013 58 80 33
9.473563222788362 53 75 27
10.07892080165665 63 84 37
9.436466008828354 58 79 32
9.394169542255007 53 74 27
9.394169542255007 53 74 27
8.900971768463693 56 82 31
8.881481111958099 56 82 31
9.803229970557881 51 77 27
9.169745765010454 52 77 28
9.700132134846617 54 78 31
9.394612681062934 51 76 27
9.269330169156028 52 77 26
9.45569323179458 55 81 30
9.367281983188334 55 80 33
10.719406926585956 67 92 51
11.723627367331034 66 91 51
9.397936107398827 13 25 0
8.963738593802507 46 61 22
9.588031679823933 59 81 36
9.15091194274824 54 75 28
8.483785204602446 23 35 2
8.324546841306537 52 68 21
8.43461027798928 51 69 23
8.82199001727184 50 66 20
8.205210942588897 50 69 25
8.093721188872195 52 72 30
8.937691025281188 53 73 31
8.719962754217251 50 68 26
8.718391132293972 51 67 21
8.718391132293972 51 67 21
8.093721188872195 52 72 30
8.744014708260778 53 75 30
9.396933736423632 62 85 47
9.271233573037483 66 90 52
9.721759419818447 63 88 50
9.898645284335192 64 89 53
9.916136855954063 65 90 52
8.447064171157605 54 76 33
9.318357762957696 53 75 30
11.61524906733798 67 92 52
11.630159181078092 67 92 52
9.700109333231481 51 73 28
9.220896894262124 60 82 39
9.576957914518124 44 66 19
9.330184673085888 62 86 45
9.202083886473416 65 89 47
8.742447410136755 50 70 23
9.180139277127699 57 77 32
9.665730402513821 63 88 48
8.742447410136755 50 70 23
10.023278867558144 54 76 31
8.808051645263227 64 88 48
8.788354914584696 63 87 47
9.433850382285005 52 74 26
9.290013437745959 60 83 38
9.011015962649699 48 64 19
9.784060324367642 18 33 0
8.309711495963038 55 77 33
8.972688390080128 54 76 24
9.072466522261015 50 68 20
8.30085547477806 52 77 24
8.623598310615975 54 76 27
9.497948107423754 58 82 28
9.126145179203698 51 76 25
8.986495316872174 51 74 23
8.604447002512895 56 81 31
7.933594404665996 51 76 22
7.933594404665996 51 76 22
9.353631828878132 58 82 29
8.916674294114133 56 81 30
9.90027483111313 55 79 27
10.143953233467982 57 81 32
9.264139443153752 55 79 31
9.418525632677895 57 80 31
8.974080179113024 54 79 29
9.714440768827004 56 80 29
9.524544667960111 55 80 30
9.574258282867111 58 87 43
10.001066912411172 62 90 48
9.353266038995754 59 88 46
9.574258282867111 58 87 43
9.409699309739183 57 83 34
9.601866975686908 57 82 34
9.036486907448747 58 83 34
9.127057461691395 54 79 29
9.016365779539989 53 78 27
9.873922220596615 53 78 28
9.207266160879634 58 83 33
9.276933024158557 60 86 40
8.83476996283247 60 86 38
9.753819452671456 58 87 43
9.6323453112851 60 86 39
9.117492411664255 54 79 29
9.117492411664255 54 79 29
8.658342699005285 67 93 49
8.357969740014552 63 88 45
7.7953454154056745 63 87 44
7.509554711518727 70 96 55
8.76265155204747 71 99 60
8.668894644891948 64 88 45
9.882088202646706 62 91 54
9.695476209336414 62 90 51
10.164107219228356 62 93 57
9.695476209336414 62 90 51
9.973606728464436 63 92 57
9.341444674351978 65 90 54
9.534988040006118 62 90 55
9.024711888741773 63 90 55
10.533873166269412 63 91 52
9.29604238663958 64 89 48
9.725661196178777 69 98 62
9.725661196178777 69 98 62
9.893784730954193 66 92 50
9.893784730954193 66 92 50
9.631787049850914 65 93 54
10.54254807690574 60 88 47
9.451462429246122 71 98 62
9.108026343355505 73 98 62
9.919962178962148 67 95 63
10.208957515888745 69 96 62
9.919962178962148 67 95 63
8.632183515402845 67 92 53
9.291488372310136 67 91 51
9.900129847185298 61 88 53
9.08526272283122 60 86 49
9.391240975608461 61 88 53
9.750884705151671 61 88 52
10.216974560569403 61 88 56
9.37857974282787 66 88 45
9.564246818272464 66 93 59
8.894936732847453 70 96 63
10.584893834630705 65 93 61
14.921598893848612 62 80 38
14.995119262507915 31 48 16
10.79935945169368 16 32 6
9.406330901786214 15 30 1
9.419396803501865 56 76 35
9.196173474346649 47 68 24
8.504819663044648 18 33 0
9.071726680355846 24 37 6
8.622081160570671 28 43 4
9.605497916358072 12 29 0
9.68953959848448 47 69 21
10.01168164253728 54 76 30
9.462588755181086 29 50 5
9.394169542255007 53 74 27
9.436466008828354 58 79 32
9.700257306746426 52 77 27
9.700257306746426 52 77 27
9.08619018885895 48 65 22
9.700257306746426 52 77 27
8.845318929607421 53 75 29
9.367281983188334 55 80 33
9.077633093299841 49 70 28
9.08619018885895 48 65 22
9.60608885937594 53 75 30
8.953534135033292 51 66 27
8.49455398880068 30 43 5
8.953534135033292 51 66 27
8.718391132293972 51 67 21
9.625432734566058 57 79 34
10.033761100750295 61 86 48
9.308648739447618 57 79 33
9.576957914518124 44 66 19
9.180139277127699 57 77 32
9.804056689754422 60 84 42
9.205909625974432 52 74 30
8.920803377380182 49 67 19
8.833356224023591 49 71 21
8.604930810739269 60 85 34
8.562957689752857 58 83 29
9.478445637303134 56 81 30
10.143953233467982 57 81 32
8.865151667425721 59 84 31
8.95381881116188 54 79 30
9.668386004979213 52 77 24
9.524544667960111 55 80 30
10.001188317901477 55 78 27
9.274320101655361 60 86 41
8.974080179113024 54 79 29
9.274320101655361 60 86 41
9.175375925826147 55 80 30
9.753819452671456 58 87 43
9.41271693641203 60 87 41
9.965933472893056 56 84 40
9.409699309739183 57 83 34
8.83476996283247 60 86 38
8.487406309480749 75 99 63
8.658342699005285 67 93 49
7.484611799225124 74 99 60
9.882088202646706 62 91 54
10.253108772131105 66 95 60
9.247322754304035 69 96 60
10.120510367207602 66 93 52
9.8835752524543 72 97 62
10.208957515888745 69 96 62
10.163168556274805 65 92 58
10.164107219228356 62 93 57
9.584774167487996 69 96 61
9.641273662981149 62 89 48
9.036462431264411 66 95 60
9.564246818272464 66 93 59
9.750884705151671 61 88 52
9.555682162500693 71 98 61
9.790240823443932 65 93 59
9.313074797314686 30 50 9
9.604274847695416 50 72 25
9.319195383070424 50 69 22
9.330338513383627 60 82 34
10.062125962424878 58 81 33
9.691687563235979 54 79 29
9.803229970557881 51 77 27
9.031826509843228 54 80 28
9.57897312736209 53 79 29
8.83605745547019 52 76 27
9.516678947336276 50 67 26
9.700132134846617 54 78 31
9.28697975689773 50 73 30
9.43734829350314 56 82 31
9.15091194274824 54 75 28
9.318357762957696 53 75 30
8.06264853697191 57 79 37
9.290013437745959 60 83 38
8.774236204366634 52 72 28
8.457879709624196 57 79 36
8.813176402030075 48 66 20
8.72887048858444 51 66 27
9.700109333231481 51 73 28
8.314129915304774 52 77 25
9.174014675405719 54 77 26
8.21230512118535 54 78 29
8.562957689752857 58 83 29
9.668816575974267 54 78 27
9.965933472893056 56 84 40
8.986958557750356 55 80 30
9.450476387334842 53 78 28
9.450476387334842 53 78 28
7.783609321816461 66 92 48
7.723044451827711 77 102 65
10.437595672487685 66 94 61
10.770820997693967 62 90 51
9.486051048347528 58 83 44
9.826973351044588 63 92 57
10.120510367207602 66 93 52
9.341444674351978 65 90 54
9.610367457701521 59 86 49
9.981812800497318 63 90 54
9.790240823443932 65 93 59
9.158528826394853 64 89 47
14.995119262507915 31 48 16
10.909975675791067 63 84 49
9.295474757115738 48 71 25
9.802380617917802 47 69 20
9.348739899837092 62 85 44
9.202083886473416 65 89 47
8.709472680025923 50 68 26
8.553949791811755 51 73 28
9.473411708340628 58 80 37
8.447064171157605 54 76 33
8.685253557892842 55 78 31
7.934119120375269 57 83 36
8.79389392903135 59 85 39
8.50941032283711 74 99 63
8.88192492784001 66 91 53
9.891334759055896 63 91 50
9.78873959480945 63 90 54
10.209891969161005 68 97 60
9.631787049850914 65 93 54
9.295474757115738 48 71 25
9.269330169156028 52 77 26
9.754482851098397 63 84 39
9.311156192576043 40 59 19
9.252522914583793 66 91 53
9.588031679823933 59 81 36
9.578103888432793 54 75 26
8.808051645263227 64 88 48
8.535876283341496 67 91 51
10.533873166269412 63 91 52
9.936456151578467 60 87 53
10.1730974454582 62 90 49
9.330338513383627 60 82 34
9.347273999168532 54 76 31
9.099691472747855 52 73 26
9.482074001117363 57 81 36
9.027666056559632 56 81 31
9.610516812975842 54 79 28
8.88192492784001 66 91 53
8.940266521001677 58 82 40
8.709472680025923 50 68 26
9.321428687740163 57 84 36
9.180139277127699 57 77 32
8.862873467987672 38 58 16
