17.9855563157972 52 66 35
18.832842721147852 59 75 44
18.347234347141963 58 72 41
20.70651084619152 46 60 29
18.699790481284968 46 65 28
19.310736848934027 49 65 31
11.677539191802317 16 30 0
11.534839336396102 22 36 3
11.179202972366205 20 33 3
11.514972330329666 37 52 15
11.867778142800878 38 51 16
11.590729808332751 38 53 15
12.226564041146823 42 56 19
12.281737641086636 36 50 13
12.062701701466812 41 55 18
11.122958750735206 38 52 18
12.146138333844057 39 53 18
11.924611913138394 43 57 21
11.458712353268815 42 57 19
13.166629186232862 43 57 20
12.480318209767521 43 57 20
11.895875373457319 39 52 17
12.03131213400446 37 50 15
13.266797386541308 40 53 17
13.29268632880243 41 54 17
13.19196031611091 42 55 18
13.368448448576101 42 57 16
13.165873311005742 43 57 21
17.729621084176596 48 62 30
17.928337324419317 52 65 32
21.06811123331753 52 65 33
10.508261527584127 20 30 2
10.92509263067014 18 27 1
11.350845030556368 18 28 2
11.001698501528603 24 36 8
10.827929324767117 22 35 5
10.74339051742504 14 24 0
10.859633990266127 46 59 30
10.341156918503918 16 26 1
10.621242031354711 39 49 21
10.32396215891434 46 59 30
10.608548813283829 11 21 0
10.189887482064176 19 29 2
11.023317460136123 54 67 35
11.525876755061018 54 68 38
12.090415299681395 42 52 26
10.69545042123119 47 60 30
10.953288873092545 46 60 29
10.400291922974745 46 60 29
11.073357546062313 50 63 33
10.660337304924845 38 51 16
10.117193634045682 46 60 30
10.117193634045682 46 60 30
10.990157580990617 44 57 25
10.8484982451346 43 54 26
11.95246849291455 41 57 23
10.195071576657663 46 59 28
10.891606006166617 45 58 27
10.72591273361695 43 59 28
10.465245428444163 46 59 26
11.79356140883812 42 59 25
10.797778878515931 44 59 24
10.583219006855618 29 39 13
10.055358972362114 38 51 19
15.503994565164222 18 24 1
16.150382558537512 13 19 0
15.810617602970035 12 18 0
11.362015897337074 47 62 28
11.86074545194099 46 60 25
11.153824828772803 49 62 27
11.03463176120646 43 58 21
12.009964863138926 43 58 16
11.738100450742962 47 60 29
11.34272359662498 44 59 19
11.48967660049276 44 59 19
13.235423046986742 46 61 20
13.335820787892802 45 61 23
13.10817348071378 46 62 24
12.33945860491437 43 60 20
12.029270297343915 47 60 27
12.825319734506273 42 58 17
8.018908558624691 54 73 41
8.452435546741398 64 82 52
8.371159229262313 48 65 29
8.034263263536419 64 82 51
17.17084497054031 49 66 34
8.302742597565599 45 59 21
9.912165064368962 42 53 26
9.374687829255054 52 69 37
9.969543041861536 46 56 30
9.969543041861536 46 56 30
18.95334781221852 22 29 5
18.271677520417906 43 53 25
18.267525082426353 37 43 18
19.118860891216844 24 30 8
18.699790481284968 46 65 28
18.77931898181943 50 64 33
10.979820423019673 15 29 0
11.744228153189628 38 53 15
11.744228153189628 38 53 15
12.281737641086636 36 50 13
11.223626047273731 42 57 19
12.533580883489316 42 56 19
12.007478659357021 39 52 16
13.19196031611091 42 55 18
11.45704837855097 16 28 4
11.080067488681937 13 23 0
10.365114008433888 11 22 0
11.427001383042958 12 25 0
11.45704837855097 16 28 4
10.900730750117175 43 56 23
10.679196876596794 18 27 0
10.44041748371667 24 34 6
10.621242031354711 39 49 21
11.659826520529764 45 58 29
11.32259355303959 48 62 31
10.665268374846091 46 60 29
10.54631067621141 39 52 16
10.386018442343198 42 55 22
10.268946221939792 43 56 23
10.195071576657663 46 59 28
10.715344900620115 43 59 25
10.465245428444163 46 59 26
15.816044380524511 16 22 0
10.810353941792876 26 36 7
11.362015897337074 47 62 28
10.820143306122826 46 61 24
11.03463176120646 43 58 21
12.799263003713538 41 58 15
13.335820787892802 45 61 23
13.786613206901634 44 59 20
13.235423046986742 46 61 20
12.33945860491437 43 60 20
8.371159229262313 48 65 29
8.67277804638726 64 81 49
17.105885810808182 51 69 37
14.324420154816353 52 73 42
14.207628430733784 54 74 46
17.073535364897786 49 63 34
19.21729049964589 21 27 4
19.07242589204692 42 51 24
10.499144031130534 21 34 3
13.165873311005742 43 57 21
11.458712353268815 42 57 19
12.4811156033169 44 57 21
12.146138333844057 39 53 18
11.829911200025029 25 39 6
11.923777303885556 37 51 15
10.006548825586858 44 58 28
10.734472733405095 16 26 1
10.117193634045682 46 60 30
11.575391385838628 44 59 21
13.210175259194022 45 60 23
12.312373686999162 44 59 18
12.825319734506273 42 58 17
9.17122453797221 53 70 40
9.452869182385305 41 54 20
18.218920392465538 42 52 24
18.817242653765597 9 17 0
18.87155912505937 45 58 29
18.916097436286666 47 66 30
18.15576940704474 55 69 38
18.510971364928036 54 73 39
11.307911371308503 21 34 3
13.368448448576101 42 57 16
10.817123059525867 44 59 27
10.617572362339072 16 25 0
11.95246849291455 41 57 23
11.86074545194099 46 60 25
17.00820455622799 50 69 37
18.884991854237526 50 64 33
19.697299625347842 51 68 32
11.895875373457319 39 52 17
12.052352552928655 29 43 7
13.46785457214039 41 56 16
9.995220446239943 46 60 27
10.32396215891434 46 59 30
10.117193634045682 46 60 30
13.88047052202426 20 29 3
8.346870928781534 58 75 42
18.244537509172847 11 17 0
8.018908558624691 54 73 41
18.130455791565524 37 44 14
17.073535364897786 49 63 34
11.765530689146768 50 64 31
9.033450475622056 41 54 19
10.8484982451346 43 54 26
