11.974670156798966 32 47 8
10.927448784388233 38 53 15
11.041021797957118 30 47 8
11.10872028685854 34 49 10
10.419787125563433 39 54 16
13.136115708076277 37 51 13
13.020754581082851 37 50 13
12.200564354320461 35 46 10
12.775538980705699 42 55 19
12.410342355090156 40 52 15
11.909733626429356 45 58 21
12.388529325352586 50 62 23
11.978360879890301 47 61 21
12.593791969961737 31 42 1
11.902161241165162 47 59 21
12.136754777413874 46 61 20
13.087775803380334 46 57 18
11.909733626429356 45 58 21
12.877531362997003 20 29 0
12.5820253343699 21 31 0
12.870528394870332 39 50 13
9.94472811872284 43 60 21
10.403355994880856 43 61 21
10.403618912666342 45 63 23
10.403355994880856 43 61 21
11.025764603005797 33 51 9
10.539091975751953 39 55 17
10.987734611262013 43 61 19
12.710055876531598 42 57 19
11.130729477179598 46 62 24
10.703314444285379 45 62 24
11.447967745446542 45 63 23
10.841745895291485 48 63 24
10.561154460299518 48 63 23
11.841170625560999 44 62 20
10.45935529976004 45 63 23
10.849806282884146 44 62 22
11.887232102169278 47 62 21
12.288614746296554 50 64 23
11.060749733056896 48 68 24
10.878176048104427 49 67 25
11.060749733056896 48 68 24
11.803040183554796 47 65 21
11.661261917025438 50 70 28
11.166951703170119 47 65 25
10.986143081954133 47 65 25
11.65535179976424 49 64 23
10.985894105324485 50 68 28
10.886460718496197 49 67 25
11.725934544426831 47 67 23
11.068897754479716 47 67 23
12.288614746296554 50 64 23
11.661261917025438 50 70 28
12.25839272595962 44 59 21
12.692728840451533 46 61 25
12.34528568913408 45 60 22
12.030677573743022 44 59 21
12.07814355736059 43 61 21
12.009630986349922 45 60 21
12.120727915492774 45 60 21
11.857227578026784 44 59 21
11.996604002290594 45 60 22
12.843247291747105 42 59 21
12.459661686355307 43 61 21
12.30520262557561 45 60 22
11.976268994577957 44 59 21
10.283008366837617 41 58 20
10.395475683474597 44 62 22
10.135494342213384 44 62 22
10.242220847017606 45 60 21
9.89371527000367 45 63 23
13.677364905039086 46 64 24
13.579818359198526 41 61 22
14.038955639289378 41 61 22
12.710245672445039 41 60 20
13.841036575179439 43 61 21
14.522240475475964 47 64 26
13.965630149542006 44 62 19
13.774347230301794 46 64 23
14.23857859064888 42 60 18
14.761434452271711 44 62 19
13.71913479977665 48 65 27
11.89409348650262 55 77 36
12.178345683334816 48 72 30
11.731636493247228 55 77 34
11.34850876073832 60 82 41
12.615654850222224 47 67 23
12.407718480816044 57 79 38
12.773927555678297 49 69 27
12.048933338580406 39 59 20
12.37549377503812 40 59 20
12.78796112589512 45 60 22
12.62964444212817 41 57 13
11.19801906034347 47 65 23
12.475370303503107 37 53 7
11.62425673449344 45 63 20
11.266899830370738 45 63 23
11.470655766678012 47 65 25
10.840274567646082 52 70 28
10.68745902543615 51 71 28
10.06990988662699 52 72 28
10.356795589230387 48 67 25
10.90204991505689 50 69 27
10.25781518077705 53 72 28
10.910316457014428 49 68 24
11.522594030632712 54 75 30
12.623452551276065 41 56 14
12.02868336265405 40 58 16
12.25943007178629 49 70 23
12.213567925569919 41 59 15
12.711867709792287 41 55 11
12.400479567866224 42 56 13
13.308251674721959 44 56 15
12.723729243542238 41 56 11
12.100774928269272 39 52 8
12.505011151394143 42 56 7
12.638192674140347 47 61 17
12.305373170976273 44 59 15
12.444168189558185 41 57 9
12.200934081199572 46 61 15
12.814072794332384 42 57 10
12.746337272231322 47 65 20
12.129549629274615 47 63 19
12.14220531553117 49 64 23
12.367341342867247 46 64 20
13.049475124144479 47 64 20
11.730643300456967 47 63 19
12.141980044488133 47 61 18
12.758166758950345 47 63 19
12.61932512295884 46 62 16
11.57996031080596 51 66 25
11.567162406221094 48 68 26
11.836424769481983 53 68 27
11.908178561629814 53 71 31
11.90037534240356 50 67 26
11.844270120576443 53 71 29
11.836424769481983 53 68 27
11.435177401288295 53 68 27
11.191060258469218 52 67 23
12.016310393285787 47 65 20
12.07953508865442 51 66 21
11.534905562817402 50 68 22
11.94081108455898 54 68 25
10.991394950492483 53 69 23
11.495821093168992 54 72 26
11.087653412264084 56 75 36
12.204693199268597 56 74 34
11.477013886120774 51 68 24
11.190723518094712 55 71 30
11.087653412264084 56 75 36
11.220277346561714 53 71 29
11.948587896596814 55 70 29
11.52196794600139 57 72 29
10.712155470535242 56 71 30
11.242071811616263 50 68 24
12.102583114969843 53 74 35
11.52196794600139 57 72 29
10.649535468753836 56 71 30
10.680586902205976 54 72 30
11.397702887327005 54 70 26
12.018589905089547 57 78 41
11.910631320881684 58 73 31
11.82715588633842 56 71 30
12.606685581081189 55 75 35
11.846505221867014 54 73 30
11.38840783402914 52 69 25
11.910631320881684 58 73 31
12.140287927072125 56 74 32
12.339618732558655 55 75 36
11.765543991203238 55 76 37
12.21025619240917 54 74 33
12.141048918853551 54 72 32
12.546854057801768 57 73 29
11.728891839983055 56 72 33
11.932168359828232 52 69 25
11.86350445587926 54 72 30
11.692914952093226 56 74 33
12.140287927072125 56 74 32
10.537668596097156 54 72 31
11.527623129722425 57 72 33
12.369398402794303 56 73 29
11.46290521150276 33 48 9
11.785486835790678 34 49 11
12.29714872526539 33 48 9
12.774170195248468 49 60 23
12.804168689575683 28 38 0
13.235329752348784 36 47 11
12.000919460370945 43 58 20
12.774170195248468 49 60 23
10.086366568228971 40 57 19
10.363042157728254 45 63 23
10.987734611262013 43 61 19
10.539091975751953 39 55 17
11.070971529952256 46 64 24
10.878176048104427 49 67 25
10.514536108144888 45 62 24
11.134365201929434 47 66 24
11.65535179976424 49 64 23
12.515966870333322 48 65 21
11.174532747959136 48 66 27
11.142704869802051 48 68 24
12.285378427186831 44 59 20
12.45338859585809 46 61 23
11.520123890905696 45 60 22
12.11427590824747 44 59 21
12.802558346430539 43 61 21
12.88114816743989 44 61 23
9.568696265983395 43 61 21
9.629266588752964 44 62 22
9.978247278676246 44 61 22
13.71913479977665 48 65 27
13.71913479977665 48 65 27
15.381181874674775 44 62 18
14.361584252740526 43 61 21
13.71913479977665 48 65 27
11.808936529928605 57 79 34
12.608506432489442 50 71 24
12.766867758221254 49 73 32
11.764910408115904 47 64 27
10.55668166228905 45 63 23
10.25099517292317 49 69 25
10.425849026824205 53 71 27
13.577850223827301 41 61 17
12.478249455519338 40 60 20
12.4196795861577 37 50 5
11.907030025864263 45 59 16
11.899685782355371 45 60 17
12.638192674140347 47 61 17
12.324721351281628 43 58 12
13.122308907150602 40 55 5
12.657248204179878 47 62 18
11.908178561629814 53 71 31
11.836424769481983 53 68 27
12.251792597304773 54 69 28
12.402023511484943 52 72 32
11.836424769481983 53 68 27
12.14220531553117 49 64 23
12.559035973850067 48 64 20
11.414081836285149 52 69 27
12.141980044488133 47 61 18
12.04705128787959 47 65 20
11.60075423553836 52 68 22
11.950574608841075 54 72 26
11.147812669540311 56 74 34
11.550674275730024 58 72 29
11.579871090532727 56 71 30
11.117481237484471 56 76 36
11.190723518094712 55 71 30
11.530354095365318 54 72 32
12.216823267782008 55 70 29
11.250331638805596 54 69 27
12.433359959435421 54 69 28
11.86350445587926 54 72 30
11.542065910590775 54 71 27
12.606685581081189 55 75 35
11.33829593056619 53 71 28
12.492693853822034 55 73 31
12.492693853822034 55 73 31
12.492693853822034 55 73 31
11.387596546084453 55 74 32
11.454292103252822 57 72 31
10.515060305024033 37 52 13
12.654131683877726 23 33 0
10.514275963931958 48 63 22
12.820968101284723 33 46 10
12.986088158169519 46 58 18
13.297117280440641 46 57 19
11.663318950532082 47 65 25
10.003021751548193 44 62 22
12.362432589951268 47 64 22
11.748512178913353 51 66 28
11.312805088646336 48 68 26
12.295949138830439 50 68 26
11.925093343864578 50 67 29
10.003021751548193 44 62 22
11.174777521676953 47 62 21
11.123118577983318 45 63 23
12.146047885367462 45 60 21
12.718793035998265 45 60 24
12.003888949245457 44 59 21
11.885124177409624 45 60 22
11.89409348650262 55 77 36
14.812762370847452 43 61 19
12.05359477599343 61 83 42
14.361584252740526 43 61 21
11.969572637570414 55 75 32
12.25282786710855 57 79 38
12.19404676733833 42 59 17
12.253196752872057 40 56 12
10.55668166228905 45 63 23
11.160576046174555 48 66 24
11.443359910296474 51 73 29
10.626689871029143 51 71 27
12.230987335249154 44 57 14
12.61954187293285 49 65 19
12.61932512295884 46 62 16
11.73087647050813 48 65 23
11.792349929801151 52 68 24
11.723100425997712 55 70 29
12.149232880704222 56 76 37
12.141048918853551 54 72 32
11.823035669040017 58 79 42
12.292633329846304 59 80 43
10.537668596097156 54 72 31
11.527623129722425 57 72 33
11.797556089667815 57 75 31
11.183309343066538 54 73 32
20.817605045380702 64 58 50
11.397310727500539 31 46 7
10.633296250438706 32 48 9
10.633296250438706 32 48 9
11.447728813044929 46 61 20
11.647614036121716 47 62 22
11.72546800313965 46 61 20
11.549634766300006 44 59 21
13.786091233884061 42 60 18
12.530997594008985 37 57 17
13.34832213646641 45 63 23
13.577850223827301 41 61 17
11.899685782355371 45 60 17
11.811843751309095 44 60 14
12.374186990880274 45 60 17
12.130000628877424 48 66 23
11.57996031080596 51 66 25
11.122786396332698 51 68 23
12.232105453022061 52 70 28
11.665350706229933 54 72 30
12.292633329846304 59 80 43
11.677249841872193 54 72 29
11.285505860645594 56 74 32
11.24298262358641 29 44 5
12.39325840828454 44 59 20
12.185746445113965 48 68 26
10.425849026824205 53 71 27
11.840915843242408 45 60 21
12.054196674653353 45 60 17
12.80890815725581 42 54 10
12.771649586545397 44 57 15
13.256344062210959 40 60 21
12.369395792823182 39 57 15
10.695143653790048 47 65 25
12.62603414985154 43 57 14
12.200934081199572 46 61 15
12.093292048368413 54 74 35
11.025764603005797 33 51 9
14.255495021766329 43 61 19
12.451268345261976 41 54 18
11.687166480929614 53 73 29
10.649535468753836 56 71 30
11.62950128906887 53 69 25
