15.064377088301447 39 70 101
14.226162121628828 37 60 48
14.144597581984923 42 63 50
14.43383770612378 41 65 57
13.949746827513415 44 63 40
15.024126279249419 33 59 43
15.043418779646899 35 60 46
14.233382310831594 40 63 43
15.07130692175808 35 61 39
14.3144409587265 38 62 40
14.597817458294466 37 61 39
14.5165064327588 36 66 85
13.998646036239881 36 66 83
13.642371735316972 39 69 70
12.663888509836756 43 68 54
12.991049236885463 43 68 63
13.143350115870817 43 67 42
14.301788497322546 46 66 42
13.506566542551125 44 67 41
13.809177018880897 44 68 42
14.19366894439846 43 67 41
13.360635460164135 46 69 43
13.632810648900993 45 68 42
12.667547346744094 49 69 43
13.893816313607006 47 67 41
14.087514104030285 47 67 44
13.739663974466486 45 67 41
14.230903010921415 41 67 45
12.716127068318022 48 68 42
13.044774865394354 45 69 43
14.043236560175087 43 69 48
14.27862004036242 39 66 46
13.711990259726207 46 68 45
14.184226330477825 46 68 44
14.772446477447138 44 67 43
14.312628749354857 45 66 42
13.569773612040818 44 67 42
13.832751020489674 45 69 42
12.925383056723588 46 70 43
12.75144162406052 47 70 43
14.030166986013715 47 70 44
12.917392504558466 47 70 44
14.254754816301018 47 70 44
13.430250726782846 48 71 45
12.88925908734126 46 70 43
12.88925908734126 46 70 43
11.578094305944466 45 64 43
16.08823044171733 42 66 41
15.983873512275025 43 68 41
16.640436722977167 43 67 43
15.72164636740803 47 73 49
15.72164636740803 47 73 49
16.38871826522239 48 71 45
14.17660733555366 41 67 43
14.16552673189037 44 67 40
13.997974753929725 43 70 44
14.947782266017287 48 74 50
16.082782192347 48 76 48
14.122510495997357 40 62 43
15.547006263543313 47 75 51
13.76885004177671 46 69 43
13.719850042312473 47 70 44
14.295037587824929 44 67 39
14.447668433955275 48 75 51
14.447668433955275 48 75 51
13.406470347916912 46 70 44
13.96166815829425 44 66 41
13.422418172517743 46 66 41
13.729541702255338 46 69 43
14.064367130275802 48 74 48
12.788536161351008 47 69 43
13.778507235668219 44 67 41
13.816198424101636 50 74 48
13.975521503776083 48 72 46
15.542682102118272 49 79 56
14.922944893998926 51 81 60
14.626257762836522 51 81 60
15.785915314079661 49 78 55
15.782309965575658 50 78 55
16.00506869614982 49 77 54
16.086244431032856 52 82 59
15.624154575026727 52 82 59
15.252163375721125 48 76 53
15.573762184927821 51 79 56
13.711290142069135 47 70 44
11.234076885707367 43 68 46
12.604403224507918 48 75 62
11.390268644890277 40 66 44
11.248045671518126 44 68 42
11.213904907041286 46 70 41
12.622353221796857 44 69 45
11.376474491168054 40 66 44
11.342720294700229 41 67 45
13.672570483211905 48 74 48
13.927386041652515 49 73 47
13.436969899431094 48 71 45
14.451106435214779 44 72 49
14.901933063784476 44 72 49
14.884667533477284 50 78 53
12.892999700436096 43 69 46
15.223012764283743 46 74 51
12.719143881001793 41 67 45
14.114007715345215 48 72 46
13.821427828224744 47 70 44
13.86262296443225 49 73 47
13.886867075457744 46 69 43
13.144041883697664 45 71 45
13.89310705887748 49 69 44
14.214948664896585 46 69 43
15.328398676827227 48 76 53
15.847605372268445 48 74 51
15.7953115302172 67 99 76
15.370710279652188 59 91 68
14.689876474286347 53 83 60
15.099427284853506 52 81 59
14.54441075192662 49 77 52
15.562117284289165 50 76 52
17.838878412971773 52 80 57
18.632746475937907 52 80 57
18.44484045936414 51 80 57
15.869240725818413 41 72 48
15.471909416880447 42 73 50
14.34011270034561 48 74 49
14.576187174539829 47 72 46
14.312879536725879 47 71 45
13.697641723932605 48 71 44
15.850529316952782 52 81 58
15.69306145920545 54 85 64
16.38512775242191 45 75 54
15.623232313545316 53 85 62
16.232846632615196 44 75 53
13.536344011423811 47 70 44
14.682357268219675 46 70 44
13.762204342824015 48 71 45
15.145248772034853 49 73 47
14.747622683694116 48 72 46
14.02253187585078 48 71 45
14.672574890586114 47 70 44
14.354487872587136 50 70 44
14.317994981422405 48 71 45
14.16116932378196 48 71 45
14.188219929970645 47 71 45
15.709821203369032 48 74 48
13.005419653128014 42 67 59
13.651167136283785 43 66 40
14.792911964020467 37 61 38
13.979816890850916 43 63 37
14.762659594249497 38 62 39
13.971192072717146 43 67 41
14.131571408450919 45 64 39
14.819685728513297 43 67 69
13.65605677504899 41 66 64
13.714758421414299 43 66 43
13.171178615067152 46 69 49
13.307391105111298 45 68 42
13.687454973419833 46 69 43
14.004045551689279 44 68 42
12.842625099769023 46 67 39
13.044774865394354 45 69 43
14.043236560175087 43 69 48
14.49248496097962 47 71 47
14.129106601007944 44 68 44
14.147515659769859 40 66 38
13.126258377719225 46 70 43
12.965036095299935 48 71 45
12.947042028247852 47 70 44
13.494883065786496 46 70 43
12.799702939030663 45 69 42
14.035401045204788 37 56 36
15.063783647968435 43 70 48
17.010495423156467 45 70 44
13.99536786319127 40 64 40
13.840385604146794 42 64 41
14.72107894741574 41 67 41
15.562874504302023 46 72 47
15.488350941339133 49 77 53
16.256569085211705 45 75 52
15.2830177485799 44 70 47
14.27929000053488 40 64 43
14.852728026804643 46 74 49
13.97301217378588 41 67 45
12.938100379636168 45 68 42
13.382092268362538 45 67 41
13.436827495287519 49 73 47
13.76885004177671 46 69 43
13.321689720870566 46 70 44
13.975521503776083 48 72 46
12.98847754183513 48 72 46
15.732424169779682 47 76 53
15.96499528182585 53 81 58
15.279435607172198 51 81 60
15.601133157693447 48 76 53
16.359949343231925 53 81 58
14.957512582115667 51 79 56
12.905693808990373 46 69 49
12.88813844127974 49 75 66
13.398156249842682 47 74 58
11.342720294700229 41 67 45
13.79111550791643 43 69 48
15.2486205686722 45 73 50
13.170519090417516 45 69 45
14.849477626702523 45 73 50
13.56462195846259 44 70 44
13.879655747555313 47 67 42
13.564126415461166 47 71 45
13.630307843692462 50 70 45
13.408905077418453 47 70 42
14.12109936547475 47 71 45
14.221517344680146 46 70 44
13.718081458986838 51 78 53
15.000853397903683 52 84 61
15.690536569262559 49 77 53
15.199968622559473 54 85 63
14.790523063602976 50 81 59
18.457475538182635 52 80 57
18.61215659380136 51 79 56
15.38786727970318 51 79 56
16.52470674625062 40 73 59
14.706408212334729 49 74 48
14.094619084318643 46 68 43
16.22709215351332 44 76 53
14.669416154960981 48 72 46
14.02253187585078 48 71 45
14.724291045318619 47 71 45
15.145248772034853 49 73 47
15.170544767120798 48 73 47
14.503633301126362 39 69 87
14.292484880234108 43 64 43
14.180656710852531 37 61 62
13.91938677730789 40 62 40
14.851615358278703 37 60 47
13.88918588349561 40 62 39
13.516855793624686 44 68 41
12.806267688549594 45 69 51
13.227439516801626 45 68 42
14.078768819312513 42 66 41
14.351026647687833 42 65 42
13.769704659863192 47 70 44
13.578899104867904 47 71 45
12.938100379636168 45 68 42
13.829035603284153 43 65 42
15.06014936058453 51 81 58
15.621250004824457 45 73 50
14.992769622776638 46 72 45
15.376223663139847 50 78 55
15.583841520859384 47 77 54
13.050422419009102 46 68 42
11.37037376663365 44 66 43
11.268156532387076 41 67 45
15.362491588019589 54 82 59
14.292130668533376 48 71 45
14.013299003260848 51 78 53
14.043934659190509 43 69 43
18.424040583080664 51 79 56
16.37372380933551 40 72 49
16.232846632615196 44 75 53
14.204641792471579 48 71 45
14.285392992340437 48 71 44
15.734209557719009 49 77 50
13.104949894410213 47 70 44
13.631523883338916 45 67 46
13.287528913370016 48 71 45
14.087036954940457 46 67 41
15.406829589588545 45 73 48
13.000375106174141 41 67 44
12.21358199461422 45 72 44
15.850529316952782 52 81 58
14.833673807349852 48 71 45
14.317994981422405 48 71 45
14.100290431357935 49 70 44
14.533315792187272 39 63 39
14.206754972316281 46 68 45
12.697780276347371 46 69 41
13.915072736320166 45 70 44
14.200500239728935 50 74 48
15.7644254824344 43 69 45
15.03626444243609 48 78 55
14.651680128689453 47 71 46
11.49743623650901 40 66 44
14.925582600232584 51 79 56
14.708449378368751 46 70 44
14.745721245585369 39 69 91
14.40351529502324 39 69 77
14.027721725086858 42 65 64
14.315227562180189 48 74 48
12.781476114135497 47 70 42
15.502078560151723 50 78 55
14.908057091729287 37 62 38
13.601056011844358 42 65 49
14.758249025246375 54 84 61
