11.949076658210481 36 41 14
12.148562748154912 37 42 15
12.851444015597973 40 45 16
12.254096428250149 40 45 15
11.037775239066272 23 26 16
11.046360141660859 29 33 17
11.375610694302798 38 43 18
11.471447546820995 39 44 19
11.772738628130224 33 37 16
12.382722122556213 47 49 17
13.146538966539069 47 54 20
13.672919225386899 41 46 15
12.54140863799291 43 48 17
12.427184324042859 46 51 22
11.93648971695852 49 56 24
11.40736984266675 51 56 27
12.243655891580703 50 59 25
11.811457700743178 53 60 28
11.82327688275185 51 58 24
12.323239551843459 49 58 28
12.072489374892587 50 59 29
11.524782969739741 53 61 31
10.918045132719115 56 62 38
11.432558294379199 55 61 33
11.021323114551874 55 59 38
11.373316572140727 51 55 36
11.00393003316847 55 61 38
12.043354181490487 43 48 17
12.185942024964323 45 52 20
11.595357109484455 48 55 22
12.45281034396603 48 55 21
12.567895055686881 49 54 22
12.375170393521538 49 56 22
11.96243978999987 50 59 25
11.229569524971838 48 59 24
11.229569524971838 48 59 24
11.790996943578074 48 57 23
11.993112722956212 47 55 21
11.953363347261647 47 54 20
11.455937415400006 44 49 16
11.467364519478556 45 52 20
11.742493827908204 47 54 20
11.80796731942848 44 49 17
11.519258012586095 45 51 17
11.838416627889734 46 55 21
12.055744041469586 47 54 20
11.226347353893498 48 59 24
12.64116424524263 49 59 24
11.891733313496989 49 60 25
11.682848282505548 50 60 23
11.455292708971031 46 57 22
11.370843761749148 50 59 25
11.531813924276943 52 61 28
10.767595916992418 53 62 32
10.385988880493139 51 62 29
11.04800231611382 51 62 29
11.531813924276943 52 61 28
11.174323202723423 51 61 29
11.314304160554304 53 62 32
10.706588268373542 53 62 32
10.607252189103896 54 63 33
11.215124250184987 56 64 40
10.63093338443716 55 64 34
11.326162526124127 56 65 39
11.320986009308285 58 66 44
11.179081719220978 56 64 42
11.184323914758782 54 63 37
10.63093338443716 55 64 34
10.538577758106662 51 61 28
10.244236809954945 53 62 32
10.589487426517355 56 65 37
10.916906819648364 50 61 26
10.589487426517355 56 65 37
10.04127255248115 54 64 35
10.872423867853655 56 65 37
10.81565532266209 59 69 45
10.821073579079544 60 69 41
11.187850115628025 58 66 43
11.585637532523142 46 55 21
11.153161598299532 45 52 19
10.68290853219016 45 51 16
10.884858357417654 41 46 15
10.579931216979254 42 49 14
10.656254701054856 39 47 12
11.291898910112675 45 52 18
11.291898910112675 45 52 18
11.929822162625841 41 50 16
10.884858357417654 41 46 15
10.993603675015002 43 48 17
11.259315873535202 47 54 20
11.161657752722602 46 53 19
15.940439703088671 32 43 7
15.683761812224168 51 60 28
11.312898215993675 61 69 46
11.501673336597012 61 71 45
11.4965758465972 61 69 46
15.613801408736178 45 56 24
11.529452415815443 62 64 53
10.618031341809711 73 76 67
11.847395663943058 79 79 78
10.976247872713211 80 81 76
11.544919281887942 81 80 77
10.337807389031585 72 73 70
10.333424053938426 57 63 41
10.740342410999244 58 66 44
10.69015118287858 56 62 39
11.262976282483955 58 66 43
11.403836673581807 57 67 42
11.420505796278885 47 51 36
11.363119660333599 58 63 46
10.720582925565695 59 64 47
10.979307172497915 53 58 39
10.614255477106658 58 64 42
10.556098646263386 56 60 44
11.010800232511917 59 66 44
11.064835195257894 59 66 47
10.856237871684655 59 67 45
10.561774341001914 59 67 46
10.215587163365262 59 67 45
10.902346844299363 59 67 45
10.215587163365262 59 67 45
10.612449046642203 58 62 46
10.389136838579748 57 64 44
10.836689710655273 58 68 45
10.822523753204154 61 68 48
10.49957083632891 58 66 48
11.269861891054546 60 66 49
10.541555631560739 62 66 52
10.046631524155782 61 65 51
11.023162314379505 61 66 52
10.579770271388535 60 64 52
10.923272952858458 75 76 70
10.71529615255389 68 71 60
11.63584436403014 64 67 56
10.796033679877555 59 67 45
10.573361935190418 53 63 40
11.638053212494778 56 64 46
11.638053212494778 56 64 46
11.568209147448815 60 68 52
10.573361935190418 53 63 40
10.847983649845215 54 66 42
10.847983649845215 54 66 42
11.568209147448815 60 68 52
11.840719707069198 63 68 53
11.065130359459213 59 69 46
11.840719707069198 63 68 53
10.388128607105237 56 64 42
11.20542350480715 54 62 40
12.047138762472867 59 67 45
12.145481985682359 61 69 49
11.299329296426365 59 69 45
11.723496741955023 60 70 49
12.379292346062066 60 70 46
11.469856546786215 59 69 46
11.402382842770166 73 74 73
11.0824852066297 77 77 75
11.082603647633725 59 62 53
11.51967723276524 62 66 55
11.311260006850384 57 62 50
11.239385358854433 60 65 54
11.082603647633725 59 62 53
11.336373908616485 62 67 55
11.289521775783333 58 61 56
11.308459907772338 75 78 73
12.375991118497106 72 75 71
12.009087996347228 27 30 23
11.319167178401573 79 82 72
11.569387812518112 72 75 67
11.420478021794455 46 51 33
12.200911416242455 73 76 68
11.627218533441917 44 48 32
11.622176107734328 44 49 33
11.749222579634868 74 78 63
12.320171126826393 72 75 70
11.197537757838168 83 86 81
11.514409003260857 76 81 69
12.301231989876735 72 75 69
11.639733993861244 34 40 18
10.833567007344556 38 47 15
11.098494670517047 40 48 17
11.376069504014747 31 35 20
11.73549235680072 25 30 11
11.544654446078622 44 54 16
11.544654446078622 44 54 16
11.133076090993463 39 46 23
11.609592268115186 45 54 23
11.855136406773262 44 54 17
10.835136655474974 44 53 21
11.750004961406392 37 43 21
11.166027507758178 24 30 10
11.685847433565003 39 47 19
11.685847433565003 39 47 19
11.402360866747067 39 48 15
11.654365842223923 39 48 18
11.754530430398843 44 54 24
11.596370515619366 44 53 24
12.094884000452296 42 51 25
11.393567434533786 47 56 24
11.81625104397074 45 54 22
11.544353108704962 52 60 37
12.04988514022276 48 57 29
11.353579730434559 44 53 26
10.820968664886877 44 53 24
11.672079323190324 45 54 21
11.240933048030382 44 54 23
11.81625104397074 45 54 22
11.974364923680106 51 60 30
12.753455542295132 53 62 34
11.71114634162734 57 66 38
12.127596292304041 53 62 34
12.035120487085189 55 63 40
12.03998997025671 55 64 36
12.035120487085189 55 63 40
11.669779631875203 27 32 13
11.857981287569045 35 39 25
11.826957899653468 54 57 48
11.72386325408 39 45 23
11.171450683213298 27 32 16
11.273915747553005 47 53 31
11.90566792740307 43 50 24
11.268715230127128 45 51 30
11.839463347525612 42 48 24
12.590654962831602 34 39 21
12.012082488171105 39 45 25
11.90566792740307 43 50 24
11.744719054407105 42 49 26
11.811454699026068 46 54 29
11.547105393706802 45 50 32
11.601592528570407 40 49 26
11.964202694037473 39 44 27
12.00055604539063 67 70 62
12.669000819734162 47 52 36
12.264331563187008 52 56 46
11.702894690373238 44 49 33
11.440955874484924 65 66 56
11.414697275167166 47 51 35
11.719571332715228 51 57 35
12.03828844407677 50 58 38
11.623681809733156 49 57 35
12.051187446777849 52 56 39
12.04429750025304 52 57 40
11.791421543139606 51 59 36
11.367814748628957 51 60 37
10.569939725780323 57 66 40
11.625612042092294 53 61 38
12.361357341229471 50 55 38
12.122923129431786 51 59 36
11.19573336161462 53 61 38
12.122923129431786 51 59 36
11.374178026167664 51 59 39
11.970942973854678 53 57 42
11.246942098447729 61 62 52
11.578676219932376 58 62 51
11.106288024603558 55 59 46
11.064418184429362 53 57 44
11.47845864179698 56 61 46
10.741192076944122 57 62 53
11.47845864179698 56 61 46
10.478605384001034 60 63 55
11.881811301609627 46 50 33
12.05304921655495 51 56 37
11.280505157702954 50 54 38
11.56617118074987 53 59 39
11.60429761634069 55 59 45
16.588346533651702 53 62 31
20.468783251081227 100 100 102
20.675381692860142 113 113 115
20.449057286771843 97 98 100
19.793454900476274 78 78 80
11.119482545380215 24 27 19
12.368105074542331 39 44 15
12.86269958094597 35 40 9
12.91352508004013 51 56 25
11.402230193350697 51 56 28
13.144832074218758 46 51 19
12.591749027397311 46 56 24
12.591749027397311 46 56 24
11.49979652309585 49 56 26
12.271797753723005 47 54 20
11.474870060309605 53 60 28
11.806493961850858 53 59 31
12.728878306302697 50 57 23
11.900746462372428 52 59 28
11.04399762590831 50 54 36
10.681157095853095 53 57 36
11.178964300401109 55 60 38
19.232734861231066 80 80 82
19.80120401373467 80 80 82
19.80120401373467 80 80 82
11.817780402925159 40 45 16
12.618715072936453 43 48 17
12.346044963059503 43 48 17
11.842095932678374 43 48 17
11.787928236868547 48 56 22
12.4586194690502 48 57 23
11.849750511556694 46 57 22
11.844527085000289 49 60 25
11.849750511556694 46 57 22
11.756719995874732 48 57 23
11.906401470621992 50 57 23
11.455937415400006 44 49 16
12.500613648966224 45 53 19
11.158123274520664 47 53 17
12.086180184392067 46 54 20
10.53088368937365 55 64 38
10.525316049121349 57 65 42
10.916906819648364 50 61 26
10.607252189103896 54 63 33
10.774616810682842 57 66 40
11.060146206425047 54 63 33
11.193088204556531 59 68 42
11.314304160554304 53 62 32
11.174323202723423 51 61 29
11.060146206425047 54 63 33
10.538577758106662 51 61 28
11.259315873535202 47 54 20
11.982732149877867 42 52 15
11.475912649865066 47 54 20
10.570967524540169 41 48 12
11.378428557164302 43 53 15
11.982732149877867 42 52 15
11.585637532523142 46 55 21
11.298594009062425 44 53 19
10.893563770051294 42 47 16
10.126845482405868 78 79 74
10.337491457752595 79 79 77
11.544919281887942 81 80 77
10.61437914287345 58 66 44
11.19449018668547 59 66 46
11.341371170319539 59 69 46
10.49957083632891 58 66 48
10.758161651787793 54 58 43
10.758161651787793 54 58 43
10.795731158353394 59 67 45
10.854350782313526 59 64 47
10.136138718111622 57 64 46
10.385339449012825 60 67 45
11.208068913991067 54 58 43
10.579770271388535 60 64 52
11.388577503809936 61 65 52
11.657323639225469 73 74 68
11.63584436403014 64 67 56
11.840719707069198 63 68 53
11.560011796187288 58 66 48
11.638053212494778 56 64 46
11.816512430059863 60 70 49
12.055004874051503 61 69 47
11.578170099430114 59 69 45
12.145481985682359 61 69 49
11.461588853763923 58 68 44
10.790843250316804 73 74 71
12.10725940094889 62 65 59
11.2309480051197 59 65 53
11.177890841925361 56 60 50
11.998845778956655 75 75 75
12.684505399678665 75 75 75
11.859433294378757 33 36 30
11.527894209653315 78 81 74
10.998040201708807 61 64 59
11.366581210078612 82 85 77
11.15618548747376 62 65 55
11.534640125287599 74 74 74
11.567748933911892 75 78 73
11.793619297240083 44 53 19
11.278767494353637 42 49 23
11.185174735506845 27 32 16
11.268195187473863 45 54 19
11.682918306351505 27 32 13
10.717731124409752 37 43 20
11.38057202815579 40 49 21
11.651428800654495 36 42 21
12.137420040428106 46 55 27
11.319019497360296 44 55 22
11.549429511611839 51 60 32
12.305860334938405 42 51 19
11.754530430398843 44 54 24
11.353579730434559 44 53 26
11.81625104397074 45 54 22
11.353579730434559 44 53 26
10.79574758603733 44 55 22
11.16536606147131 45 54 23
11.706140067921059 57 65 42
12.03998997025671 55 64 36
12.296171159118243 50 59 29
11.826957899653468 54 57 48
12.264067801828702 36 42 24
11.816416354054622 45 54 26
11.946304137439547 37 44 22
12.16062662359163 57 61 45
11.74970889052907 43 49 25
12.077340855619612 44 50 27
10.984282983329129 68 71 67
11.802370720119523 53 54 41
12.240962034095501 48 52 37
11.72882869856639 53 58 43
12.282020674827397 50 58 35
11.902062108608924 53 57 40
11.022212079078315 51 61 38
11.735903852839327 54 58 43
11.578676219932376 58 62 51
12.36428372868693 51 56 41
11.957957412062353 51 56 39
19.919374930670244 104 104 106
11.446630000400894 31 35 17
11.601329356270398 38 40 15
12.148562748154912 37 42 15
12.2951086729601 43 48 17
12.126519036173327 42 51 19
12.677312548545357 45 54 20
11.96056391605564 52 61 31
11.482710926250988 55 58 43
12.188910527266014 48 53 22
12.185942024964323 45 52 20
10.754834523383895 42 47 16
12.403609305476012 40 45 16
11.844527085000289 49 60 25
11.891733313496989 49 60 25
11.891733313496989 49 60 25
12.471188978784605 47 55 21
10.81565532266209 59 69 45
11.6343276712016 58 67 44
11.220349606510124 55 62 36
10.769175180663778 57 67 43
10.57468148392221 54 63 34
10.897167783130556 53 62 32
10.874487450063736 52 61 27
10.474094478339532 54 63 33
10.897167783130556 53 62 32
11.767670954480154 61 71 43
10.579931216979254 42 49 14
10.877229649973863 46 52 16
10.967704924455058 39 44 17
15.871610749280503 41 52 15
12.213702230829364 60 70 44
10.064701941564108 71 72 68
10.96190587582413 75 77 67
10.594629579563902 79 79 77
11.873429905842466 79 79 78
11.096613619709757 58 62 49
11.982590046190397 66 70 58
12.31674968551622 61 69 49
10.795731158353394 59 67 45
10.215587163365262 59 67 45
11.078986116435912 59 67 45
11.564912423143713 60 70 47
11.010800232511917 59 66 44
11.840719707069198 63 68 53
11.271679416330713 59 67 45
12.371095994359784 76 76 76
12.051290646764517 74 75 75
11.502574887628537 72 75 70
11.940590771655508 71 74 62
11.572683261913689 54 59 44
12.108493999443846 65 69 55
10.936386400969178 24 29 7
11.324849082623752 39 46 21
11.74970889052907 43 49 25
11.547105393706802 45 50 32
11.284136486906862 29 36 14
12.296171159118243 50 59 29
11.395172401116419 62 63 53
11.670713808720912 59 63 50
10.854606109140052 51 55 41
11.625612042092294 53 61 38
12.057190074357514 53 58 45
12.113087624277846 54 62 39
10.84488730427782 62 65 57
11.01892927240552 51 61 37
10.752041316020156 52 62 39
11.47845864179698 56 61 46
12.841248628113043 29 30 14
12.86269958094597 35 40 9
11.432558294379199 55 61 33
12.15244008954482 50 60 23
11.98707800816049 45 52 20
11.906401470621992 50 57 23
12.15244008954482 50 60 23
11.370843761749148 50 59 25
11.711164512647757 47 54 20
11.187850115628025 58 66 43
10.769679585342903 50 61 26
10.601724654886338 56 62 38
11.531813924276943 52 61 28
11.531813924276943 52 61 28
10.393267561799062 58 67 39
11.767670954480154 61 71 43
11.762688738026323 59 67 44
11.443853550756886 47 54 20
11.194525038833698 46 51 18
15.683761812224168 51 60 28
11.992479149904263 59 69 46
11.20542350480715 54 62 40
11.715408046990973 58 68 45
10.12099227430037 58 63 46
11.336373908616485 62 67 55
11.744649399029033 60 68 46
11.415773146248196 59 67 47
11.560011796187288 58 66 48
11.289521775783333 58 61 56
12.05201551923224 55 59 46
11.701386688376783 71 74 66
11.381392595971237 60 65 51
11.800622543990245 53 58 41
11.397866949901518 27 33 11
11.11928773579929 41 47 25
12.227127572356682 45 56 24
11.455534641703771 61 65 52
10.569939725780323 57 66 40
12.272312677250712 53 61 38
11.097631201249435 64 67 59
11.351947392076593 45 50 32
11.890888476557185 49 55 34
12.035120487085189 55 63 40
12.04501965740765 49 57 34
11.367274454204358 37 42 18
12.8323566391441 46 51 20
12.19041333742492 49 60 25
10.822845188284136 53 62 32
11.476825320632429 47 56 22
11.101306374618092 72 74 64
10.098143830251505 58 65 42
11.290936736956324 57 67 43
10.388128607105237 56 64 42
11.842449620009653 58 68 45
11.298751196564282 57 64 40
10.688234769675974 53 57 43
12.035120487085189 55 63 40
11.706140067921059 57 65 42
12.414965124762269 81 84 76
11.824601148526268 45 49 31
11.367427573032879 46 50 30
12.305860334938405 42 51 19
11.03209000322111 40 49 17
12.088468334770518 40 49 15
11.75371194203501 44 48 32
11.327908575171397 47 51 34
12.127596292304041 53 62 34
12.131325685321832 73 76 67
11.640728301481614 48 57 29
11.222270377771897 79 79 77
11.098494670517047 40 48 17
11.662463420317666 62 70 53
12.03828844407677 50 58 38
11.344804965618849 52 56 38
10.04127255248115 54 64 35
11.519258012586095 45 51 17
11.180952274367042 60 63 55
10.659489457708698 70 72 62
11.853701826138867 44 50 16
