16.21785791852895 9 12 6
16.598346893306946 38 42 21
16.21785791852895 9 12 6
16.000166446853086 8 11 6
17.342795353372452 37 43 21
15.638772906486263 17 20 9
16.21785791852895 9 12 6
15.790897535418729 4 9 1
16.631893339379555 7 11 0
17.200255825158123 9 12 9
16.557717262456876 7 10 3
15.791346447918416 34 40 18
16.68234168838683 34 39 14
16.42285917550653 5 10 0
15.502081370563758 7 10 5
14.443946087264893 10 11 7
13.93397115365705 6 9 4
13.3873690671858 8 10 6
15.378076289308412 6 13 1
16.50095827312969 42 53 18
16.645205041843482 40 51 16
16.700604068971657 38 51 17
17.164056252402414 42 54 21
16.407164524841107 42 55 20
16.96146819181633 39 52 19
23.942457203564928 41 52 19
24.19857299911259 40 51 17
15.311746240746864 10 13 9
16.37499228850045 9 11 11
16.02953300685389 9 12 11
16.106141795192723 6 9 4
18.83872196935266 11 14 7
18.80569975768226 8 10 10
19.290314110587367 7 11 4
19.25806626903766 8 12 11
15.263030697797557 41 45 27
15.666726212162859 38 42 20
15.197838127378606 39 44 14
15.844023893243927 34 38 16
16.131884220764405 15 18 8
15.433833229123305 33 37 17
15.433045037466393 37 41 21
15.433045037466393 37 41 21
15.249953005462556 35 40 11
15.524456966791456 36 38 19
15.289860683321217 37 42 13
15.116962657518195 38 39 27
14.917665288271213 38 43 16
15.157220491744358 43 47 30
15.157220491744358 43 47 30
15.432716150329265 38 43 18
14.063587445332187 2 9 0
14.046290887901506 7 11 5
14.01547437391103 32 37 16
14.01547437391103 32 37 16
14.096248285920494 9 13 10
14.263979587612859 8 10 10
14.672541846543815 38 43 12
15.887703386126287 39 45 18
14.916509554354024 39 44 13
14.943487319046515 38 43 14
14.615642775707146 38 43 16
14.505110847578 38 43 16
15.047344274537272 37 42 15
15.30076368106746 38 43 16
15.073280886054441 36 41 14
13.706843407867758 39 44 14
11.844603182236733 40 45 14
15.770351624557412 36 45 17
14.9787903637612 36 44 10
14.17842000700308 36 43 13
22.407980064895064 36 39 9
22.047522345443035 33 38 7
21.78437439867172 34 38 14
23.105346310497215 34 39 7
21.248452197067575 26 30 7
21.545834622972652 4 7 1
21.557260814343305 26 30 6
20.386571343280135 45 52 22
20.760147851055045 46 51 20
21.05080552886574 43 48 17
21.718797304810142 19 23 2
21.362471450201635 35 40 11
22.108657411832837 2 6 0
23.04561846901108 32 38 1
22.433391551331294 30 36 4
23.167571560321658 28 34 0
22.6466017067201 30 36 0
23.325679880967527 29 36 0
16.290389006712452 7 10 2
16.21785791852895 9 12 6
16.37870622265606 5 8 1
17.015564892370662 33 37 20
16.68234168838683 34 39 14
16.37870622265606 5 8 1
16.874484337396282 37 42 17
17.20439838284131 33 38 13
14.822545485374752 4 9 0
14.37963675118742 7 12 0
14.739135941340303 4 11 2
14.894983359589984 1 7 0
16.612533662829673 42 55 20
17.19123987982071 41 53 20
16.496331389588054 44 55 20
16.144686605485226 9 12 5
16.12962186365117 9 11 10
15.287010008615349 6 9 3
16.044691724766125 5 8 0
16.005906112441696 8 11 6
16.05876260176922 38 43 16
15.433504358782496 37 42 13
15.563660789168958 37 41 19
16.293581269157123 40 44 29
16.51435413926648 35 39 20
13.970549101563059 8 12 8
14.967179212828048 32 38 17
14.045786202397238 7 10 7
13.971056504906015 7 12 3
13.742292030902323 34 40 15
14.01932201534814 3 10 0
13.824662168572553 7 11 6
14.835398215347928 38 43 16
15.673725523273966 37 42 15
13.440936840907046 39 44 14
14.268590846021056 39 44 11
15.460051450585702 37 46 14
14.130697929976314 36 43 14
14.9787903637612 36 44 10
22.280090710438916 33 38 9
22.850424495064836 34 38 14
20.360407478843698 45 54 22
21.78320135051639 3 6 1
21.69424020189073 29 34 9
23.31180731346027 32 39 5
22.97448148378209 30 36 2
22.94625868558796 31 36 7
23.007878552945616 1 8 0
22.518383690452627 1 6 0
22.633427669292022 7 15 0
16.014593389656792 6 9 1
16.08090628778656 11 16 5
14.08775186477684 7 10 3
14.608170801761148 7 10 2
16.131884220764405 15 18 8
15.601986450159037 34 39 16
14.399765478353045 7 11 10
14.521749872887225 8 12 6
14.311257232772551 9 12 9
14.084527385915383 38 43 14
14.835398215347928 38 43 16
14.493609322457393 37 42 13
16.626313438282892 39 47 15
16.41646725023757 41 51 18
22.21469940177916 34 39 8
23.105346310497215 34 39 7
22.34296305405251 34 39 11
22.241567245633533 32 38 3
23.16704648820605 33 40 2
17.133114902742268 35 40 13
16.4267662398615 24 29 14
15.502081370563758 7 10 5
14.586989174887114 7 10 6
16.847065028728 43 56 23
17.621552404878482 9 12 9
18.403698345448458 10 12 12
15.832406110677754 37 42 15
15.819351003636019 33 38 13
14.9503510715458 36 41 14
15.30076368106746 38 43 16
12.92066773189003 39 44 16
14.315017500887556 36 43 10
21.39948873510382 36 41 14
23.027069205378027 32 37 7
22.95246520839478 31 37 2
17.922022737538946 44 57 24
15.28939704668826 43 44 30
15.263030697797557 41 45 27
22.045163301463656 33 38 7
23.2246722710112 29 36 0
22.29287296466497 30 38 0
22.857198002510568 27 34 0
16.604099669492076 7 11 6
15.025162584792463 36 41 14
15.327614852480668 12 15 8
21.39948873510382 36 41 14
16.943068597436575 7 10 5
15.329202037217566 32 36 16
