14.758253196641945 11 17 17
16.93418267786023 4 11 3
16.27923668709969 37 43 24
15.30035607713198 30 39 18
16.32798616176184 27 34 14
14.779236796852073 31 41 17
15.207322628925075 33 43 23
15.324843660548959 39 48 34
16.008301604464705 36 44 28
15.711375166996433 31 40 22
16.533243249457932 30 38 28
16.680861559062002 18 23 9
15.513899321628067 38 48 28
16.184243007454846 16 22 9
15.097551851692765 23 32 8
16.41708622175224 24 30 9
16.057419697344464 12 18 4
19.91432465525901 5 9 0
14.422356636719964 29 41 10
15.050089490244718 32 44 19
15.84822186902769 30 44 14
15.955705782926767 31 44 16
15.740310251366372 33 45 22
15.02258344767374 34 45 23
13.983771618051714 0 4 0
13.998614951770518 6 14 9
14.229089224604126 8 15 15
13.962438948131837 53 63 51
11.77617707866005 24 37 27
12.218401062823737 37 52 33
11.076248619191263 38 51 37
11.966368703751632 38 55 36
12.206940986051197 0 10 6
12.373351038770549 4 14 13
11.402465667126647 39 52 33
12.35017893676007 37 55 35
12.23194122700851 38 53 36
11.128987260429255 37 52 17
10.64291254834824 40 53 22
11.162471545042314 40 55 19
10.689701087724629 42 56 24
11.192258513169289 44 57 26
10.717100149279375 42 55 24
10.68621976491832 44 57 26
11.923896244650633 44 57 26
10.357438119436992 40 53 19
11.21799465824569 41 58 24
11.343088093121036 44 61 26
11.889371697096097 38 55 22
11.32163427635715 42 59 24
11.176148775207619 43 61 26
14.225399627536747 39 48 31
13.700403345068699 44 54 41
14.243165173406322 38 48 36
13.590363979609922 40 49 33
14.400469219811791 9 17 12
14.478228641453187 36 45 34
14.15272278160077 6 16 25
13.96628189636324 11 19 24
13.97808681849052 0 11 18
13.969299204391387 14 27 38
14.394867597877532 25 34 41
13.795132459364893 0 3 8
14.701185808906965 3 12 15
13.873509292088839 1 12 17
14.001406835831816 31 41 31
14.316146283482192 36 45 35
14.587348759104193 21 33 22
13.464822327076163 9 17 12
14.417978110406311 13 22 16
15.100249519780553 36 48 29
16.805305994084794 32 46 20
14.675112805148446 42 52 30
13.0656117308141 45 59 31
13.421200412846169 43 57 30
14.119926812782829 45 59 33
13.361718151328935 42 56 27
14.027868790340237 43 57 28
14.116899886051959 44 59 30
14.652367578643986 39 52 31
14.394026338477104 45 59 30
14.394026338477104 45 59 30
13.617935342155807 42 55 27
13.941334728451189 42 55 27
14.362624559109191 39 53 25
13.709628827103536 43 57 26
13.35357241990064 3 15 14
13.549211188965405 1 13 19
13.966761520237796 1 15 26
13.879803961962477 4 15 21
12.675701546730275 4 15 15
13.070141271368158 10 22 12
12.960973525339556 2 14 4
13.524572586926762 5 16 18
13.471307963392519 6 20 11
13.993112587753338 3 13 17
13.471307963392519 6 20 11
14.602246762568289 0 13 18
11.927148747595648 36 51 31
11.452926624878705 36 51 36
14.12926955941041 42 59 30
13.846361583030081 46 59 37
13.957402267629469 42 58 37
13.980756787014348 43 59 32
13.387156886142746 44 58 31
14.01959019765074 42 59 29
14.138473292150223 41 54 36
14.458722934750385 44 60 33
13.864265132385722 44 60 33
14.296592097626636 42 61 31
13.381315547809745 43 58 30
13.984468720114716 47 59 37
12.530489398691145 35 52 30
13.066871165202157 37 54 36
14.363901026786063 41 60 34
13.515089760799295 43 62 35
13.90988251080919 42 62 34
13.97262694466895 42 61 34
14.424336517044456 45 64 38
13.723213530127838 44 63 36
14.103306069355176 43 62 34
14.372619122377534 43 63 35
17.492765367835254 35 49 19
16.540298918460692 30 44 15
13.826598628364106 45 58 29
14.431120598072733 46 59 30
15.058488118790452 45 59 30
14.431120598072733 46 59 30
17.492765367835254 35 49 19
13.826598628364106 45 58 29
14.494686651521542 45 59 31
14.210073190069814 47 60 31
15.769356157377624 45 59 29
15.52184993750452 47 60 31
14.65203858304231 46 59 29
14.711458213745331 46 59 29
15.52184993750452 47 60 31
11.60170635904374 46 59 28
12.477061578814816 44 57 26
13.345127108560686 43 56 26
13.59937016528936 49 66 36
13.884097772189897 44 59 29
13.706039541754773 47 61 32
13.273529356170634 45 61 29
13.706039541754773 47 61 32
13.257501872323575 45 58 31
13.320296327247561 45 58 29
11.673411189215333 41 54 26
13.531416503703767 44 58 29
11.790669159541304 42 55 25
13.53768789917106 45 59 28
14.508885878858711 46 59 30
13.53768789917106 45 59 28
13.7849657590725 47 66 36
17.246903364102366 52 72 44
17.724025222152825 45 67 36
17.365610198984736 46 67 36
18.185646058579728 49 69 41
17.822187677036716 47 70 41
13.293256764375888 54 73 43
13.605791665220965 53 70 37
13.56577376580412 49 66 35
13.176807781757553 52 69 37
13.605791665220965 53 70 37
13.100508632538219 53 72 42
12.811480121796956 54 72 40
13.008321759452194 51 72 41
13.718779676407562 51 68 36
13.902781300734473 52 71 41
14.281901915391948 52 72 44
13.776899551866535 48 67 33
14.85107106236722 51 70 38
14.281901915391948 52 72 44
18.196694126008968 53 73 45
22.536852990352642 7 10 5
11.859224081238755 44 61 30
11.83488670484878 44 61 28
14.266199853891266 43 60 26
12.882903350515392 47 64 32
14.272321332425257 47 63 36
14.234177434737285 45 62 28
12.050636842153198 46 63 30
13.230893685278318 42 62 27
16.76682376500675 24 34 6
16.71679764121083 25 34 8
13.98730627482897 2 7 10
15.28097681379254 31 41 18
15.634432555042196 44 53 41
16.057829614850146 34 43 32
16.008301604464705 36 44 28
16.761154614936206 1 6 0
24.43560012968069 5 9 2
16.1711078408843 14 19 7
15.961150185698619 9 15 0
15.989868766321633 5 12 0
15.229038193062937 32 43 20
9.812216014604306 40 53 22
11.173687785306424 46 59 28
11.794427037741041 39 55 31
12.068871193398142 44 62 27
11.82628598243172 40 53 38
13.908826728884106 32 41 31
10.688792990146258 44 61 26
11.938513321280647 31 41 32
14.391433041930998 37 48 31
14.461255924272216 3 10 12
13.864655395437234 9 24 32
14.301928295733063 1 9 14
14.587348759104193 21 33 22
14.129136631397794 2 10 17
14.844879758066622 8 17 15
14.443253975699907 40 51 29
13.944880141857096 43 56 33
14.275126081128475 41 54 29
13.941334728451189 42 55 27
13.840051703052897 47 57 36
14.2283619864076 37 49 32
13.831703373288617 3 20 29
13.542719274427423 2 14 11
13.434797165226142 0 13 22
13.228925555416755 1 12 15
13.23746755996456 1 14 15
13.060742781713168 2 14 10
13.430889370110444 8 18 13
13.585414502950568 4 16 6
13.864265132385722 44 60 33
14.046536819924812 43 61 31
14.351561585118876 43 58 29
14.12926955941041 42 59 30
13.728729599327464 45 59 35
13.846361583030081 46 59 37
13.712882618773216 44 60 33
12.090136742061391 34 51 28
12.277950111242903 37 54 31
12.754689448266978 36 54 30
13.453204558447782 41 59 37
13.90988251080919 42 62 34
14.103306069355176 43 62 34
15.212941368329176 45 59 30
14.65203858304231 46 59 29
14.623454222452716 47 60 31
15.540573183155566 46 60 29
14.866357729900752 46 59 30
13.000384819589087 46 59 28
12.30227637441781 46 59 28
12.987645814712694 46 59 32
12.510898453119978 45 59 28
12.288813707741705 44 57 30
12.839342072983335 45 59 30
13.355011891712394 47 64 34
13.890209933848528 47 64 34
13.790636123215837 43 57 28
17.055031113195913 53 74 44
14.940539676597155 46 65 35
17.822187677036716 47 70 41
17.508370130400557 49 72 45
13.56577376580412 49 66 35
13.44305070621261 50 67 35
13.718779676407562 51 68 36
13.791300842329385 52 69 39
14.379901540074606 50 67 37
13.776899551866535 48 67 33
17.11895610103813 53 74 43
21.666247646633146 48 67 37
11.093806331556143 44 62 30
14.939658517589649 43 60 25
16.256493063175323 20 29 3
16.323091856989695 24 32 9
14.98825525353637 9 15 18
14.779236796852073 31 41 17
15.133356666674798 27 36 13
15.354637656156958 32 41 21
16.361055310734162 41 49 35
16.194663737278706 33 40 20
15.354637656156958 32 41 21
15.502869288872757 32 44 19
14.961543185813987 38 49 30
14.886308597416901 40 51 35
12.510921766049751 1 8 3
14.025685399335178 3 12 17
14.516233377619944 36 44 53
14.669616056785861 36 48 27
13.529274612829958 43 57 28
13.709628827103536 43 57 26
14.312906542299547 38 50 33
13.617935342155807 42 55 27
13.361718151328935 42 56 27
14.119926812782829 45 59 33
15.636774515434121 35 48 24
14.347690928135805 38 50 31
14.301928295733063 1 9 14
12.825659094352345 33 50 34
14.458722934750385 44 60 33
13.539563306858104 37 49 34
12.291424676706432 32 50 31
14.031911803669443 3 13 16
13.269223998790679 4 16 20
13.879803961962477 4 15 21
14.888234596799892 46 65 37
14.866357729900752 46 59 30
12.560505275698153 45 58 29
13.273529356170634 45 61 29
15.143964269713464 48 61 32
16.4973657803492 33 47 15
13.0196324128232 44 57 28
12.271701330919765 44 57 26
13.165905479927334 43 56 25
17.537373825544822 44 67 37
17.17506413974859 45 66 35
13.557213001795107 53 74 43
12.531826440658264 56 73 43
13.605791665220965 53 70 37
13.751822786497003 49 68 38
13.576034798719117 50 70 33
18.420079042896127 50 70 41
13.211580194327532 47 64 31
22.30453640253625 41 54 24
23.318188930007263 40 53 22
17.63333517683539 18 27 1
15.050089490244718 32 44 19
14.23741937771239 21 29 22
14.541588771653291 1 11 13
14.675112805148446 42 52 30
12.622389291516738 40 58 36
14.424336517044456 45 64 38
12.107350614244666 15 28 18
13.752472457295434 44 61 32
13.80704096161065 46 58 37
13.643568256232378 44 59 32
13.59937016528936 49 66 36
14.133521111474135 45 58 29
11.83488670484878 44 61 28
15.711375166996433 31 40 22
14.47144711416711 30 42 13
11.053974668776517 43 56 24
11.311048945536674 28 42 9
14.271497900974316 46 59 30
21.666247646633146 48 67 37
14.394867597877532 25 34 41
11.950353838597795 44 62 28
14.234541204882094 12 20 15
21.876145651557128 8 11 6
11.438330671341866 43 60 24
15.054505519922232 45 64 34
16.643313940842045 31 44 16
14.711458213745331 46 59 29
14.14404366825106 22 32 46
13.345127108560686 43 56 26
15.80340867624869 30 44 13
13.581325496976731 38 47 37
16.514983108354716 34 48 15
