13.358332429407223 40 56 7
13.589100706582878 39 54 6
13.019503710890378 42 58 9
12.612305556070673 40 57 9
13.105509484485362 34 50 0
12.515311662179812 40 59 8
12.3442126113039 36 53 2
10.730060720049254 30 48 7
11.679413868855141 31 46 7
10.048631409402887 34 51 9
10.87616043435337 38 56 14
14.32467625284684 58 74 30
14.059459572700243 19 37 0
11.659748068721992 53 74 27
12.723228758829684 49 72 37
12.250493385686045 55 76 37
9.676832388379134 38 55 13
9.673762567253265 40 55 13
10.117613266311114 39 55 10
10.730820761045205 37 53 9
10.908291467947043 29 45 0
10.886632584145014 24 40 0
11.055812106150949 32 48 6
10.912140037167363 32 47 6
10.973833399033389 29 45 1
10.588326458804286 29 43 0
10.206471479576466 30 45 3
10.069143164359303 33 49 8
11.115602818994201 27 42 0
12.000171048000876 42 58 11
12.039172463169667 42 58 12
10.452488577920354 44 61 16
12.237265387857644 33 48 2
11.123244634506328 44 60 15
11.207216783501712 45 63 16
11.51257036673682 45 63 15
12.91845451321147 40 59 9
9.340489567479477 43 59 13
9.222294032233307 43 59 15
10.072902167662084 43 59 15
9.946475913039105 42 58 10
10.39252552478777 45 61 15
9.669446021805628 43 59 13
10.087177294711617 45 61 15
9.217739949461658 44 60 14
9.263398331073672 44 60 14
15.59526815929342 48 66 23
15.65227703055286 47 67 26
16.578317882811646 46 65 21
10.702537400178214 42 59 15
15.730543551353938 61 73 41
15.807821667112774 59 68 47
15.978780384600526 39 45 35
17.067598115719395 48 58 31
16.924197309276263 52 71 32
18.71580507437442 53 68 29
18.207057521272763 49 64 25
16.924197309276263 52 71 32
17.25253882767853 52 71 28
16.87148681303496 47 66 25
18.140003256469882 53 70 32
16.615693304899043 55 71 32
13.129500419674704 46 64 18
11.848110559661096 42 63 16
12.28209174210448 47 65 19
12.009353497017754 42 63 14
12.070360244239115 49 67 21
12.517852257629938 48 66 18
12.043659592068616 43 61 13
11.664165854778005 43 62 15
11.854316463435902 45 63 17
12.028467428113736 42 63 15
12.713305475926777 46 64 18
12.294554989779478 44 62 18
12.875608278518339 45 63 19
11.854571955645337 41 62 13
12.2066756317636 46 64 18
13.135598742665582 51 71 31
12.868814471879425 56 77 40
12.133757939589952 50 70 26
12.688950666523361 49 67 21
13.026900454984698 51 71 31
12.044453988564884 49 67 19
12.520243991677269 47 68 21
12.284775922459326 50 70 28
13.038884067879673 54 72 28
12.168479798265652 51 69 27
11.911908127326347 44 62 15
11.86327838744841 44 62 16
11.288402922677657 48 66 19
11.480694435434147 50 67 20
11.178663867187861 50 68 22
11.291033761791274 47 68 19
11.6710092341563 46 64 18
12.57615174514609 48 66 20
12.588564453044947 47 65 19
12.75245495605011 46 64 18
12.168230897074308 48 67 21
13.327965904915954 47 65 19
13.29627227076691 47 65 19
12.707042388782849 47 65 19
11.801755257819476 47 68 21
12.256385910297292 48 66 20
14.369553572085593 41 62 12
14.331550824204383 46 67 21
14.35334647989422 50 71 27
14.02507335382373 42 63 13
14.02507335382373 42 63 13
12.050153308262459 52 74 32
12.0672633854969 54 74 32
14.280029054076396 45 65 25
13.861379531069936 44 67 32
13.540805976946883 43 66 32
12.164378061047206 48 69 24
14.280029054076396 45 65 25
13.247889602609941 50 70 28
13.14238041314801 50 71 29
12.106048654768344 50 71 24
11.446481062788006 51 67 19
10.791483931360823 51 68 22
12.55350773146714 52 75 42
12.229050275405635 51 74 39
12.087823373889288 54 75 36
12.778453120733735 41 58 10
12.602254180553233 37 53 3
13.265481203749616 35 51 1
12.433752358486672 36 53 3
12.524042427291302 39 57 8
13.115175174444127 36 55 4
11.124698989141033 29 46 4
11.813758481354217 31 46 7
10.786555847762516 28 46 6
14.059459572700243 19 37 0
12.441605358244702 50 72 31
10.859033983508295 30 48 6
10.692274354829337 34 50 5
10.736332629626272 30 44 1
10.533587995666624 27 42 0
10.53045745249876 45 61 16
11.111384993654239 33 47 1
9.739438847990128 38 56 14
11.393872070174433 44 61 15
10.452488577920354 44 61 16
12.504051173204845 42 58 11
12.91845451321147 40 59 9
10.883268208430755 45 63 19
9.88816061514058 43 59 13
9.930737093240078 43 59 15
9.140957697731608 44 58 13
9.28024304162689 45 61 15
10.029704115236035 45 61 15
9.415644826796283 44 60 14
10.448003058916486 45 61 15
10.036849353529238 41 59 15
12.602805836036389 47 72 35
15.825516475075947 44 65 30
18.207057521272763 49 64 25
17.067598115719395 48 58 31
17.796418953932584 48 65 25
18.189038056632885 52 72 33
18.656439822830094 52 67 29
13.573158396357792 37 58 7
11.542163692228153 45 64 18
11.727226762258423 44 63 18
11.966994034574096 44 64 15
12.2066756317636 46 64 18
12.234666214790488 47 67 18
12.18130792946 47 68 21
12.722157359571556 49 67 21
11.93890343749983 50 68 22
12.480366113591119 49 67 22
12.168479798265652 51 69 27
12.994472540270475 55 73 31
11.413669848429759 48 68 19
11.720436752933933 45 63 17
11.720436752933933 45 63 17
11.353551118058991 47 65 19
12.582479984917388 47 65 19
12.68871197486877 48 66 20
11.371013336772407 50 68 22
12.55350773146714 52 75 42
12.602218553743768 50 70 26
13.861379531069936 44 67 32
12.60888049584312 51 72 38
12.734062966859826 49 70 31
12.055738468906108 49 70 23
11.769262011953503 52 73 26
12.193493231977856 51 73 31
11.859602168034376 51 67 19
12.026653377922019 54 75 35
12.846611348926611 37 53 5
14.014704197728541 56 74 28
14.00143451983086 26 44 1
9.819648724461969 39 57 15
9.58616326176449 41 59 15
11.314975906167463 38 52 6
9.900967698121082 44 60 14
9.596278665421822 42 56 11
12.456335188049549 38 54 8
11.608526571799084 43 61 13
11.107794349613423 46 64 16
15.737490687531526 64 73 46
16.134573167500815 55 60 40
18.71580507437442 53 68 29
16.682322282031524 58 71 41
18.650579994836143 52 69 31
18.146027963822732 54 69 31
16.877964332273933 46 65 21
16.60911350082744 55 71 32
12.914500271400078 45 63 17
12.54255850505406 48 66 20
11.97641764398227 51 68 21
12.310176440981177 52 70 22
12.028467428113736 42 63 15
13.283419799574078 37 58 9
12.168230897074308 48 67 21
12.682675552246772 48 66 20
11.478107067570665 49 67 21
12.795514512595387 47 68 29
11.446481062788006 51 67 19
11.586091347892967 49 65 18
11.772615811156658 39 52 6
10.597969100487656 45 61 15
12.828480364455645 42 58 10
17.24620199584409 49 68 29
15.730543551353938 61 73 41
12.707280736121698 47 65 19
13.026900454984698 51 71 31
13.69476182503272 47 67 21
11.629812001242449 30 46 8
12.875608278518339 45 63 19
12.722157359571556 49 67 21
11.70762103420544 46 64 16
11.075384400360022 44 62 18
10.206471479576466 30 45 3
13.19948607239896 38 55 6
11.051275615770075 26 44 1
14.79285330661335 46 71 35
11.86327838744841 44 62 16
16.66535548500601 66 76 56
13.928819624559702 41 61 12
11.597284646262052 48 69 22
12.243883809759616 49 67 21
10.730820761045205 37 53 9
13.362971619601543 46 69 36
12.491256801350275 51 71 29
10.95230412937033 26 42 0
10.876888127651295 35 49 3
14.369553572085593 41 62 12
11.999089592480425 53 71 29
