24.13784017340322 56 70 23
24.690611473956864 56 70 26
21.985322198798144 59 79 37
21.985322198798144 59 79 37
20.472018403848733 62 81 30
23.71518946575909 49 64 23
23.09688820203672 63 77 36
23.268417322106785 49 63 22
23.419163335578727 55 69 28
20.77738357465812 65 85 38
15.976616994654309 63 80 42
12.566724395954502 64 79 40
13.150758995165939 64 79 41
23.286528957583673 61 82 45
23.667062974641755 55 75 38
23.83608196054013 56 76 40
23.244168392874606 60 81 45
23.742495665400273 57 77 39
23.287771418927978 59 80 46
22.886284839334294 57 77 40
22.886284839334294 57 77 40
23.416857838834115 59 80 45
23.53014108028583 52 63 23
22.378361580464528 55 71 34
22.12250583149881 58 74 41
21.904339759620214 59 74 37
23.01245749314174 66 89 50
22.823416387531818 69 90 52
23.493768728912855 66 86 46
23.70308056723704 62 84 42
22.21223369156948 62 82 39
21.788698783493768 65 86 46
21.635883707090667 67 92 56
22.228862557786062 69 90 56
14.706052158702226 62 78 37
16.555504885428135 60 73 46
14.650137834212618 41 52 31
14.128605921412058 26 38 19
15.833132110354258 31 41 21
14.900443219882142 0 9 0
14.650137834212618 41 52 31
15.759293250525964 63 78 39
15.727821115302058 60 76 36
15.059082959973122 63 77 32
15.541801218583927 64 81 42
15.138388805798751 60 75 32
15.28285482741078 63 79 38
15.046568050984549 59 71 26
15.013000260908573 59 72 27
15.458639040832837 59 77 37
14.754092982949826 74 93 52
15.156855204533473 60 76 34
15.307133102394095 74 94 54
14.936101535158949 62 80 41
14.319853200527216 84 102 59
13.453636271164525 64 82 42
15.149258452693113 59 75 32
14.20050444053314 69 87 48
15.075488620658803 64 81 45
15.077047359920217 67 85 46
14.81394720271507 70 88 46
14.962150056818235 58 73 28
14.403857062695597 56 72 28
14.76807916918939 60 77 35
14.910613346611374 62 79 39
15.410449867176414 60 78 37
14.936101535158949 62 80 41
15.077047359920217 67 85 46
14.828486129085535 64 81 39
15.12412949462089 60 78 36
14.264962840480939 67 83 42
14.810587098719264 59 77 37
14.862470661345313 66 83 42
14.816161842192765 77 94 55
14.578329294295592 68 85 47
14.418202189950767 75 92 51
14.626399226465999 63 79 41
14.418202189950767 75 92 51
14.112404076178558 60 77 35
14.049174709136802 58 70 23
21.881494505505987 66 91 55
21.813456893190793 56 74 28
14.51872722269696 73 86 55
13.398770019525255 66 77 47
14.04559516196067 88 101 73
13.298274594976343 75 88 55
14.905678210950141 76 89 57
13.488647364680135 53 65 43
23.81386868950803 69 81 43
15.099215460248015 54 66 19
15.218723272093122 55 67 22
15.18553603774594 54 66 19
14.428330995980536 59 70 18
14.68951664587343 59 70 17
14.456187615787252 61 74 21
14.393949027575468 56 67 18
14.65574742441547 59 71 20
14.456187615787252 61 74 21
14.428957061662803 54 64 18
14.191344650199888 59 71 20
14.792193857775015 54 65 14
14.532853648412516 52 63 15
14.04906389846031 60 73 20
14.393949027575468 56 67 18
14.084929169218029 60 72 21
21.902269928366483 64 84 44
22.241861314560854 60 79 37
24.05173891265334 69 83 43
22.856690004341992 49 63 21
15.500365281913359 61 78 41
15.500365281913359 61 78 41
13.227675363905247 65 82 43
23.079368859060317 55 75 35
23.210860972491883 59 79 44
23.581792477708962 54 74 35
22.886284839334294 57 77 40
23.827191059910497 57 77 41
23.287771418927978 59 80 46
23.263014346994133 56 75 41
22.886284839334294 57 77 40
23.13161059194113 45 59 18
24.08508477631463 57 71 32
22.378361580464528 55 71 34
23.0695861074977 52 69 31
22.290953365575742 64 80 34
21.38842364620376 66 91 53
22.268308617122322 65 85 40
22.5786675463104 67 88 49
22.039472802200933 65 86 47
23.319671845740075 62 84 40
20.94534780011311 67 89 53
14.671705313820965 54 71 25
14.671705313820965 54 71 25
14.525578859986274 19 31 11
16.14617413662205 64 78 52
15.759293250525964 63 78 39
15.045967684239281 61 75 29
15.49065807885169 62 78 38
15.380397211933277 64 80 40
14.910613346611374 62 79 39
15.410449867176414 60 78 37
14.630419078269135 70 87 49
15.417917924721783 63 82 42
15.255203256998097 61 77 37
15.56036939572366 59 76 33
14.706440440517248 70 90 52
15.077047359920217 67 85 46
15.077047359920217 67 85 46
14.582362397318663 61 78 41
14.828486129085535 64 81 39
14.810587098719264 59 77 37
15.116516296599618 67 84 43
14.576717225467911 67 83 45
14.796030584352584 66 85 46
14.194707406287774 76 93 53
14.796030584352584 66 85 46
14.027298840801857 61 76 33
14.027298840801857 61 76 33
21.743710239246127 62 83 32
21.927807349993216 67 89 48
21.790315930528056 61 79 33
13.671607103681731 72 85 51
14.211704370434262 43 56 25
14.315787585088314 57 70 44
14.185871254299938 91 104 72
13.778720567681939 69 82 53
13.982709723438338 71 82 48
13.943727532866871 72 83 50
15.218723272093122 55 67 22
14.084287811037969 59 70 15
14.428330995980536 59 70 18
14.393949027575468 56 67 18
14.428957061662803 54 64 18
14.04906389846031 60 73 20
22.83397274439538 45 60 19
23.079368859060317 55 75 35
23.416857838834115 59 80 45
22.916613277313267 69 93 55
20.848948680539632 67 89 53
15.864737816026294 63 76 46
14.706052158702226 62 78 37
15.247655504621871 59 75 33
15.417917924721783 63 82 42
14.86186285771787 59 74 28
13.821333593424393 75 93 52
15.116516296599618 67 84 43
15.528494099887522 59 77 35
15.066364551339543 54 67 20
15.099813709868373 58 70 25
14.49104529223854 60 75 23
14.65574742441547 59 71 20
22.891776731272017 49 61 18
21.943210026785227 66 88 50
16.238753206536494 39 51 31
14.147470287315436 63 79 37
14.264962840480939 67 83 42
14.267262696450265 59 76 35
14.102963790252359 71 90 51
14.393949027575468 56 67 18
14.69013158032047 57 69 19
14.59449988662088 62 74 23
23.425904474924224 59 78 46
21.19109790213248 70 92 60
14.57607851939944 57 76 33
15.099813709868373 58 70 25
14.532853648412516 52 63 15
23.78014251431877 74 88 49
15.168325411518222 76 94 52
14.776483239589908 61 77 36
15.03041874913101 74 91 52
16.48356674172768 70 83 64
14.29965494553746 58 74 30
14.81394720271507 70 88 46
