15.62552585197013 72 91 52
16.242911715163427 48 63 27
18.413721551074616 83 102 64
19.821205837962754 76 94 58
19.75098180096204 82 97 60
19.94139211890293 72 92 54
19.010913538748976 39 51 24
13.115066616321618 23 33 16
13.152798534028022 2 13 0
14.205377650500282 9 17 13
14.592432673382994 43 59 60
13.859833331647609 15 26 19
13.998482272053334 25 36 27
13.41827023747107 26 37 25
11.841437966821799 12 24 3
12.052211160758544 23 37 10
13.977592037314908 58 73 32
14.075048636339272 32 47 14
13.61352545619102 40 57 20
13.457929156788577 31 44 18
13.977592037314908 58 73 32
13.977592037314908 58 73 32
13.620225887321682 62 80 38
13.586543357037288 58 76 33
13.196759471358046 52 69 32
13.826093483135006 43 57 28
14.081529462051442 55 71 31
13.32846680161399 59 77 34
12.981502851961778 58 76 35
13.422731617603489 55 68 35
14.11349004627496 35 53 13
13.726313507906896 42 62 19
13.826093483135006 43 57 28
19.853117788326898 48 63 27
13.717322400562672 59 77 31
13.890423053670235 59 77 31
13.49065304197709 59 77 31
13.259533989688288 62 80 34
13.717322400562672 59 77 31
13.69955355344255 56 74 29
13.271018424587101 57 75 29
13.271018424587101 57 75 29
13.136289144496637 60 74 29
12.67673327588298 61 77 31
13.530754844796801 56 76 32
12.873933738512756 58 72 29
12.72480442988904 62 78 30
13.653740089358726 56 70 27
11.705738281735075 52 72 28
13.202545138656825 56 71 36
12.55102702448353 57 73 35
12.527243849932338 54 72 27
12.601363593500864 53 73 29
12.412823031428035 51 72 27
12.326422901616336 51 71 29
11.203981486304958 51 72 23
11.845172852872148 50 72 26
12.617717170541775 54 75 30
12.53272965222366 54 74 32
13.106696812766552 56 74 33
12.886444407279383 55 77 33
12.083685102097537 55 73 28
12.270506993881236 58 79 32
12.270506993881236 58 79 32
12.137420771656695 47 67 44
12.230053350689538 52 73 28
13.279168624509882 56 76 37
12.230053350689538 52 73 28
12.518099534152416 55 76 33
12.038802276464878 54 75 33
12.088677154064985 66 88 45
11.710891443824284 61 81 40
13.09206631443279 66 87 48
11.768752427515006 59 81 41
12.665348927500178 61 82 43
12.719565436526581 55 76 41
12.450237994718275 58 79 44
12.719565436526581 55 76 41
13.338181765386615 61 82 45
12.679845496702928 59 80 41
12.875155096014705 61 82 46
12.679845496702928 59 80 41
13.265814596309353 64 88 50
12.955476172012965 67 91 53
13.311758641693412 64 88 50
13.295140302855376 63 85 46
12.766781112617165 60 84 46
12.736238895707135 61 84 49
13.250295713667182 66 87 54
12.906556456834293 66 87 52
12.906556456834293 66 87 52
12.784086296625516 64 87 54
13.96327231811477 68 92 54
13.271303085658516 47 63 65
13.313755915504977 47 59 57
12.99215948054463 53 70 60
11.59460678895768 30 42 0
11.59460678895768 30 42 0
10.744476239648334 42 54 9
9.96580418084924 22 31 2
9.030348679641403 35 43 3
8.303659216408926 49 61 18
8.888094442107105 40 51 9
8.300800560951373 54 68 25
9.346777882579662 43 53 9
9.589381370329084 45 57 12
8.730225737548029 57 71 24
13.301971536699442 57 75 29
13.556045490753021 59 80 33
13.003073514489593 60 78 32
12.453783569450714 60 74 28
11.849484236479492 58 72 25
12.18422260490279 59 75 25
12.420660312983259 53 67 21
13.679361265734189 63 84 39
13.36380236713028 71 95 57
13.70446259211801 74 96 57
13.468477002192419 70 93 52
13.468477002192419 70 93 52
13.473579584455077 74 98 57
12.623583839121833 63 83 37
13.883746902392366 73 95 53
13.537444319314021 65 87 44
12.775656338649663 63 84 37
13.552668404366104 77 101 61
13.192471999874872 66 88 45
13.552668404366104 77 101 61
13.552668404366104 77 101 61
13.8974885562753 71 95 57
13.820373153853131 65 90 52
13.85844800115859 75 99 61
14.079197254914403 72 96 56
14.045556672195714 71 95 57
13.463406718757174 67 88 50
13.432200094018262 64 89 55
13.27563344125567 68 88 60
12.595221391997345 71 89 57
13.887626212849844 66 89 54
12.89998672900707 70 92 57
13.327818232539167 72 92 56
13.544870781872774 69 89 61
13.012534358747038 68 89 56
13.591493213321908 72 96 58
12.94191889866201 69 90 53
13.382679333104532 68 89 56
13.3712908027113 67 88 57
13.382679333104532 68 89 56
13.625163507157966 66 89 54
14.215739272330477 67 90 55
14.262367836089494 70 93 58
13.557176380258088 61 82 35
12.874471934420443 63 81 33
13.488309955864983 63 85 40
12.718213293003386 64 84 40
14.046104825060574 62 83 39
13.478148208174504 68 88 47
13.723954519221572 72 93 53
13.572378331950654 75 95 54
13.323775931073707 59 79 32
12.680962749547067 71 91 53
11.925302427027422 65 85 46
13.136851675745268 70 91 52
22.719106848219734 24 30 9
16.090002925484296 61 75 76
16.090002925484296 61 75 76
19.71483122266333 56 69 72
16.489301295564868 57 70 66
15.440549840750712 62 74 57
20.65039415673355 57 68 71
18.2452528321653 58 72 74
19.3121243782765 43 52 40
18.45761038808644 12 25 3
19.762172060885 11 22 2
19.94139211890293 72 92 54
13.455151916347056 14 26 4
14.990301765553172 8 18 15
13.998482272053334 25 36 27
13.859833331647609 15 26 19
13.895543059097259 42 54 30
14.016300736378179 57 75 29
13.21860939935486 68 86 42
13.647141392078218 43 56 24
13.538771549311512 57 73 35
13.712485187527234 33 46 20
13.858643162303727 23 40 4
12.809360501122452 3 14 1
19.853117788326898 48 63 27
13.182684617287373 59 73 28
13.259533989688288 62 80 34
13.717322400562672 59 77 31
13.449864266775533 56 74 28
12.72480442988904 62 78 30
13.165903358933456 60 76 30
12.753701045404442 58 75 37
12.01209364627046 55 77 35
11.711608889496635 51 72 28
11.881898372237695 49 69 45
11.802510615991633 51 72 25
12.601363593500864 53 73 29
12.527243849932338 54 72 27
11.474610024115105 50 71 23
12.079896405929642 59 79 39
12.101470736008823 49 70 25
12.41214611733404 56 77 38
12.36588185711669 63 84 42
13.741742966951886 71 95 57
13.250295713667182 66 87 54
12.191841852657003 60 81 44
12.953774770486628 68 89 56
12.339918532764765 64 85 45
12.339918532764765 64 85 45
13.233600191842617 62 83 48
13.311758641693412 64 88 50
12.679845496702928 59 80 41
12.475261307338409 62 83 44
13.043658885119662 58 79 44
13.96327231811477 68 92 54
13.077696749534098 48 64 67
12.649794037807519 54 73 48
13.338846237742612 57 76 48
9.899128452972699 49 60 18
10.778575259192401 40 50 8
9.005037093572998 31 41 1
9.035467199913443 32 39 2
9.995560577094531 17 26 0
8.390576971708615 53 65 22
12.998432641463431 57 71 25
12.585446845427306 61 77 30
13.003073514489593 60 78 32
12.35034195312562 65 83 35
12.775656338649663 63 84 37
13.878795120241202 66 88 44
13.07625222892854 82 104 63
13.473579584455077 74 98 57
13.060472815881623 64 84 37
13.233512247873474 73 94 55
13.060472815881623 64 84 37
13.208093717401399 73 97 58
14.079197254914403 72 96 56
13.820373153853131 65 90 52
14.074314238453349 68 91 49
13.432200094018262 64 89 55
13.033061157858214 75 92 60
13.077513602957593 67 88 59
13.992231939788867 66 89 56
13.77563838446923 74 92 59
13.544870781872774 69 89 61
13.012534358747038 68 89 56
13.382679333104532 68 89 56
12.723580535770513 63 83 35
14.04121030027438 63 84 38
13.878278431867741 57 75 27
13.572378331950654 75 95 54
13.243320240838413 59 79 32
12.957253699236835 70 92 51
11.925302427027422 65 85 46
11.954048958416172 69 89 50
22.719106848219734 24 30 9
22.719106848219734 24 30 9
17.792823342786402 54 68 71
17.09838057252018 56 70 72
14.758611083207414 64 75 59
16.099478218004798 15 33 7
15.809005384001981 76 94 60
19.1042579315633 76 96 57
21.609608110387597 48 60 55
13.41827023747107 26 37 25
12.729285629306457 13 25 5
13.812191653317036 61 80 35
13.04318673725728 7 18 2
13.280886349767217 49 65 27
13.23143429012486 29 43 15
13.717322400562672 59 77 31
13.001396957817416 57 77 33
14.196488773763104 49 67 23
12.873933738512756 58 72 29
12.053317073282997 58 78 39
12.715893711144444 62 82 39
12.97441318834957 58 79 35
11.97650745838092 54 75 27
12.558331060326886 51 73 30
12.766781112617165 60 84 46
11.640979201680778 57 78 39
13.106696812766552 56 74 33
12.36588185711669 63 84 42
13.204137808603102 64 85 50
12.679845496702928 59 80 41
11.183753900164291 32 42 4
8.232687385099126 36 46 3
13.07625222892854 82 104 63
13.70446259211801 74 96 57
13.708359017065389 73 98 60
13.625163507157966 66 89 54
13.887626212849844 66 89 54
12.909451718435342 65 88 55
13.926584972591826 69 92 55
13.493405038223118 68 90 47
14.121987636896181 61 82 39
14.758611083207414 64 75 59
18.472767197577284 24 46 3
15.441323417538348 71 91 50
17.686742359701377 17 31 0
13.620225887321682 62 80 38
19.064622665897097 11 22 4
13.196759471358046 52 69 32
13.389662860995148 48 66 28
13.697241274750425 69 93 54
11.82313085091818 61 81 38
13.311758641693412 64 88 50
12.396199152537623 57 73 30
12.719565436526581 55 76 41
13.687234643811651 63 86 53
12.944396493819733 56 77 38
12.936696577658688 60 81 48
13.060101977512913 56 75 42
9.695550602991911 32 42 3
9.344238350808377 49 61 16
12.950728378439461 59 77 31
13.12579617797281 67 90 55
13.040024510852382 67 88 50
13.36215295783644 71 90 58
13.85844800115859 75 99 61
13.552668404366104 77 101 61
20.10992723850426 43 52 40
13.455151916347056 14 26 4
13.75585660608908 51 64 42
13.32846680161399 59 77 34
13.265814596309353 64 88 50
12.367277979544076 52 71 44
13.060101977512913 56 75 42
13.311758641693412 64 88 50
12.98550274777803 66 88 49
12.32084524249181 52 72 27
11.608695552909987 70 92 51
13.348397405819528 69 90 54
13.537444319314021 65 87 44
18.330045941793774 61 75 77
12.323783670759383 62 76 31
12.32084524249181 52 72 27
13.586543357037288 58 76 33
9.309852074432847 53 65 22
15.864019443730147 42 56 50
13.565120676268117 68 89 56
15.864019443730147 42 56 50
13.977592037314908 58 73 32
12.875155096014705 61 82 46
13.77897838879745 60 80 36
12.15036451723243 54 68 21
19.75098180096204 82 97 60
15.103297379083303 67 83 47
13.61352545619102 40 57 20
13.411468908754745 12 21 3
