13.721758293467873 14 18 5
13.003406976135642 20 24 10
12.392968310038885 21 25 10
12.856171124765542 19 22 10
12.38352656883652 16 19 10
12.76822691808868 20 24 9
12.526199340637481 18 22 9
12.456291072339223 17 20 9
12.600941282736356 17 21 8
9.384542574895129 37 42 26
9.421853052032146 31 39 23
10.318274438573278 33 40 27
14.000839738040266 18 22 7
14.003017093665784 20 24 9
13.78967302068185 17 22 9
14.000839738040266 18 22 7
13.859095336897328 18 22 7
13.205630277960912 31 36 19
13.27921913559966 23 30 15
14.41599827274401 28 32 16
13.426357158941194 18 22 7
13.498373687383333 18 24 9
14.019688504644115 31 35 16
14.144417958647939 28 33 16
12.653201473565225 19 21 2
12.836436471013027 20 24 9
12.068002060015978 21 25 9
11.7292667872012 21 25 9
13.290693459233792 20 24 9
12.080612619603471 21 25 10
12.140146472061156 20 24 8
13.224827030429202 21 25 10
11.328119317406887 21 25 10
12.520548594453297 20 24 9
13.505147732248949 21 25 10
11.557064298387122 20 24 9
11.393387923976706 20 24 9
11.380015854200092 19 23 8
11.839964292770764 21 25 11
11.816374636590655 20 24 9
11.329930859808544 20 24 9
11.765555985300937 22 26 11
10.688563260683098 20 24 7
10.243292144530233 20 24 9
10.076889846751145 22 23 9
11.860516887236185 21 25 10
12.536305963510257 24 26 9
11.719706063420919 22 26 9
10.534989715866054 21 25 9
11.42851199750895 21 25 10
11.070226380792638 21 25 8
10.760927960574692 22 26 11
11.471923446852145 21 25 9
10.98866077587589 16 20 7
11.720981303536227 24 28 14
11.082570000501784 22 26 11
11.429383833513505 22 26 10
11.363445136066565 23 27 11
10.511762377918478 23 27 13
11.174720041367655 22 26 10
10.668061433126693 23 27 11
11.691100247654267 22 26 11
10.907990404659806 23 27 12
12.650315060511872 15 19 1
11.43862025724642 22 24 6
10.593552679065064 22 23 7
11.436764313269338 1 3 0
11.070502462314304 2 5 0
9.458887271744 25 32 19
12.37082206518307 17 20 8
11.619130045090479 1 4 0
10.877153652447088 2 5 0
8.920904268160893 32 39 26
8.800622950374464 34 42 26
8.732822129315442 32 40 24
14.000839738040266 18 22 7
13.931766135781642 18 23 10
14.000839738040266 18 22 7
11.213755572109172 19 23 6
11.656767429682807 20 24 8
12.615054624294533 21 25 9
13.428627663118082 19 23 8
11.839964292770764 21 25 11
12.230906074455362 22 24 7
10.27641393379836 22 23 9
10.7930041122381 20 24 7
10.66425280165055 21 22 6
10.043110056301586 20 24 9
11.881453251981837 22 26 11
11.674102832809307 20 24 7
11.207809408565213 23 27 12
11.91002018300557 20 24 7
12.899829183613672 20 24 5
12.493656209669858 18 21 2
12.37328626209016 17 21 9
12.600941282736356 17 21 8
12.618247169636778 19 22 11
12.063361437775928 21 25 11
12.60819750307694 20 24 10
8.840260052743412 33 40 27
11.887900656040586 20 24 9
11.740068855112908 21 25 10
11.330370578949697 21 25 10
13.137030040009467 20 24 9
12.301713139891415 21 25 10
12.993655206659984 21 25 10
10.888977934524945 22 26 10
13.498373687383333 18 24 9
12.829309342623521 19 23 9
11.329930859808544 20 24 9
13.92887465669788 25 29 13
11.656340023413309 20 24 9
11.127331167411711 23 27 14
10.772701050810293 24 28 13
11.881453251981837 22 26 11
10.743850102632836 19 23 9
11.485158538368852 21 23 4
10.865952254164334 2 5 0
14.346810459751854 22 26 10
10.617942431515928 24 28 13
11.196938802617387 22 26 10
11.765555985300937 22 26 11
11.701511790784373 22 26 11
12.152682169277352 20 24 9
14.01099969945351 31 35 16
10.57669188448117 5 8 1
12.523765231198567 18 22 9
10.524370929457653 22 26 11
12.908610468495903 34 38 23
11.014555295727426 22 26 12
10.910865349210953 21 25 10
11.719706063420919 22 26 9
11.47279198395098 24 28 12
11.543298323871229 2 5 0
11.667636618748668 21 25 9
13.130066077765372 15 20 6
12.374556113479303 20 24 9
