17.41310497127517 11 13 14
17.826581986715723 10 12 15
17.826581986715723 10 12 15
16.93683797799305 17 21 24
10.124147246959648 1 2 2
14.048470783287497 41 45 46
14.099245751473125 43 47 49
14.068771514859847 42 46 48
13.996689677117963 141 143 145
13.983167156647413 6 10 8
13.983989908124725 138 143 145
14.14902541351143 140 143 147
14.14902541351143 140 143 147
13.641838744069377 9 12 11
14.33959970026161 14 16 16
14.14902541351143 140 143 147
12.062144350090819 154 156 156
10.480561904619536 9 11 11
9.668631433077893 7 10 9
9.259731428216929 22 25 26
8.83347181788452 18 21 21
9.794261426451266 0 3 0
8.649397752814846 11 14 14
8.078465229746415 25 27 27
9.422629978555474 0 2 0
8.865721907764165 19 22 22
10.014354743942896 1 1 0
9.647463601767257 0 1 1
9.009540805960029 21 24 24
8.381007152958949 10 12 12
8.248845834252224 21 23 23
12.686509991079882 42 46 46
12.285134339272746 146 149 149
10.736450868332273 8 11 10
10.299696890279415 16 22 22
9.445917488975347 27 31 31
9.785040725697687 20 24 23
11.215749731656143 21 25 24
9.941805036664304 8 12 11
10.190034197073395 14 18 17
10.405224014820359 7 12 11
11.72485890331464 88 92 92
13.981410084012467 133 137 138
13.492613850762012 138 142 141
12.694214978062108 69 73 74
13.492613850762012 138 142 141
13.980587180713627 0 2 2
15.650205162068401 67 74 70
16.320481641985413 15 21 20
11.771874528206421 6 11 11
13.61152114878292 5 12 17
15.061868793594591 57 61 60
14.993794433560709 1 1 1
14.40245437916427 63 66 65
13.784102899077526 65 71 72
13.210635578282648 11 15 16
14.279577616279745 102 108 107
14.350238566628388 53 57 56
13.764971741281869 50 54 53
14.331248100019954 0 2 2
12.578867725216709 0 6 9
11.905976167162821 14 18 19
11.659210919269448 5 11 14
10.466318254469261 6 10 8
11.684096770162709 7 11 10
11.652699086430818 5 10 11
12.224413251341312 2 9 12
12.470176799025058 3 11 14
12.751383249766445 3 13 17
12.249090065546708 4 11 15
10.533280932150047 9 13 12
12.216826047306546 13 17 16
12.952224551555314 2 12 16
10.076638908803963 1 2 2
9.185002107884394 4 6 6
9.004651676637002 5 7 9
10.387415258199816 1 1 2
10.931573202649998 20 18 17
10.27352484420406 22 22 20
10.662426515840252 1 1 1
10.587403047638086 19 19 17
10.957649988631001 0 0 0
12.109718813525292 3 6 1
11.775750496781072 18 21 16
12.251428454428906 17 21 18
9.894312039151549 0 2 10
13.28525055700479 30 33 32
13.672226308230316 39 41 41
11.32903039584247 28 31 25
10.971323517685267 5 10 11
10.16610152218839 6 8 12
13.653978081431962 43 47 44
12.650112780555814 19 21 21
14.537491257598163 15 23 19
14.03245801552632 1 2 5
13.377439889496472 16 20 19
12.949559481871901 2 12 16
12.778314704494312 0 9 13
12.348389558297388 2 9 12
11.527862096882744 3 9 14
10.512467180016738 8 13 28
17.41310497127517 11 13 14
17.048326139307598 138 141 143
17.048326139307598 138 141 143
13.642682080111065 138 142 146
13.976284246146797 140 142 144
14.14902541351143 140 143 147
14.220335093519546 44 48 51
9.611970058485433 18 21 21
9.788726567678301 17 20 19
10.627071243764375 22 24 24
8.530119910820778 24 26 25
9.006813517601076 10 12 12
8.865721907764165 19 22 22
9.085807017122477 23 27 26
12.583867654482424 137 142 143
10.062224765344967 18 21 20
10.405224014820359 7 12 11
10.879514816001413 20 24 23
13.491761134336157 4 7 6
12.260942668724038 83 86 87
12.64935687374602 6 12 14
12.274355506891906 5 9 10
14.521915070991318 0 2 1
14.332050869436543 122 128 127
14.36600089290012 3 3 3
11.839939119527523 42 47 47
14.994561732030295 117 122 121
10.848167058596433 10 14 13
12.709379190925656 2 12 17
12.345559688222378 3 10 13
12.596335000722664 3 13 18
12.263353293274648 2 9 12
13.448144341038049 2 12 16
12.5954216059106 1 11 16
11.47015966229004 6 11 12
10.716900223590002 15 17 17
10.541182979971644 6 6 4
11.85030958756797 2 2 1
10.342848357006334 23 24 22
11.712757336786781 1 1 3
13.798844423662192 15 23 21
10.650939434962483 163 176 195
13.653978081431962 43 47 44
11.341285251887602 14 20 21
11.790144411004256 0 6 11
12.976046858368576 1 12 16
9.926478541291486 0 2 8
9.76759397674981 22 24 24
14.027320511795605 140 142 144
14.33959970026161 14 16 16
13.716624379153016 54 58 63
9.924855331891473 1 4 3
13.139423089847423 64 67 72
13.491761134336157 4 7 6
12.470699112007278 44 47 46
9.708021259700818 16 22 21
14.053570292175463 57 63 64
13.5673740475291 65 69 70
10.25554588576897 19 23 22
12.157231943688153 11 15 16
15.650205162068401 67 74 70
13.050668692739986 3 10 16
14.278771896755206 1 1 1
16.320481641985413 15 21 20
11.33045482790282 5 10 9
11.172918440944903 11 15 14
9.622461123245808 22 22 20
13.268986114294 5 11 14
12.690499938335336 7 12 24
12.51454286300483 20 24 25
8.116744227218735 12 14 14
9.038445127857495 10 12 12
10.477119452566797 7 11 10
11.954142199011486 86 90 89
12.258101025622 6 12 17
9.59189864802482 3 5 5
14.589825472201287 22 26 25
17.826581986715723 10 12 15
13.178861400934549 26 33 33
9.941805036664304 8 12 11
14.522707300943445 129 133 134
10.028435484817471 2 6 5
12.787755807237671 18 21 18
10.183827827761258 14 18 15
12.254372484431789 20 20 20
10.957649988631001 0 0 0
8.679501499592618 24 26 23
14.220335093519546 44 48 51
9.015797828701189 0 1 1
12.75742306223058 8 13 15
9.74911088400351 4 8 6
12.508385773699047 0 10 14
9.8313049296663 22 27 27
11.395971621614287 0 6 9
