13.635107729934365 38 62 20
14.282870119327859 47 70 16
13.888350107854281 59 84 49
13.422737880316914 58 83 43
13.437830346968113 43 67 27
13.032993052988855 47 71 26
13.679632286634149 40 63 15
13.312142359785973 27 48 16
12.365039802627106 33 57 16
12.265054512829934 23 45 5
12.308788241210614 31 53 13
13.151015660523653 30 51 16
20.84225358430988 42 58 65
13.5335094975231 38 57 23
11.914988282183845 41 64 29
13.28482464263175 36 56 21
12.33594672090622 36 56 17
12.312945078856844 37 60 24
11.919365068358617 39 60 21
13.600760150230562 24 48 9
12.776632837453498 30 52 11
13.19300505678575 24 46 1
12.838189276849377 46 68 23
12.8561950446496 47 69 23
13.7504576145619 47 69 20
13.58026588843066 50 75 42
12.734505914986268 26 48 6
12.830833488775502 18 42 0
12.641178810804051 31 53 12
13.4791373335342 51 73 27
12.580224514871901 29 51 8
14.264658314872667 50 72 23
14.42023314506144 50 71 20
14.64260124007313 48 70 14
12.212208186682119 38 59 19
12.671350488663679 47 69 26
13.034331961112738 49 71 28
12.450934516108413 41 63 22
12.914321489928628 36 57 16
11.640290290387911 41 64 22
13.411243089615345 46 63 19
13.775595568358984 30 50 6
13.422832245587896 39 58 15
14.002786063759974 21 41 3
13.582466998952476 24 44 5
13.251994960366078 19 37 2
13.288642128919255 39 57 15
13.204977595278704 53 69 25
12.72844790329145 52 68 21
12.930290393464043 54 68 25
13.276552016203526 51 67 23
13.8158825306509 48 67 20
12.848650116119353 51 69 21
13.897297319515873 51 69 23
13.930822863002014 33 52 10
13.203474805679347 36 55 17
13.76393319772593 46 67 19
13.243436192461601 47 68 15
12.69791082620988 49 70 18
13.775225637204668 46 66 19
13.326859289512928 27 49 5
13.59490180961542 49 70 17
13.59490180961542 49 70 17
13.809756649820592 53 75 32
13.48310032648294 51 72 21
13.089360079703734 50 71 23
12.985182739626746 52 73 22
13.656879985144696 49 71 23
13.937598126358322 51 72 19
13.089360079703734 50 71 23
12.955359484753748 53 75 29
13.03451549797149 52 73 22
13.577968971268186 53 72 21
13.456508384397605 54 72 24
13.379849140095073 54 75 28
12.492426945633863 54 72 31
12.86848094724125 54 72 28
12.48634398749089 52 70 23
12.86848094724125 54 72 28
12.539527687457092 56 72 26
12.492426945633863 54 72 31
12.96160461207306 55 73 27
13.206384302674072 54 74 28
13.008826338967406 54 74 32
13.004805375881544 53 74 27
13.235641947114527 54 72 24
12.886059874333508 56 76 36
12.58833282139464 57 75 33
12.886059874333508 56 76 36
13.389802747056141 58 74 28
13.235641947114527 54 72 24
12.840230350441695 56 76 37
10.793285487183718 44 60 62
14.339767835639266 47 62 59
13.78699078139174 10 18 7
14.5772665113688 0 7 1
14.17565357062051 59 69 49
14.510135902487916 53 66 63
14.809377951520121 0 4 1
14.202924612247044 19 30 25
12.588737630489106 52 65 20
13.760615770540523 49 63 37
12.588737630489106 52 65 20
14.458338843034829 49 62 45
13.376806877844768 50 64 24
11.966338438017894 51 71 46
12.149018390116424 51 72 41
12.44515927355373 55 74 41
12.11754621875036 51 71 44
11.747933860728669 54 72 42
12.82667767173117 55 73 38
12.216395482864563 52 72 42
12.637352718310547 54 70 32
12.732166978059686 57 76 39
12.150943536998717 57 77 39
12.886081757235548 51 74 39
12.347728746892153 54 75 43
12.264140830859976 53 76 44
12.347728746892153 54 75 43
12.264140830859976 53 76 44
12.378604311554572 56 76 37
12.620899317786256 58 75 38
12.539143778052104 52 76 43
12.11712566809721 53 75 43
10.962382743560859 48 67 57
12.245692185132713 51 74 42
11.32599458257641 49 67 52
10.908100107079477 43 65 29
13.739144817834351 50 71 19
13.710961633784956 51 73 28
13.343452469686515 49 71 25
13.710961633784956 51 73 28
12.762002200998053 51 71 27
13.673445364063982 56 76 36
14.14715984770607 54 74 32
13.509273148699755 58 78 38
13.499878947953624 54 75 38
13.988548339219626 55 75 33
13.484761996034607 54 75 25
12.83198279523454 55 76 29
13.467596629385534 55 76 27
12.873790747929297 55 76 29
13.620859804184917 53 75 30
12.27010450603278 53 75 30
13.883594289770892 55 75 33
13.457805157327561 56 76 37
14.42524495954962 61 84 49
14.57551849534073 59 83 44
14.57551849534073 59 83 44
12.487640074797142 53 73 30
13.440890266359625 47 69 24
12.06609986657921 40 62 26
11.830008251894677 38 63 26
14.065166055444694 55 75 33
13.654701195416594 52 73 26
16.104544052127196 57 81 48
13.588593471538164 55 75 36
12.634483382918381 54 76 31
10.048065983445815 44 60 56
10.060795729430847 41 58 64
10.060795729430847 41 58 64
10.5307256736148 47 65 52
13.370014497438259 58 85 55
13.188491623161962 58 85 55
13.596382075020491 59 83 48
13.356607294222432 61 85 55
13.772529974461282 57 81 50
13.433409667108396 51 74 41
12.851959842724481 53 79 47
13.830309889943077 50 73 38
13.429526328807432 54 81 51
13.02041478020712 54 81 51
13.622711331787267 55 82 52
13.094795308684692 62 89 61
12.286738952135298 60 88 60
11.989072835913777 59 86 56
11.562473977669159 58 84 54
12.053017064079143 59 87 59
12.62229310892249 61 89 62
11.314250424152345 57 78 67
11.620313371733792 58 79 66
11.426680871514375 56 78 58
11.3184092796457 55 77 56
11.27537278342829 53 79 52
11.336753184173295 55 75 73
10.780488350563767 61 81 60
11.365786131449273 54 79 45
11.337202682582431 48 64 68
10.94977035834478 53 80 51
11.531356237007023 49 76 46
11.937735528436626 45 69 42
11.83180446346306 59 88 63
11.777434923457049 58 87 62
12.19887590022623 57 85 57
11.875152194617545 54 82 54
11.520349268489301 50 77 41
10.274120699348703 54 75 53
10.434952928054505 58 80 57
12.074483551368013 44 71 37
11.767007545095266 43 70 38
10.761196259679853 47 74 40
11.352446903801065 43 68 40
11.204792021170878 42 64 44
11.264205701150793 47 70 39
12.647412219189851 42 69 38
12.21833549662312 41 67 34
13.714911182835671 43 62 58
16.172909618962045 58 85 57
16.983257782038763 59 84 56
15.944664282360643 58 84 56
15.3848940911223 55 79 48
15.739215068210383 57 80 65
16.239293961762588 59 83 55
17.343288503782635 64 86 67
17.43469758148798 64 88 68
16.710835444665122 62 86 59
15.65417821045497 60 87 59
15.839883667372206 55 78 64
16.41377186020757 57 79 64
16.86509196167651 63 87 64
16.00252911974819 50 73 53
16.209327905877046 60 85 61
16.016730151439614 56 81 53
15.568940956687698 49 71 53
14.092872766783692 51 71 61
11.653372629177928 41 65 41
18.242359629265927 56 83 52
18.099852519039132 58 86 56
18.396340820767534 55 78 43
17.212610921793342 59 87 59
17.588310905522288 63 91 63
16.912066521965503 66 94 67
17.24979266326189 69 96 69
17.362401860847 56 84 54
17.15739850015205 69 97 71
16.061464723934485 55 76 41
17.576726628097244 66 92 71
17.105057430749227 67 93 71
16.64468794622152 70 96 72
17.19773279655587 64 90 67
16.893894876318484 59 85 59
16.893894876318484 59 85 59
14.282870119327859 47 70 16
13.888350107854281 59 84 49
13.50264992648178 41 64 21
13.437830346968113 43 67 27
13.9710269624385 39 60 12
13.124949529406134 42 66 19
13.135593655146913 21 42 7
13.153192304189826 41 63 28
13.444347774784221 35 55 24
11.545459377197 40 64 24
13.28482464263175 36 56 21
11.721857792122178 37 57 18
12.347822288192909 36 58 17
12.780326858451575 33 55 14
13.587215958098286 47 69 21
12.897924514833681 45 67 22
12.450934516108413 41 63 22
12.830833488775502 18 42 0
12.598598968236374 28 50 6
13.361063937659944 19 43 2
14.178075670633277 50 72 24
14.264658314872667 50 72 23
13.635481462493605 40 60 20
13.691458979179423 42 60 21
13.548079455196465 49 67 23
12.776930246800047 48 62 20
12.55608771719107 48 64 19
13.535131557996563 24 44 2
12.947676686594418 49 70 20
13.801203493555995 44 64 20
13.291810473715026 51 69 21
13.276552016203526 51 67 23
13.379849140095073 54 75 28
13.809756649820592 53 75 32
13.089360079703734 50 71 23
13.089360079703734 50 71 23
12.665653487167846 55 71 25
13.856153947348545 53 74 28
13.226064053227029 54 72 28
13.843585694106864 53 71 23
13.594630505464966 54 74 30
14.17565357062051 59 69 49
14.03386746905041 46 60 57
12.700287063558383 53 67 28
14.5772665113688 0 7 1
14.075801141915512 43 54 35
13.960733905267189 0 5 0
14.201267709630843 58 70 68
12.525242806408786 56 72 33
11.949387573552963 49 69 49
11.849866759852521 53 73 42
11.695198650552758 53 74 41
12.637352718310547 54 70 32
12.683524645658613 56 77 43
12.492030302137977 56 77 40
11.832318373377396 55 77 45
13.299326276983159 50 73 38
12.886081757235548 51 74 39
12.03430315688594 57 77 38
11.483586593671319 46 64 56
11.981301467821345 51 72 47
12.245692185132713 51 74 42
10.943876972358487 45 63 56
11.080971172784194 46 69 37
13.509273148699755 58 78 38
13.059774725998924 55 77 33
13.575767131457503 52 73 22
13.524552186818386 55 76 28
13.457805157327561 56 76 37
13.872747242020438 51 72 27
13.710961633784956 51 73 28
12.207297477608572 54 76 31
12.27010450603278 53 75 30
12.8139430051539 55 76 29
13.900245951810406 55 75 33
13.988548339219626 55 75 33
13.972356545811703 49 70 14
13.872747242020438 51 72 27
13.575767131457503 52 73 22
14.752110460558644 57 79 46
11.66419363300033 44 66 22
11.60701196011263 42 64 23
13.157514137183496 52 73 26
13.78912181582542 54 76 31
13.790838459530553 54 74 33
15.816994515216898 57 81 50
10.306642017595143 53 71 54
9.914349019154445 41 58 55
9.981232536091747 21 39 39
10.787034718510395 55 82 53
11.681363104513402 61 90 65
12.053017064079143 59 87 59
13.10097396825386 53 77 46
13.02041478020712 54 81 51
11.365786131449273 54 79 45
11.422561436836054 55 76 70
11.297952978469473 56 82 50
11.426680871514375 56 78 58
11.206992394176865 54 79 54
11.199768916483205 52 79 50
11.539957560326137 59 89 64
11.165165041131123 57 86 61
11.553436145285634 55 83 55
11.234619609571423 37 59 42
11.765007589702599 42 66 42
10.434952928054505 58 80 57
12.81855549942138 44 67 44
16.449648333974984 57 79 64
15.744014412707894 55 75 39
14.950715138907652 47 68 57
16.172909618962045 58 85 57
16.51949430246104 58 82 52
16.86509196167651 63 87 64
15.886597556135518 63 88 61
16.336889973115085 63 87 62
16.646340150612016 60 83 66
16.044052626886906 57 79 56
12.388964772007125 39 64 30
15.685204897003343 57 80 45
16.494635419619684 59 85 60
16.43876160318769 55 77 61
17.372717911345273 62 90 62
18.20017395415038 56 83 50
18.242359629265927 56 83 52
16.64468794622152 70 96 72
17.610234029999905 68 92 70
16.739912199877153 64 90 66
14.05684838843281 44 64 14
12.365039802627106 33 57 16
12.45165133020926 35 55 16
13.366738284999105 42 64 16
12.152986622986633 41 63 22
12.914321489928628 36 57 16
13.536044331281309 50 72 27
13.003573936981539 39 64 30
13.778651940653138 49 70 17
13.489101124779184 51 70 20
13.717223975210995 46 67 19
14.363631031864022 50 68 20
13.212789929587043 45 65 21
12.764245181989384 50 71 19
12.547348211833302 53 74 25
12.492426945633863 54 72 31
11.847856990883956 53 69 23
12.635076052588904 57 75 31
13.58182024758008 54 72 28
12.677522259272708 53 73 24
12.58833282139464 57 75 33
14.067439812698831 58 71 68
14.58050434275982 58 70 64
10.828607162866634 46 62 66
12.16803242010081 56 76 40
12.525242806408786 56 72 33
13.78699078139174 10 18 7
12.490157728130962 51 72 38
14.177323411682494 49 61 54
10.964169669599508 43 66 33
15.447976003744442 55 78 44
14.99345812923182 55 76 41
13.710961633784956 51 73 28
12.58804215667901 42 64 23
13.01045122598011 54 75 30
12.495912173742624 40 65 27
13.09287989469968 55 75 33
13.554952582961857 53 74 29
12.808023754893213 53 74 27
10.335096442662325 41 57 63
13.190672771564712 52 77 45
12.925500142384179 59 86 56
11.615373050287694 58 86 58
12.725831414329262 53 76 48
13.188491623161962 58 85 55
13.596382075020491 59 83 48
13.356607294222432 61 85 55
13.370014497438259 58 85 55
13.53587584087457 56 83 51
10.70894841683831 57 79 64
11.937735528436626 45 69 42
12.371996711359856 58 86 60
11.624619567985919 41 65 39
11.767007545095266 43 70 38
11.01547537882433 42 70 36
16.037601949589646 55 76 39
15.210663355985567 54 79 48
17.309264354470265 62 85 66
15.547430944653057 53 75 56
17.637820154646693 66 92 67
18.057333920843075 56 84 52
16.817817052485807 66 94 67
17.497704331620483 62 90 63
12.03907400844736 38 61 21
13.535131557996563 24 44 2
13.179513893472729 47 68 18
13.778651940653138 49 70 17
12.760257461634918 59 75 29
12.602950543198228 49 65 19
12.930290393464043 54 68 25
13.475444704440003 53 74 25
13.809756649820592 53 75 32
10.769647232357189 44 60 66
13.089867702233777 54 73 39
12.778793897759435 51 70 47
12.873790747929297 55 76 29
13.400565912320827 56 76 37
11.758222661189885 46 73 37
10.761196259679853 47 74 40
12.677153650608643 57 84 54
11.628764223528389 57 84 54
13.594661618958916 51 77 45
11.616262604476399 50 68 71
11.605326547057823 51 74 43
16.627707032578154 65 93 65
20.84225358430988 42 58 65
12.897924514833681 45 67 22
12.246179611814753 26 48 8
11.53437795307515 51 72 63
13.411243089615345 46 63 19
13.357243839313636 51 69 20
13.417817031407067 56 76 36
12.78587140244328 50 72 32
16.494635419619684 59 85 60
13.144459879432668 53 71 23
14.466053911675973 61 85 48
16.266242600146494 54 77 52
12.669415570804324 42 67 40
12.539143778052104 52 76 43
18.099852519039132 58 86 56
13.19300505678575 24 46 1
12.951617587928373 46 68 21
13.934687752222672 58 70 57
11.808779233883094 56 77 67
13.299954962624332 40 59 16
18.438077678434247 55 79 44
12.716327841832236 29 51 10
14.075801141915512 43 54 35
12.82667767173117 55 73 38
16.061464723934485 55 76 41
13.938850142142151 55 75 33
13.277599201054633 59 87 58
