13.497144791325336 1 3 3
12.868641885360555 83 84 86
13.077734198617419 24 25 28
11.156777605515629 39 49 17
11.384351724130653 39 46 15
10.612268013472818 50 61 23
10.187534780615318 42 53 18
9.554283103807421 53 64 28
9.558116893673231 47 58 21
13.342565465928729 52 61 34
11.61133641556819 46 59 23
11.18492447016154 46 59 22
12.732373472630588 42 53 18
12.735250573583889 42 55 20
12.106002240774632 43 56 20
12.20278514220342 45 58 21
12.583686309319045 46 59 22
11.461497691942592 47 60 23
11.874226133131106 46 61 23
12.7562648677302 48 61 28
13.960689647850286 49 62 31
13.297051342671464 50 63 28
13.973887738394989 49 64 30
13.960116308077904 49 62 29
13.973887738394989 49 64 30
14.11515222405351 53 69 34
12.458482809453011 54 70 32
14.573661032108996 51 64 42
13.77271818260987 49 64 30
14.058386166517744 48 65 36
14.057816811240853 51 68 36
13.412740791729496 55 72 38
14.058386166517744 48 65 36
14.200501037479945 46 61 36
13.50134462697429 49 66 31
13.575798865807458 46 63 34
13.485738769766705 46 59 22
14.420070148643884 46 59 24
13.619708773858461 48 61 24
11.78088987385651 49 67 27
11.028489124222334 50 65 26
11.43701772003814 48 67 28
11.849247867680536 55 70 31
12.241808650801005 53 68 29
12.563672669020583 52 70 30
14.664394714301213 66 79 48
14.51467496209108 73 86 57
13.509610815364343 0 2 1
13.499265992449025 0 2 0
13.242499712452185 44 42 32
13.532984201700224 72 72 51
14.020229998095585 69 71 48
13.288448265618936 45 53 27
13.941331359565432 45 56 23
13.301711629755435 50 56 26
13.461609648511187 49 54 25
13.293961153804918 50 61 26
13.03315078782869 51 58 26
13.188490906229614 50 61 27
12.781920367779808 48 61 22
12.68143068398938 46 59 22
13.379417222233286 50 60 25
14.037040392087368 49 63 24
13.547104271360269 49 61 21
13.452331769759125 47 60 23
12.99584384017633 46 59 22
13.09392077315599 47 62 21
13.052901914547377 47 60 23
13.581293064955789 47 60 23
14.046989179778377 47 61 22
13.90187614694438 51 65 26
14.505445396584491 51 66 27
14.449104790088755 53 64 29
13.297375846304707 48 61 24
13.421793926823167 49 60 25
13.421793926823167 49 60 25
14.00876126550522 48 61 24
13.772675415418837 49 62 25
14.370011384381273 53 64 33
14.360286387796341 53 64 29
13.762528330607132 49 62 25
13.083917130567569 49 62 25
13.806305634585634 49 64 26
14.38283387475914 54 64 34
14.551971035701799 51 65 28
12.649724687788899 46 55 24
12.89553941192746 48 57 25
9.315427889851719 46 59 18
10.950204309089798 51 66 28
14.543520735994745 23 32 3
14.455282470532085 63 76 45
13.157567553384284 31 40 8
13.47183235508602 35 46 12
12.987055855976214 45 54 20
14.605611058238674 61 74 43
13.717801887920338 14 24 0
13.154174352193975 42 49 18
13.260353411917407 51 64 27
13.396577530372374 50 63 26
22.5416796867376 47 67 28
22.55935000247736 47 67 29
14.389161505469971 0 5 0
14.355224043106945 57 69 48
23.056845927518804 49 63 20
11.280549153546401 42 46 20
12.350280610203344 37 36 26
13.077734198617419 24 25 28
10.795691708471333 43 54 18
13.189647015583995 1 3 2
12.885653313709998 52 60 33
11.708395590117668 46 59 22
11.61133641556819 46 59 23
11.607491215656669 45 59 21
12.955073608390986 43 54 20
12.098147347419568 45 58 21
13.311508764968911 49 62 31
13.371445931577837 49 62 27
12.789936551645118 52 67 28
14.058386166517744 48 65 36
13.808366953645558 47 61 37
14.058386166517744 48 65 36
14.057816811240853 51 68 36
14.212913307573825 47 64 33
14.420070148643884 46 59 24
13.755619398522143 46 59 22
11.43701772003814 48 67 28
14.127891104638698 48 61 24
12.948238889361857 49 61 25
13.509610815364343 0 2 1
13.593711282439676 53 52 43
13.348112947847637 48 61 25
13.277931136299527 50 58 32
13.006589067313824 47 60 23
13.938703209114573 53 60 33
13.283448389298455 46 57 23
12.6495803789567 73 73 54
12.99584384017633 46 59 22
12.81010719483159 48 61 27
12.944403059285165 52 63 28
14.652213082023229 51 66 27
14.426660878580869 53 66 29
14.449104790088755 53 64 29
14.370011384381273 53 64 33
14.373117554003395 56 68 37
14.360286387796341 53 64 29
14.360286387796341 53 64 29
14.461857153098888 45 54 24
10.962954732120682 49 63 25
10.962954732120682 49 63 25
14.605611058238674 61 74 43
14.615172815682417 30 40 11
12.91328389063755 24 33 3
14.455282470532085 63 76 45
10.446791915334261 48 59 22
22.560973947498297 47 67 28
22.05333218201519 48 68 31
13.965384374300886 1 9 1
13.869674382769254 43 54 41
12.81314778567798 88 89 88
12.749089463373801 45 58 21
12.588328293291656 43 55 20
12.957901262328337 42 55 20
13.562845582221023 0 2 1
12.354293309577123 46 59 22
14.102086343039144 49 64 30
12.975115039721851 48 61 24
13.973314940154118 50 65 31
14.353498277323917 47 62 38
11.753351908734153 53 68 27
11.195899709955063 51 67 28
12.17067265938959 52 70 30
13.462712657239221 49 62 25
13.452331769759125 47 60 23
13.510117469384838 46 58 22
13.53839751426701 52 60 28
10.6157197266695 49 60 23
10.221906680893891 48 59 22
14.464943599979597 51 63 32
12.881236495108022 51 62 27
14.54236772249229 50 63 26
13.556395875469098 49 62 25
9.315427889851719 46 59 18
14.373117554003395 56 68 37
14.100573526123712 27 36 4
14.416974095067843 51 64 27
14.935326475809974 1 9 1
23.18496060651946 36 43 52
12.34001167770606 44 57 22
14.198809999076486 55 72 40
13.574619649470701 53 70 34
13.00101278824787 48 59 25
12.692442091281954 47 60 23
12.410703985578515 47 62 24
11.21056363900309 50 60 27
14.630080760939856 50 65 27
13.714547298481188 35 44 12
13.433254243321649 0 1 2
13.198699015078011 51 62 25
14.43522039216169 49 63 35
12.112714155506819 45 60 21
13.762528330607132 49 62 25
12.66116011530432 46 60 23
11.44852690382712 49 67 27
13.293961153804918 50 61 26
13.855179181309815 49 62 27
13.20517808231809 45 56 23
13.21575310882632 46 56 22
13.270166771296267 43 54 19
11.797352087657417 75 75 55
