18.861301576708772 44 60 19
16.47455424008176 34 53 11
23.303030509280816 55 70 33
22.813956362714883 51 66 27
22.795502910095426 52 67 28
21.691310336516217 50 65 26
21.522464912107978 51 68 33
23.534504093185447 52 65 27
12.476044226100639 22 32 7
13.239243957955525 38 49 8
11.434808432790318 13 28 0
11.452534396803895 22 34 3
13.490511078977395 40 51 12
12.915989484039365 32 42 10
11.60628053613775 41 56 20
14.62913795907155 61 76 28
14.856917110198134 71 86 37
14.473108319825586 29 39 1
14.744966702169448 32 44 5
14.409460331134571 22 32 0
14.741374618660375 37 51 8
15.014219921926413 26 38 1
14.695438483720494 24 34 0
13.78020534686782 30 41 2
13.838123695056979 41 57 5
14.15640637337062 33 46 0
14.043265666727006 34 50 0
14.839268457818713 40 55 4
14.811107505962399 43 59 10
13.190351942869391 31 44 0
14.365429717218682 45 61 9
5.985613594815138 42 60 14
14.162566180640809 32 44 0
15.034507362740664 25 36 0
15.59872119907761 22 34 0
5.754818042157197 51 67 19
5.939664409331071 55 73 27
5.302319879591564 38 56 8
6.036386443873881 57 75 28
13.739367342899357 24 36 0
12.690067571950395 28 40 0
12.967153387459197 31 44 0
14.66953460601837 22 33 0
15.228642557723933 9 20 0
14.592249079215545 30 41 5
16.499543004131752 66 79 32
15.735896559192629 59 72 34
16.468925196324527 61 75 27
15.915805464407832 69 86 39
15.552089556631545 67 83 34
15.660686395689666 64 77 34
15.833586845295844 66 79 37
16.13720418034721 65 79 35
17.643337267906595 63 78 32
16.366268137898807 65 80 34
15.967591701782371 70 82 37
16.987378884199636 63 79 32
16.603622898288773 61 74 27
16.57319737182657 59 74 28
16.24839462003874 63 83 37
16.95764190954307 62 79 31
17.23389082986421 62 80 31
24.7035183974492 65 88 45
10.466134078633885 50 71 32
10.669543748984104 50 70 30
10.03549039021701 53 75 34
10.03549039021701 53 75 34
10.663075096420917 66 88 45
10.364694946245262 71 93 49
14.600571722213841 73 87 40
14.34378183841383 66 81 34
14.963480879298997 66 82 35
14.022219873269524 67 88 42
14.51797423732267 62 82 38
13.21377333422193 64 86 43
14.635326645627789 58 76 28
14.399037800575863 58 78 31
14.38929924523737 61 81 37
14.674639566214186 61 82 34
16.55770545516083 57 73 25
16.97996738916182 39 54 16
16.81867506385026 4 17 0
16.919341266600252 65 79 40
16.132891759567354 74 89 47
16.81867506385026 4 17 0
17.472078614713887 77 91 52
13.893874819808929 65 86 41
10.130326736127069 69 90 42
10.409707364445326 65 85 41
11.586605233084178 68 89 44
17.07253797509541 35 48 17
18.39867459082576 15 28 0
18.499647497071603 46 61 10
18.35171642877819 20 30 1
24.730223470703223 54 73 20
24.65223881703588 53 74 21
24.237545451406188 54 73 20
15.1198317385813 70 86 37
15.049403641224083 58 78 34
16.11672470948115 69 86 37
14.274528143952944 66 86 44
15.400714727054664 63 83 41
15.312471816810064 66 86 42
15.466119699208289 63 83 39
15.368520954443813 65 85 41
15.848914844062746 64 84 38
15.200173143202564 70 87 37
15.427996776781818 66 84 37
14.900867134508527 67 86 37
14.168723707851901 64 86 43
16.053970565410914 64 84 41
15.321008632198668 64 84 41
15.88895957338668 64 84 40
16.68727431173079 66 85 37
10.603312497589995 64 86 39
10.944490293522172 71 93 49
10.227940309016507 67 91 46
10.430306323788443 69 93 50
10.931953100970164 72 96 55
10.944490293522172 71 93 49
10.726266935675469 71 95 52
10.443445752779636 70 93 50
10.303201771214534 64 86 41
23.583942328132274 49 63 23
21.69101628092075 51 67 30
24.050519930113285 55 70 34
11.706748375356955 15 25 0
20.343799767289696 26 35 6
14.765650484873138 51 66 20
14.812200587090345 31 41 3
14.484275253932351 20 30 0
5.5632345731192725 44 62 17
14.605888702936264 45 61 11
14.385164363775953 41 56 4
14.863384438174348 43 56 7
13.99748617359644 36 52 0
14.624020385218312 30 42 0
12.79032607001404 30 42 0
13.697836012485311 22 34 0
15.21042169547928 54 65 25
14.239805145883517 21 31 0
15.069685324750585 50 61 20
16.424984722024757 62 76 30
15.602292709636037 65 79 35
14.668467465949679 70 86 38
17.263151953184504 62 79 32
17.459454565439763 62 78 31
16.591602162505815 62 82 37
16.903729131328213 64 84 36
16.57319737182657 59 74 28
17.23389082986421 62 80 31
10.623021511535496 48 68 29
9.927204277892226 49 71 32
10.31682112808728 49 70 31
15.340742394442541 70 86 38
14.118744943091253 65 85 41
13.80639571155632 63 85 41
15.134662876959723 67 84 35
14.294834499248003 64 85 40
16.919341266600252 65 79 40
16.962180594761467 68 84 43
16.869901058399506 22 36 11
13.893874819808929 65 86 41
17.02192180966253 20 30 1
18.39867459082576 15 28 0
14.689051751652954 61 82 36
16.746530372254128 63 83 41
15.848914844062746 64 84 38
16.023089375589844 64 84 37
14.448488472490075 63 83 40
14.755901873512585 65 85 43
14.168723707851901 64 86 43
15.279475479136787 65 85 41
14.610579731933791 64 86 41
15.288647020942246 64 84 38
15.395248043514272 65 84 41
15.920692778512384 67 87 37
10.994192800388227 67 89 44
10.43479909475954 65 87 40
11.04790192607587 69 91 45
10.603312497589995 64 86 39
10.726266935675469 71 95 52
10.763735794676775 48 64 26
13.838123695056979 41 57 5
13.190351942869391 31 44 0
15.052941162341565 26 38 0
5.472925498156873 36 54 8
11.595763461941711 38 53 16
24.807838245261788 67 89 48
16.652330370401256 64 80 32
15.029312904899351 69 85 38
16.499543004131752 66 79 32
17.431063534555644 62 76 29
16.992512491340833 65 83 35
9.848113350044658 51 72 33
10.623021511535496 48 68 29
14.848338049682418 55 70 20
13.986397519786456 68 88 43
14.752132158156758 63 81 33
14.284791470715097 63 84 38
13.723320900751562 65 85 43
17.302777745344706 64 79 41
16.826826797901276 10 21 0
17.29485034689824 69 84 43
11.381261451771666 62 82 38
11.45682517324908 64 85 40
10.932536550027967 68 91 47
17.02192180966253 20 30 1
24.316860071311236 55 74 21
15.279475479136787 65 85 41
16.528016968725144 64 84 41
15.312471816810064 66 86 42
15.072981487416637 63 83 41
10.713474375391717 73 98 58
11.391624597445038 69 94 53
10.798055665207437 67 93 47
10.093646395389946 65 91 45
13.279702307517779 40 51 10
19.531115911698762 29 38 11
14.784886649769026 35 45 5
15.123177287535249 21 33 0
14.836790476441857 35 46 8
13.82462115219648 34 47 0
13.922974373724694 32 44 0
15.189312993134742 70 85 37
15.813704080576972 59 72 33
16.13720418034721 65 79 35
14.635326645627789 58 76 28
17.87061740189805 48 62 16
10.017447309444709 71 92 47
15.87582845052536 69 86 37
15.058715309411776 61 80 32
15.612865597867886 71 88 38
13.675381830536148 34 45 3
5.502388454357629 49 67 19
13.510736855307783 41 55 7
13.795551977586266 28 39 4
10.945073074259819 67 88 44
11.391624597445038 69 94 53
12.748026356006221 38 49 8
14.45966388109003 45 61 9
15.859338282269 68 80 36
11.948296997113134 52 77 46
14.756350211139079 28 38 5
13.686666540094528 26 37 0
10.30113746120668 51 72 33
