16.9926135285939 4 29 54
16.373661563499308 6 32 55
16.48631174881233 4 29 57
17.50573039365011 1 28 53
17.44748053148538 0 25 47
14.657697089488716 6 4 9
14.474417978352827 3 2 7
13.967222361981896 0 1 4
13.888272163440993 0 1 3
15.51812051276191 6 4 8
14.908387519847723 4 3 8
15.472560543551175 7 5 10
14.765643061435394 0 3 3
14.609454113431502 2 2 9
14.54769213022113 0 1 3
14.574724994461802 18 22 19
15.476638282396753 4 8 10
14.426137508483208 5 11 6
13.776358148659497 3 7 5
13.837946787273484 37 48 30
13.469434654515627 0 7 0
15.279503629012385 6 7 11
13.54114354613821 0 5 0
15.041625360894162 6 5 11
13.999170014082264 43 57 28
13.679415095666268 42 55 28
13.41318976634693 47 60 35
14.083292761675105 57 68 48
14.514660930180762 1 4 1
20.25791663763287 62 74 50
15.955993258141092 36 58 36
16.44562495138114 15 41 44
15.878672042467015 35 55 32
15.975537740486313 41 60 32
14.282980323730134 36 51 12
14.603160079180613 37 52 13
14.67243403769305 37 52 15
14.282980323730134 36 51 12
15.683400419793864 37 57 21
14.40758961476349 37 52 13
14.08296421700093 35 50 10
14.148028273674582 43 57 18
15.480397104671571 36 54 14
14.098041337645098 42 56 17
16.91627211073713 5 31 48
17.29377581267387 0 28 46
16.938462290136926 0 28 40
16.6545188995663 3 29 49
15.970179885234375 24 46 33
13.949322887760253 44 61 20
15.515163272021285 39 55 19
15.380413331664561 40 55 17
13.390549479562093 44 59 19
15.309929364572907 38 53 12
15.979498634229323 43 57 14
14.053683224971232 44 59 21
14.574924197013294 37 53 7
14.23821383691335 32 46 3
14.214993542763683 39 53 11
13.6057194579224 48 62 21
14.753886698724365 36 51 1
13.559750904702344 41 55 12
13.98941269292399 41 55 12
14.532021813174222 39 55 7
13.606749731657722 42 57 16
14.65921058125153 48 65 31
14.869151007663955 51 68 34
14.991290895226486 46 64 32
15.590547037053156 45 62 26
14.576267232897983 48 65 30
14.409867604449378 46 60 29
14.62338815736616 60 68 56
14.856068894115179 44 64 27
15.58939181610248 49 63 37
14.65921058125153 48 65 31
14.854856554948372 45 65 30
14.62338815736616 60 68 56
14.712513092616044 50 67 37
14.74569640980261 49 62 37
14.327330020120023 49 64 35
14.625199853311099 53 72 44
14.773586046629347 49 66 37
14.515276712561826 51 68 34
15.113636947531676 48 65 35
14.242454040115804 56 65 51
14.215103685811831 48 65 31
14.439323433561647 51 68 34
14.137537832845714 46 63 26
14.17909355029609 54 63 51
14.186116125680254 54 63 49
14.26341780761268 46 60 29
14.554516696082352 48 62 32
15.033201035081422 54 64 49
15.402769356479059 52 69 39
13.362170082302804 45 62 24
13.685716347282519 47 63 25
14.416115391144022 46 66 30
14.642829251754394 47 64 26
14.270991761827428 46 63 25
14.143905916265272 48 66 25
14.416115391144022 46 66 30
14.2201705922537 49 66 28
14.365807627050774 48 65 27
14.660439099293065 55 72 37
14.006328282394106 50 67 31
14.660439099293065 55 72 37
14.724174584609203 51 68 31
13.566799843533055 44 59 19
13.424650278466165 45 60 20
13.566799843533055 44 59 19
13.424650278466165 45 60 20
14.189251271891688 46 61 20
13.43912585703174 47 62 21
13.43912585703174 47 62 21
13.885578872498485 47 62 20
13.67975346392042 48 63 21
14.718632412470201 50 67 29
15.281247989262377 55 72 38
15.260502282723854 60 77 47
15.201385685004414 55 72 42
15.201385685004414 55 72 42
15.280069384355931 54 71 37
15.207936203426627 55 72 38
14.671449360749751 46 62 28
14.507383085744737 47 59 28
14.22325514402098 46 59 28
14.648011459786602 46 62 25
13.322469155716503 44 59 25
13.500942439456194 45 62 28
13.532398548562897 42 59 25
13.429018881834049 41 56 22
14.196855246770976 44 62 28
15.313379667230922 50 68 36
15.318706666601937 49 65 34
15.118290187977854 46 61 30
14.52543195608736 47 59 30
14.794390553819987 49 64 40
13.925643698078487 51 68 42
14.330456435673133 50 67 36
14.007581710572433 52 69 37
13.877129361155127 46 65 34
14.046332872389664 52 65 43
14.575633894906137 51 60 49
14.575633894906137 51 60 49
14.822188567349082 53 72 46
14.822188567349082 53 72 46
14.05660912647516 49 64 35
14.446827151811737 53 71 43
14.355721142125402 47 64 37
14.503394114015329 56 73 43
13.44521908075398 47 65 34
14.277603841348622 49 66 34
14.185411034109459 49 65 32
14.988201088224251 55 74 44
14.47963095832617 53 72 42
13.821563856722548 55 72 41
15.436443824054045 56 75 47
15.5602256033948 55 75 47
14.28934091278605 57 74 45
15.04935197131137 57 76 46
14.943136844767476 53 72 42
14.943136844767476 53 72 42
15.004471388783214 55 74 42
14.312107832958146 54 71 39
14.640285558904253 44 63 29
14.060113596477795 48 66 34
15.835493350915273 47 65 32
17.33024449809827 54 73 41
16.709989760801985 57 74 42
15.925238252237222 47 64 32
16.689414944422186 50 71 39
14.67949581976924 45 64 32
12.920638525962953 46 59 14
12.187883584614836 46 57 16
13.397927849846994 41 55 10
13.281221860655272 43 57 15
13.904721988054003 44 58 13
12.519732548875034 47 60 14
13.384397511350121 44 56 13
12.187883584614836 46 57 16
11.659627601360699 48 58 18
12.57268991386924 47 58 21
11.238629523941666 47 57 20
12.537390008612938 48 59 22
12.347911779599968 48 58 20
11.735402962271719 48 56 19
12.420617073782868 49 59 21
11.706087991634575 47 57 17
11.828731103129067 46 56 17
12.311967425011401 48 58 18
10.65924983089376 47 55 18
12.758202827500439 47 61 18
12.700226332708075 47 58 16
12.395891368912602 46 59 15
12.758202827500439 47 61 18
13.627992472876011 49 63 20
13.833286121269046 47 59 17
13.905730108748397 46 60 15
13.11703154209657 45 59 12
13.93857057204478 46 62 17
13.275832549157464 48 64 19
13.075585501646852 46 60 13
12.722315813291193 45 59 12
14.094187579273349 46 62 17
13.660823080161162 43 57 14
14.06171055687117 44 59 17
13.295911564541075 44 58 14
13.680665484166244 48 59 19
12.437771441552545 48 58 20
12.660954339457422 54 65 27
12.720525735599857 49 59 22
12.791113249706653 49 60 24
12.814451554262188 48 59 18
13.058904292767707 48 58 18
13.127672470945857 49 59 20
13.058904292767707 48 58 18
12.801302076237095 47 58 21
16.34714791878273 23 35 12
15.367388865618876 57 74 43
15.620290120305507 53 70 38
16.530214020255084 33 42 13
17.522807387293867 36 45 14
19.38800169741895 49 62 33
19.367688232482173 54 66 41
17.440252156719488 31 40 6
14.950323843492331 45 57 26
15.241372817885766 51 65 33
23.126031718851088 46 52 15
20.12506990016969 56 70 38
20.269564903620473 56 70 39
20.31393769210799 60 74 45
20.269564903620473 56 70 39
17.02826039804597 4 31 55
16.91896568327769 1 25 44
14.664490471558947 4 2 6
14.739283483727434 3 1 7
15.64010445698381 6 4 8
14.391330104114394 5 4 9
14.54769213022113 0 1 3
14.172403537483255 58 67 55
14.023474077632502 57 65 53
13.923740979260527 13 16 16
14.574724994461802 18 22 19
13.174284244707858 10 16 6
13.909071734420866 2 8 9
14.307393506118464 11 18 7
13.306513291782943 48 60 38
13.834330325603961 43 54 32
13.41318976634693 47 60 35
14.610360853401522 37 42 34
19.780559258404743 49 61 35
20.02923984692815 66 78 54
15.698106374630374 38 59 33
16.275258994698255 2 30 58
14.471194194081136 36 51 13
16.299426913023606 1 30 50
16.510170726782906 6 32 58
13.949322887760253 44 61 20
17.074430499452806 2 28 55
13.246508689810833 44 59 20
17.29009903016737 4 29 31
15.380413331664561 40 55 17
17.6985270280794 0 27 51
15.309929364572907 38 53 12
15.059574671170298 37 51 8
14.485867244436177 36 50 9
13.864675204470043 38 53 6
13.891740753243786 40 54 13
13.891740753243786 40 54 13
14.130828146161981 45 63 23
14.576267232897983 48 65 30
14.62338815736616 60 68 56
14.224640911419389 48 65 29
13.933456578881962 49 66 29
14.57873814436844 45 65 26
15.194273924453572 45 64 32
14.76748786161133 47 64 31
14.362046150239815 46 63 29
13.90974864162277 46 63 25
14.712513092616044 50 67 37
14.515276712561826 51 68 34
15.053943623018911 47 64 30
14.186116125680254 54 63 49
14.416115391144022 46 66 30
14.568777278529621 47 64 26
14.1381362797057 47 65 24
13.885578872498485 47 62 20
14.797448911980903 51 68 32
15.416864701163094 55 72 38
15.260502282723854 60 77 47
15.201385685004414 55 72 42
15.201385685004414 55 72 42
14.459884136479484 46 60 30
13.780895211329305 45 62 29
13.885279895847003 49 63 35
13.883927273984 45 61 27
15.112892545878642 52 68 36
14.947060026964415 45 60 24
14.042749180630276 54 71 41
13.713102066043632 53 70 38
13.925643698078487 51 68 42
14.840818933438257 53 64 48
14.446827151811737 53 71 43
13.643673657985678 36 45 26
14.16687457324765 45 63 30
14.560671294797027 50 67 33
14.277603841348622 49 66 34
13.822543510584481 47 64 32
14.142916482012755 55 73 43
15.997544311715654 56 75 45
15.13178722267072 55 74 43
13.942182775485998 55 74 46
14.948595782416504 53 72 42
14.853862588531804 52 69 37
16.634294343065346 46 67 32
15.977698807439488 55 73 41
15.230744805110156 46 64 30
16.709989760801985 57 74 42
11.726912887186408 49 58 18
12.920638525962953 46 59 14
10.24052558844129 48 56 19
11.884094113188787 47 57 16
10.91884670241937 47 57 20
10.164661057048795 47 57 20
10.74338913630943 47 57 20
12.384883731844425 49 59 21
13.567776264688165 47 63 17
13.547416984871504 45 60 15
13.780235153648697 43 59 15
13.574082410962204 44 58 10
12.94198384040286 47 59 14
13.780235153648697 43 59 15
12.94198384040286 47 59 14
13.130837383968576 44 58 12
13.45994550635754 46 61 16
12.395891368912602 46 59 15
13.45994550635754 46 61 16
13.660823080161162 43 57 14
13.398618660799627 50 62 21
13.262177647181415 50 64 24
13.240988829928481 50 61 22
12.445776603150856 47 58 18
11.135866424472274 45 54 20
12.766634302149894 47 58 21
16.687142152176506 32 42 11
16.44267594137876 32 41 10
17.405449078907747 37 45 11
15.022495136625224 43 55 24
15.241372817885766 51 65 33
21.761157680942585 30 39 17
20.12506990016969 56 70 38
17.44748053148538 0 25 47
17.518906690680947 4 29 50
13.84454282503766 13 16 16
14.960782673191868 0 1 0
13.713144863178545 3 7 5
14.934448628790628 5 7 13
14.636372905913282 9 13 13
15.459989038542012 6 4 8
19.45045205444173 54 66 42
14.148028273674582 43 57 18
15.55010841193582 37 56 16
15.683400419793864 37 57 21
14.624239676499707 44 60 16
16.285263973033345 7 32 37
13.369862678420366 45 59 16
14.753886698724365 36 51 1
14.130828146161981 45 63 23
14.223374752154365 47 64 26
14.508741715374887 48 65 29
14.418026942671485 46 63 27
14.869151007663955 51 68 34
14.494677215189311 53 71 43
14.554516696082352 48 62 32
14.90166594223358 49 67 38
14.432424065130755 53 71 41
14.719281175507033 47 64 30
13.757976248340062 46 63 25
13.356062750816758 43 61 23
14.195000132494297 48 63 22
13.356062750816758 43 61 23
14.253830171299457 45 61 18
14.784303351888697 48 65 30
13.746726073105899 48 62 18
14.718632412470201 50 67 29
14.270991761827428 46 63 25
14.202947594034745 46 64 24
15.207936203426627 55 72 38
15.384529017743207 57 74 46
15.384529017743207 57 74 46
14.828199876886703 47 62 32
13.94412506606788 49 63 32
15.658441284232797 56 72 41
14.967921989826646 47 63 29
14.75721639942356 48 59 30
14.737310642376316 45 63 28
15.436443824054045 56 75 47
13.556823262023515 50 67 37
13.821563856722548 55 72 41
14.47963095832617 53 72 42
15.083039385442731 55 74 46
13.890179740885431 51 67 38
14.16148430249074 54 73 45
14.528358086246195 51 64 39
15.004471388783214 55 74 42
13.904721988054003 44 58 13
10.65924983089376 47 55 18
13.904721988054003 44 58 13
11.930855352776957 47 57 15
12.437771441552545 48 58 20
12.720525735599857 49 59 22
14.407238690345519 44 58 15
12.533816341353276 47 58 18
14.087402532860011 44 58 15
13.271646004968355 48 59 21
13.262177647181415 50 64 24
12.977263404114513 47 59 16
14.866304324571889 54 74 46
15.93205216969492 53 70 38
17.488168602820945 34 43 13
17.733023609203 24 32 4
13.329965045364888 1 7 1
15.121455356162835 7 6 11
14.738960365956055 5 3 10
16.13367295245744 32 52 37
14.098041337645098 42 56 17
17.272042126776327 4 30 53
14.25983292620235 41 56 15
16.037216538433228 35 45 35
14.416115391144022 46 66 30
14.143905916265272 48 66 25
14.616249841642102 48 62 37
15.83034025415274 53 70 38
15.571914984180514 58 77 49
14.007581710572433 52 69 37
15.83034025415274 53 70 38
13.912626584436264 52 69 39
16.539350410925262 49 67 34
12.519732548875034 47 60 14
11.753557445541729 47 57 18
13.65455699378438 47 62 20
13.295911564541075 44 58 14
13.075585501646852 46 60 13
15.062531224357864 55 72 40
19.74988068125358 49 62 34
23.145187977278308 43 49 12
14.657697089488716 6 4 9
15.712525846028429 34 54 26
16.271352063011765 35 57 38
13.054152863280786 48 64 20
17.4405905077561 56 75 43
15.437660417625217 58 77 49
14.948595782416504 53 72 42
14.528358086246195 51 64 39
12.311967425011401 48 58 18
11.611774164383926 47 57 18
17.43557335407487 33 42 10
14.303551742602842 38 53 13
12.758202827500439 47 61 18
15.053943623018911 47 64 30
13.384397511350121 44 56 13
14.375266963141026 57 64 50
14.718997491132635 7 5 10
14.734895435184479 43 56 21
14.420524968142068 43 64 31
13.292889906131238 42 56 26
17.42593854765572 1 27 51
12.509954500679164 49 59 22
13.379095433146821 21 32 10
