19.901164372372484 53 65 30
19.67001157029123 57 70 37
20.370237759866086 55 66 31
20.101455265074634 63 80 47
18.80616892315788 60 75 41
19.6611859404166 59 74 40
19.21782680155573 63 77 45
18.88335855125859 60 74 42
19.037216875519174 61 77 43
19.878212902388306 59 75 41
14.622048445886282 28 38 12
14.54598057037907 29 39 13
13.943579581527764 31 42 10
14.653755114462726 29 39 11
14.210196435537382 32 43 10
14.356019174771186 31 42 10
12.881987335370166 42 51 21
12.527050015849532 44 53 23
13.302789681780245 36 46 16
13.419843662529031 32 42 14
13.968207456068306 33 42 13
13.095498872739576 31 41 12
13.5834718071252 31 40 10
12.820456314690281 34 43 13
15.281892917724203 31 41 11
14.193696655459247 30 41 9
14.569827999945371 30 40 9
14.67499561609134 31 41 12
14.457778921131007 30 40 10
14.38136893132745 29 40 8
14.351681453395889 30 41 9
14.479697273475818 30 41 9
14.654301277691692 30 43 11
15.354711379456077 29 42 11
17.580491470044706 36 49 18
17.089618624161076 42 54 23
15.572271746246612 28 41 9
14.714436616150342 28 40 7
16.85458824565898 31 44 9
17.20108695758676 38 52 16
17.226415817384062 46 60 24
17.36725111537166 46 61 24
17.260114168824817 42 56 22
16.973841448803267 37 50 17
17.11675503476258 49 62 29
17.108277911688866 47 61 26
17.458051165918423 46 60 25
17.17671481191642 35 49 15
19.78327609787507 58 75 39
19.121081579150026 61 75 42
22.699814151833742 49 63 18
22.699814151833742 49 63 18
22.118456042033777 53 68 29
22.409986213167087 52 67 28
23.006878864627097 53 68 30
22.274095678442755 53 68 30
22.329528496295918 53 68 29
22.61833829568056 54 71 31
23.18361171728533 54 71 32
22.734989312886267 54 69 31
12.178951880141355 30 37 4
11.727190767176811 25 34 0
12.178951880141355 30 37 4
13.510158942937322 41 55 14
14.149744423670159 27 41 2
12.784859516796669 26 37 0
12.90237375343266 27 38 3
12.521197062641914 28 37 3
13.547804629255284 25 39 0
14.185692893342445 31 45 6
13.546430491254426 50 63 26
14.184380552077101 36 50 9
14.319012900894453 48 63 24
14.424033626729502 47 60 25
14.596964125257863 45 58 27
14.424033626729502 47 60 25
13.855048489874687 49 62 27
14.98781590624507 47 64 29
14.55389165957668 48 63 25
15.50596250579912 49 66 33
14.908189642433417 56 76 50
15.143509507837408 51 68 34
14.873987454805702 54 74 48
9.85891371181422 43 58 21
13.541779438816413 48 63 29
12.945251746404761 47 61 28
12.67273286970246 47 62 28
21.791550824488958 29 38 10
14.245595597378705 30 40 10
12.105298553649723 35 46 11
12.290774583898163 45 56 20
12.264170598994399 39 50 16
12.2701772874213 31 42 7
11.794114424394394 43 52 19
12.235277365958348 42 51 21
12.525269859596156 43 52 20
11.63894447944507 46 57 22
13.133850587160996 47 58 21
13.951510221619467 46 56 24
13.24273539102959 45 57 19
13.827669247815733 51 64 33
13.499705553373598 46 59 24
14.355362977575568 53 67 36
15.001294378057857 58 75 45
12.713969460662799 44 53 23
12.822895594575359 43 54 20
12.396129115107739 41 51 20
11.712815621607222 48 57 26
11.589566014083866 47 58 25
12.255964482439062 47 59 25
11.232605849789469 49 60 26
12.854076435273342 44 56 19
12.22033780236248 45 56 21
12.856852679421138 43 54 19
14.18345121007518 43 57 18
13.380683076818435 50 59 29
13.64374115188138 47 58 23
14.036512458958594 48 61 29
14.83651355850384 40 49 21
15.597086996374207 44 51 22
14.667055483442548 40 50 20
14.491187872129066 39 49 21
14.701118955273301 41 51 24
14.145808599911867 39 49 19
14.92505143496326 40 49 21
13.605549485377907 55 74 48
14.59457439595506 56 72 47
14.59457439595506 56 72 47
14.56273887695134 54 74 46
14.666014428170714 55 74 48
14.490789702084058 53 72 44
14.804808563961782 56 75 49
14.701241777089146 54 71 41
14.701241777089146 54 71 41
14.527723427613438 56 75 49
14.561460516726566 56 73 43
14.455599973054863 53 71 43
16.631358843539452 55 71 44
8.974772427617935 51 64 40
14.66347560338766 54 71 41
14.007092973574068 51 66 33
13.315007058252219 51 65 35
16.748484097802205 54 70 43
16.65812426311233 55 71 44
15.859133064485183 54 70 43
14.163402776662657 63 67 59
14.158199321610942 66 69 62
13.61623456844869 30 35 24
15.39009021456279 29 29 25
14.693280437437323 75 75 72
16.027877962971026 73 74 69
14.791309105048827 52 58 38
14.352106445816888 69 74 58
14.452446244471725 14 18 5
14.044731170068944 11 14 6
14.176162381180227 3 5 0
13.859737891896033 36 41 26
14.284758984615308 7 10 1
14.208195538724508 42 47 29
24.192163940874856 55 66 46
18.835146640185936 60 75 41
20.9075189967849 61 76 42
14.645772016114142 30 40 9
13.880789247906757 29 38 11
14.204612213344756 31 41 10
14.08361406545933 30 40 12
14.738626928603106 31 41 11
13.5834718071252 31 40 10
13.249464877336074 29 38 8
14.256306490364011 29 41 9
15.146843768547596 31 41 11
14.64255489846777 30 40 11
14.253667890953574 30 41 10
17.516842732686285 42 55 21
16.612184904792883 50 63 31
16.316270055656464 30 42 11
16.404044559805065 40 51 18
17.36725111537166 46 61 24
16.621579267294383 27 40 7
18.969805174230597 59 73 40
22.519252267412888 53 68 30
22.766973683400845 52 67 29
22.40308806093692 53 68 29
22.66091532740752 53 67 30
22.901931531355416 53 68 30
12.214699271359775 27 36 2
12.948064923859121 26 37 0
13.428501117220222 28 42 2
14.906940906727838 50 67 37
14.906940906727838 50 67 37
14.588844301305611 49 64 26
14.691936348105338 50 65 31
15.143509507837408 51 68 34
14.682059250673584 48 65 36
13.70857897226024 50 64 25
13.109767201986473 28 38 7
12.817234798874646 38 49 17
14.323922001875427 29 39 8
14.249433986094168 30 40 10
11.63894447944507 46 57 22
11.79491978130684 40 49 17
14.044951606781265 45 59 20
13.896548471427874 50 63 32
14.355362977575568 53 67 36
14.998281755218018 58 75 45
13.281854307197648 45 56 20
11.939640866505808 44 55 22
12.462650537188868 45 56 22
13.858618084473536 45 58 23
14.974996065556203 42 51 23
14.662678608038393 40 50 22
15.128938130702586 39 50 18
15.257003569772616 42 51 23
14.667826198775089 55 75 49
14.702507983555543 56 76 49
16.631358843539452 55 71 44
14.561460516726566 56 73 43
14.527723427613438 56 75 49
14.804808563961782 56 75 49
14.765507692189546 55 74 48
14.666014428170714 55 74 48
14.802293544562263 51 68 38
13.902282950338106 19 24 13
13.966171890172122 11 14 5
13.998685576684533 27 31 17
14.32604188349841 16 19 11
14.002618927911422 16 21 8
24.067442708987805 55 66 46
24.02356467273295 51 65 45
19.99819918853776 56 69 34
20.660793048255393 66 80 49
19.886464572484396 57 72 38
12.680757079799372 31 40 10
12.527050015849532 44 53 23
12.463766866715707 36 45 15
12.320023721886264 32 39 9
17.85704141004523 50 63 30
17.458051165918423 46 60 25
15.914090666133232 30 43 10
17.37398377779341 51 64 31
16.22628824865116 34 45 12
15.637448511101686 29 41 10
22.765755552062306 50 65 27
22.389690517407722 51 66 28
12.720023250393615 33 42 10
14.291693338204118 37 50 15
14.185692893342445 31 45 6
15.177104329318015 51 70 38
14.691936348105338 50 65 31
14.061485875626767 48 63 27
14.691936348105338 50 65 31
15.177104329318015 51 70 38
14.588844301305611 49 64 26
13.541779438816413 48 63 29
12.36609801995839 37 48 12
12.104513847372749 39 50 16
13.69635912624278 29 39 8
13.608427014917577 43 57 18
13.88290369022983 46 57 22
14.245466106879595 50 59 29
12.991266684034622 45 54 23
13.389535586740232 45 56 18
13.17672272816389 46 55 24
13.428790989364252 48 61 26
12.22033780236248 45 56 21
15.116629370986146 58 72 41
13.949300363180226 67 70 63
15.417903073916674 63 68 60
14.57777763603667 56 61 50
13.998685576684533 27 31 17
14.208195538724508 42 47 29
23.589424124660695 55 64 45
13.783425877724326 33 43 15
17.11675503476258 49 62 29
19.4995924978866 61 76 45
14.19757922053117 29 40 8
17.655361472159743 47 60 26
14.835429797720948 45 58 27
22.699814151833742 49 63 18
13.466375082561244 22 36 0
14.283399975038861 47 61 22
13.464992634463009 46 59 22
13.2815061637825 45 62 28
12.368215815708929 44 55 19
11.856391593266943 45 56 23
14.83651355850384 40 49 21
15.008360641527029 40 50 20
15.150283797632394 53 70 40
14.561460516726566 56 73 43
14.324876663160925 65 70 55
14.07638862268275 14 17 8
14.173644557455937 44 48 33
20.260554997376516 55 69 34
24.147069266134217 47 62 23
13.344672824878561 45 58 23
14.499388729773953 40 50 22
13.1608618035482 43 57 18
15.36690912737013 43 52 26
16.89764288838461 56 70 41
15.826986003279512 56 70 41
13.494160262499678 54 73 45
14.41478959742921 28 41 9
13.568871881558666 30 42 11
15.794240536922104 28 41 10
22.74178679139564 52 67 28
15.15772998682801 38 48 20
14.48323573727304 69 69 66
14.452446244471725 14 18 5
22.601052968283046 53 68 29
12.234500996369947 41 52 19
12.365329864078166 40 49 17
14.666014428170714 55 74 48
