9.959703476695553 39 52 24
9.807347129840048 16 18 22
10.243907679490714 39 54 20
10.820524323331092 9 14 15
10.443744173858382 38 52 21
10.914418942836944 14 16 22
10.123355636259271 5 11 11
10.561310278127232 38 53 18
10.450842425670837 37 51 20
9.95419306539357 53 62 42
10.288575730762618 34 48 7
11.97736011357301 54 65 27
10.565091378325361 35 49 8
11.407965608756433 42 56 13
10.015979586982656 37 51 17
11.081034676812822 37 52 15
11.797522033442998 37 50 15
11.267213690421869 34 48 9
11.192854876565217 55 67 22
11.86645401193231 54 66 21
11.276494358549675 31 45 6
11.56965874686748 47 61 18
10.882913390635267 14 16 22
11.908639878428886 37 52 16
12.604312952847328 38 43 28
11.16098781632945 31 39 27
11.429569995325382 46 54 27
11.645627947666137 6 10 6
11.268471004261714 43 52 28
12.714849142514675 39 52 17
11.021348479516123 6 10 10
11.136840983051052 14 18 22
11.136840983051052 14 18 22
11.798058105166096 50 57 39
11.381456126028873 44 49 33
10.174351681611277 11 15 17
10.033950725456373 20 23 26
10.174351681611277 11 15 17
11.42593381441096 51 63 26
11.032438468039604 51 64 28
8.941747530129021 53 60 36
12.106110346630135 43 57 16
12.28080491962508 46 59 16
12.102677430140936 53 65 22
12.102677430140936 53 65 22
13.979841448777705 54 65 27
15.055435005157811 54 66 28
14.980182290126809 51 65 27
14.508237942361275 53 64 26
14.23278170066954 48 61 24
14.171532616058718 52 64 27
14.180712197810038 52 63 23
12.81829112965367 54 65 27
12.492996147813592 53 64 26
12.32239092116512 55 66 28
12.520450860131785 54 65 27
12.469881696237854 56 67 28
13.008803142930564 53 64 26
12.01115286958749 54 66 21
13.08646576526106 54 65 27
12.910405996491061 55 66 28
12.910405996491061 55 66 28
12.674855264672757 55 66 28
13.833997513374447 53 64 27
12.307368626328627 55 66 28
11.357207164506095 54 69 32
11.764741873343041 60 75 37
10.923805338495981 53 67 30
11.823938476727797 63 78 43
11.968559492545912 56 70 33
11.321077159598069 54 67 28
17.201635952899924 57 73 39
12.297297286596637 56 70 29
12.576221586668627 53 65 22
12.297652178870663 55 69 30
12.3013854673679 52 64 20
12.831806025706785 52 63 22
12.576221586668627 53 65 22
12.922794371853547 56 70 30
12.464912696985376 52 63 24
11.93887698082393 55 66 27
12.393486732150924 58 72 30
11.634266203211228 54 65 26
12.245806642770823 53 64 26
12.322018832775484 62 76 38
11.634266203211228 54 65 26
12.431633525840153 52 64 23
12.008056256838687 55 66 28
11.33661700451079 53 67 28
10.091614797907075 13 15 18
10.752051578785832 34 50 54
10.105797180384906 38 57 35
10.473237663000372 50 69 40
10.741031268567498 50 66 39
9.494933578751628 46 65 40
9.626748524975078 55 74 46
9.508628997600416 53 72 47
10.421880563452424 53 69 44
10.364082882086088 7 9 12
10.210361353398303 8 11 14
9.279179054731568 25 29 26
9.992142021642143 20 24 26
10.206290815973608 11 14 19
9.487890027979171 49 56 50
10.206290815973608 11 14 19
9.487890027979171 49 56 50
10.243169941658907 43 48 49
9.777083869391209 40 48 51
10.271721483878315 53 60 60
8.959928511552363 50 64 35
8.959928511552363 50 64 35
8.517075829252153 51 66 37
9.373992860346439 52 66 35
9.126595143574004 50 66 37
11.053769915070513 32 49 42
11.277030165461928 68 82 83
12.278641843370343 41 59 37
11.369112940366561 50 62 64
10.708454475887152 68 77 77
10.774692294030032 47 61 61
10.551769320713603 51 61 62
10.515972497305016 13 20 20
11.513102196632596 53 72 47
11.610847683920783 52 71 44
11.50179379231796 51 70 45
11.197713479560283 52 71 43
12.253283045935216 54 74 46
12.253283045935216 54 74 46
12.086262330155888 60 79 51
12.16070243261881 53 72 45
12.21640176701493 58 77 49
12.35381441015545 54 73 48
11.998938242985872 53 72 43
10.259313005535844 58 77 47
10.049539372352077 57 76 47
9.936447043453322 54 73 46
10.616324827053974 42 61 35
11.893443381156873 52 71 46
11.505785316322036 55 74 48
10.77726593390082 53 72 44
12.12539926216318 48 67 40
10.514658234879631 55 74 46
10.820284714115736 55 74 44
10.621595903884895 55 74 45
11.532859029653176 59 78 48
10.989686194909304 60 79 49
11.657502151221413 72 85 51
11.657502151221413 72 85 51
11.754555390044876 57 76 48
10.84784199429813 57 76 48
12.100819565911037 55 74 46
12.18427105659444 55 72 42
12.627832458723837 69 83 52
12.180501872922857 64 81 49
11.22211823509093 57 76 48
11.400112486120038 61 76 43
11.970535750783453 65 80 46
12.627832458723837 69 83 52
12.05538499747782 54 74 47
11.973259140737033 55 72 41
11.710051226018196 56 71 40
10.944132073570822 54 71 40
11.39272303935172 55 70 33
11.577036450951002 58 73 40
11.575886401171122 56 75 43
12.4296034714384 54 73 43
11.254776075436764 57 75 43
11.615947927626316 60 77 45
11.245575876173739 57 70 34
11.285630246355703 59 74 38
11.471664429921725 57 74 40
12.287997523398756 65 80 42
10.65146666621429 46 55 39
10.055179879220145 15 17 23
10.3117312489054 23 30 20
10.478517241892986 37 51 19
11.167630190575574 14 17 23
9.950945819639538 16 18 22
10.258375827602048 13 18 23
9.666028783478463 17 19 24
11.276494358549675 31 45 6
11.16646061187374 35 49 10
10.2023735132032 32 46 7
11.283696525063572 49 60 35
12.211837157545839 48 57 29
11.170648383833537 8 12 7
11.759749222759705 47 56 29
11.42593381441096 51 63 26
12.284674618541137 40 53 18
11.847987530755589 23 28 13
9.47072263047895 51 56 41
13.470805244928485 53 64 26
13.605852617566752 53 64 27
11.925373756362543 54 65 25
11.469240940106088 40 54 15
12.012395513621872 42 56 15
13.448381452868063 52 63 24
14.180712197810038 52 63 23
14.517204618702378 54 65 25
14.508237942361275 53 64 26
12.71737332366399 57 68 28
13.073339960756204 53 64 26
13.008803142930564 53 64 26
13.322508058193188 54 65 27
11.75760036073561 54 66 21
11.819085837131498 53 64 26
12.88804018317428 55 66 28
13.072321550347336 54 65 28
11.968194841707145 54 65 27
11.654330506628353 54 69 31
11.558104724497682 53 66 29
11.94331553973451 59 74 39
17.201635952899924 57 73 39
12.63793563202915 53 64 26
11.908369004343115 56 69 29
12.03661713518762 54 65 23
11.809567470815985 55 67 28
11.33661700451079 53 67 28
12.74573170973346 54 65 28
11.476041067503537 54 65 28
12.43661582165717 59 73 35
11.75480823370243 55 70 32
9.586109842673558 40 59 34
10.105797180384906 38 57 35
9.669852599240471 0 2 3
11.118903473879385 52 66 37
9.508628997600416 53 72 47
10.860431340181282 51 69 38
10.136769900164945 54 62 62
10.708454475887152 68 77 77
10.791019001207452 35 53 35
9.840589959734753 4 9 14
10.087606030864027 19 23 24
10.050156078412263 21 25 28
8.959928511552363 50 64 35
10.579075528072869 35 45 46
9.373992860346439 52 66 35
8.894806569698337 52 61 40
9.426416188735057 49 54 42
9.126595143574004 50 66 37
11.186086242346951 51 70 43
11.485177868388922 55 75 48
11.513102196632596 53 72 47
11.908714261591925 62 80 50
10.820284714115736 55 74 44
10.049539372352077 57 76 47
9.923342083101335 53 72 46
11.96635841480949 51 70 43
11.302251290062356 53 72 42
10.983232822425064 55 70 37
11.788479805353374 67 84 50
11.83769365801483 69 84 52
11.070961789345002 62 77 43
11.17138441180903 65 80 46
11.710051226018196 56 71 40
11.301722433369054 57 73 40
11.670312739231228 56 74 44
11.532859029653176 59 78 48
11.83769365801483 69 84 52
11.400112486120038 61 76 43
11.403257806121193 57 71 37
11.105801323796001 58 75 44
11.344452896550518 59 75 41
11.344452896550518 59 75 41
11.403257806121193 57 71 37
10.560007816979079 57 75 45
12.33521860993287 64 79 42
10.636129904621788 33 47 6
11.08463849434059 44 58 15
9.666028783478463 17 19 24
10.406117233605345 13 15 21
11.579751217286141 50 63 19
9.324185160644806 37 41 37
11.281625275122737 14 16 20
11.613203350582701 13 17 21
10.871324632434685 40 53 18
11.032438468039604 51 64 28
11.377804568631758 47 58 30
11.692654832192074 25 31 19
11.761134001001459 49 61 17
15.402698673467862 53 64 26
12.103777426566982 55 67 22
12.901354512568037 53 64 26
12.974406132782633 55 66 28
12.412323829587528 63 79 43
12.283904887014582 57 70 30
12.562562672526063 51 63 20
12.368537339593773 50 62 17
12.283683511741812 53 63 24
12.393486732150924 58 72 30
11.879499793842765 53 64 25
10.741031268567498 50 66 39
10.215445792023228 52 71 46
10.860431340181282 51 69 38
9.341621858625476 4 7 7
11.398489706369684 27 43 46
12.573631415878223 47 64 40
12.07272237464216 26 40 38
10.97313641394845 53 72 44
12.424027878730076 52 71 46
11.285630246355703 59 74 38
10.616324827053974 42 61 35
11.788479805353374 67 84 50
11.904379749062382 53 72 46
11.92733866886997 59 76 44
12.040772831675845 59 77 48
10.97313641394845 53 72 44
11.186086242346951 51 70 43
12.16070243261881 53 72 45
11.904379749062382 53 72 46
11.792881144500312 52 72 46
9.811695950408058 16 18 22
10.078090186374876 36 49 13
11.154800798195605 37 50 13
12.638280958930189 53 65 26
9.845534465543867 53 72 44
11.607524343543355 68 84 50
10.841304188254897 57 72 36
12.16070243261881 53 72 45
11.754555390044876 57 76 48
11.74780350892403 30 45 35
11.275274512054507 58 71 35
8.959928511552363 50 64 35
9.916931341024153 41 49 44
11.536839805689452 57 74 44
11.754555390044876 57 76 48
10.849069220310454 58 76 46
11.258442158764057 53 67 30
15.055435005157811 54 66 28
12.333472616414145 6 10 6
10.787065003343042 43 60 58
9.653123442845164 53 60 54
10.364082882086088 7 9 12
12.115244399353466 54 65 25
11.173111068679049 55 74 46
11.447548451637019 56 68 23
10.214402297784327 40 53 19
11.121223859213673 54 68 29
12.33521860993287 64 79 42
11.334432598125927 59 70 32
12.027497018829315 55 68 29
9.622621652274104 1 2 6
11.485177868388922 55 75 48
11.4944697135705 55 74 49
9.435808241248138 48 65 35
11.446984948521704 62 79 47
