12.477518299530388 28 34 33
12.18986721749077 34 40 41
12.75797072105719 24 27 26
10.47077323059294 41 48 15
10.849416848510877 40 46 9
12.581790901016067 28 33 30
12.161263536999906 41 48 38
10.410670895598479 41 47 10
10.536087401015683 17 19 17
9.537950052242438 42 53 18
9.628527250971585 47 55 30
11.005165536384704 13 16 12
10.580421279037997 17 19 17
12.671564755785807 43 50 18
13.27408234281543 21 26 22
11.881414982969519 45 52 17
10.498209634271092 47 56 33
10.006815699857519 42 48 10
9.842144389133855 40 46 7
9.886069284462904 40 46 9
10.320716181130988 43 49 9
11.082513871813557 44 50 12
9.649696944926227 44 50 10
10.255376024507337 41 47 10
10.028935266527887 45 51 10
10.101450248587168 43 46 10
10.094760181880698 41 47 8
9.992244990378762 43 49 11
10.068121700743006 42 45 9
10.202868239206873 41 44 8
10.487138501171195 42 48 9
10.149189971538123 44 51 12
10.193647872244284 44 51 12
10.134156395620165 41 48 9
10.359101713268911 44 50 9
10.411848464173422 42 48 9
10.300565868603023 41 47 10
8.855965545307338 48 61 24
8.919904872017527 49 62 27
8.765458185411527 48 63 27
8.979917595572111 44 56 26
9.232463845622421 47 57 27
9.16350557299821 48 61 28
8.508604402869631 49 62 27
9.48804480802781 50 61 23
9.464992655225783 51 62 24
9.157469101002782 46 59 22
8.919322233686806 45 56 18
9.689737725602221 51 63 25
9.770061866502866 47 58 20
9.540838242897227 46 59 22
10.435241703300058 42 48 7
10.36644369155318 41 47 4
10.957309133523717 41 47 6
12.166817365743649 43 51 10
11.156072754761169 46 54 13
10.978174684266607 45 52 14
11.611427587758238 47 53 16
11.46134194474909 47 54 15
11.516549546145354 47 54 16
11.310210022842753 46 52 14
11.517477870022446 44 51 12
11.980622409280796 46 53 17
14.49052650997333 47 57 18
9.650812837667033 47 60 28
9.380917398714663 48 61 24
9.341850219087405 47 60 25
9.58161124574438 44 57 25
9.570604985108321 48 61 24
10.342902305730473 45 58 25
9.91604384352068 48 62 25
10.575480304956926 17 19 14
9.85403881889039 14 20 1
10.736475132774341 15 15 11
10.855593976717488 12 17 3
10.023730148000933 37 42 24
9.876182934710359 14 19 3
10.379967261716132 45 53 36
9.219646458034731 40 47 24
9.686994234445724 47 58 26
9.588433528540051 48 57 27
9.631703042033712 48 57 29
9.918415490737242 44 54 28
9.75225161552657 47 57 28
9.588433528540051 48 57 27
9.757387550240429 48 56 33
10.043401003791882 22 28 6
9.010894405556236 48 57 27
9.010894405556236 48 57 27
9.005332739829125 48 59 22
9.005332739829125 48 59 22
9.560384353284089 49 60 25
9.264311279349505 46 56 19
9.069970881780598 49 61 24
8.599967474872624 47 58 21
12.545798596022106 25 31 30
12.317850460458898 16 19 18
11.669949927892961 24 31 27
10.266689569928118 42 48 12
12.591014240247748 34 38 35
8.946477037683943 44 56 26
9.628527250971585 47 55 30
11.005165536384704 13 16 12
9.537950052242438 42 53 18
9.933617677742795 17 21 9
9.652773102688023 45 55 30
9.268628501435446 43 54 27
13.032156676253893 38 43 25
12.842612965027346 30 35 20
9.853932387518697 41 47 7
9.62096018851955 40 46 9
10.031731099632214 40 46 10
11.058255068962197 44 50 10
9.928565136684835 42 48 10
11.025133080583835 44 50 10
10.154482469437099 41 47 11
10.906274978031474 44 51 12
9.709511385889915 44 50 9
10.498351688279037 45 52 13
10.772299384601924 46 52 13
9.867634543688037 42 48 9
8.782243142282988 49 62 26
9.48804480802781 50 61 23
9.204491466107694 48 59 22
8.415632084561189 45 57 20
8.717294157248867 48 60 23
10.682782719382475 38 44 3
10.767109470949839 42 48 5
10.767109470949839 42 48 5
10.391817432064146 40 46 5
11.493206902344923 46 53 14
11.310210022842753 46 52 14
11.188807131913954 45 52 13
11.212783489565842 46 53 15
9.570604985108321 48 61 24
9.409501569701728 45 58 24
9.716313225809197 45 57 26
10.6601683660677 13 17 3
10.27660480700221 18 20 14
10.023730148000933 37 42 24
9.501075469940666 29 33 15
10.81722120642148 6 14 0
9.264311279349505 46 56 19
8.85237663169582 50 59 26
8.97021584257818 49 58 30
9.52205352100455 49 59 27
9.040648568371434 47 56 29
8.599967474872624 47 58 21
9.879339524918247 36 42 18
12.225231514940107 23 30 26
11.268469293879608 37 43 18
10.509105179718958 41 47 10
12.591014240247748 34 38 35
13.217432823671077 36 42 12
10.149189971538123 44 51 12
9.706299565950873 43 49 10
11.061074326618364 45 51 12
10.101450248587168 43 46 10
9.181293408419434 48 61 25
10.115212884023853 49 60 22
9.407812866712488 45 55 27
10.435241703300058 42 48 7
11.657592707037617 47 54 18
11.657592707037617 47 54 18
9.68863427699296 48 62 27
9.821400235954593 47 59 24
9.91604384352068 48 62 25
9.320141310910268 50 63 26
10.109201176079138 49 63 25
9.525390121520042 48 61 24
10.962692583027408 40 48 31
9.413136733742231 45 54 33
9.588433528540051 48 57 27
9.565623305125786 48 57 26
9.757387550240429 48 56 33
9.81492716092463 44 53 21
8.918123461283983 47 60 23
8.873506649364272 44 54 29
10.68538683263975 18 20 20
12.00535331165203 28 36 34
12.38143768250348 41 48 9
12.183455021950401 45 52 18
10.0834092803608 43 49 10
9.965332478098142 42 48 12
10.664778610173494 43 50 11
10.031731099632214 40 46 10
9.689737725602221 51 63 25
9.16350557299821 48 61 28
11.233637012819438 39 45 3
11.813411715139585 46 53 15
9.380917398714663 48 61 24
10.346949851635916 50 62 24
10.866282616818685 16 17 11
9.264311279349505 46 56 19
9.686994234445724 47 58 26
10.33329378274955 13 17 7
10.419950398777775 14 19 4
10.413464952550202 21 21 17
9.161204272022799 45 55 18
10.856761458544284 43 49 20
8.346550374788878 48 61 26
10.320716181130988 43 49 9
10.502980803474255 49 57 36
11.268469293879608 37 43 18
