12.008984001591358 51 63 21
11.607431512231422 52 64 20
20.071717417295243 48 59 62
10.721491397193285 32 44 7
10.965692563409071 38 52 16
11.558472245243774 43 57 19
10.900413505441945 38 51 11
10.972182704796404 39 52 13
11.210924534691541 31 45 6
10.801695916724965 45 61 26
12.090929731060996 33 47 12
9.014174426941345 52 65 28
9.674935936303923 48 61 25
9.339424706144849 51 66 30
10.557800307865056 41 51 15
9.5341712270496 45 56 18
12.343341389700988 60 68 21
11.253080456719502 43 55 14
10.678939485509392 46 57 17
11.368783394532983 52 65 21
11.414148018715222 56 68 24
10.128270482763245 56 67 26
9.564152977714054 52 65 27
12.283112236862912 60 70 25
12.00398184640921 61 71 28
11.69613374384059 62 72 30
10.098999541627006 54 68 29
12.838734862005824 49 59 19
11.72071786597243 57 69 22
11.578162496805534 54 64 21
12.974655609009188 47 58 20
12.028990306131952 57 67 23
12.689377749956948 34 48 5
14.684605287216495 51 63 59
15.15463550592763 52 64 63
12.812103382332507 38 45 47
12.376941224806174 43 52 54
12.539277849792505 52 65 67
12.574966802532684 51 64 63
8.757203563082697 49 64 29
8.706173386520907 49 64 29
12.213860582121814 12 19 19
11.57690522620886 20 30 27
11.520794200119479 24 34 31
11.309005319359736 52 64 54
10.818175856482366 67 80 69
11.554787187021443 47 57 50
12.413910671806272 29 37 35
9.64853005716831 49 66 43
10.030090108248789 52 66 47
8.450912584231874 52 67 32
8.849241928856507 55 71 44
9.61753661280336 53 68 60
10.431716560312552 53 67 46
10.264163099861198 63 82 67
10.105573751656836 56 71 58
10.180705297319669 68 87 72
10.75509670933035 58 76 56
10.983324825585285 52 70 52
10.943838901015969 49 65 49
10.114347976187386 67 87 66
11.30501961154942 70 88 76
11.7278707394876 60 72 25
11.05653275068699 59 71 28
11.938792143134641 60 70 24
11.308934381911993 57 69 24
12.035959977227431 60 73 29
12.48423559246879 58 69 29
11.183777191710101 60 74 31
11.699986215786595 58 73 35
11.063849529664484 59 70 30
11.05653275068699 59 71 28
11.212945505367811 59 70 28
11.910778814931264 58 66 21
12.079189876834294 60 72 22
11.594119097252795 61 73 27
11.764278675937009 61 73 27
11.769663425348448 59 74 35
11.509747494781694 60 74 29
12.247783782599981 57 72 33
11.597397650758088 57 73 27
10.6373355170523 60 74 32
11.266781581354447 61 73 26
11.780429417211616 58 75 33
12.030287922637319 60 73 30
11.288569080553918 61 75 34
12.030287922637319 60 73 30
12.07316721589182 61 76 35
11.863944216732017 59 75 31
11.270155359642345 59 77 34
10.474748981019053 59 77 35
10.474748981019053 59 77 35
11.447346710336454 59 76 37
11.270155359642345 59 77 34
11.179939935182984 59 75 29
11.023058854735613 59 77 34
11.294180637271422 59 77 37
11.580182671450322 58 79 40
11.67640849237164 57 77 39
11.739750666860974 58 77 38
11.191706143705048 57 75 35
12.06306411571253 57 72 45
12.241204621941357 57 74 37
11.739750666860974 58 77 38
12.045432182325477 57 77 38
12.631027699121203 57 71 54
12.33124609666975 57 74 45
11.899966639435096 58 78 39
11.544679782619399 57 74 36
12.580626772821274 48 61 53
11.957262829841621 58 72 60
12.688635831250254 54 65 64
11.800640267043566 61 72 32
12.156145781983527 62 76 37
10.886989226139246 60 75 37
11.110459285573606 60 72 29
11.217066016797235 61 78 40
11.399959434009169 60 74 33
11.340274956086246 60 75 36
10.620218025250502 60 75 36
11.771851647190477 60 74 31
11.766052274726384 61 76 37
11.653206646627856 61 76 35
12.194793818483706 59 69 25
11.997238441444718 61 73 30
10.266077573396746 60 74 31
10.266077573396746 60 74 31
10.983040606126004 60 75 36
11.614654153247404 58 68 24
11.275812632199885 62 79 43
11.514862369505266 61 84 49
10.484963670888003 61 76 38
9.14386462126087 48 63 27
9.897736095924616 46 61 23
10.018485725426826 60 74 35
10.039934138866093 61 75 36
9.882615637861084 60 73 32
9.912525564957058 63 74 33
10.104272023648425 61 75 36
10.026560037152526 55 70 32
10.59399915989007 61 73 30
10.039934138866093 61 75 36
14.37813794215249 67 87 58
14.460285908772706 61 86 54
14.98647208690884 63 86 61
13.61519781957454 60 81 49
13.786862444045488 60 82 51
14.027884389169898 62 83 54
14.027884389169898 62 83 54
13.715061827319907 66 93 65
13.957323715959744 66 90 65
13.61519781957454 60 81 49
13.93026314090499 59 80 45
13.958231628263949 71 95 69
13.71598577585233 69 96 68
15.920240425857614 58 79 43
15.75303207646057 60 81 46
16.024214043390774 58 81 46
15.520545379046961 60 83 51
15.563055913102257 60 85 53
11.350327747039671 60 81 48
11.28367691179204 61 84 51
10.86394629196009 60 85 53
10.89746017637384 62 86 57
10.766105468436724 60 83 57
11.335832487635564 60 82 56
11.631008737086539 53 72 45
11.348126857408209 63 87 59
11.783687234537178 58 79 46
11.350327747039671 60 81 48
11.633860473887614 59 82 51
11.090199406332783 63 87 60
11.28367691179204 61 84 51
11.11233312840801 65 88 62
11.414401363511772 61 84 56
11.6218683756868 55 75 41
10.991114369755367 59 80 43
11.425502115673485 65 89 62
11.150520452350738 61 79 57
11.701545948656651 65 81 62
11.433006511330623 59 79 55
10.868374609751802 59 80 54
11.701545948656651 65 81 62
12.300638565471273 55 72 57
11.825509784943819 75 85 74
11.599424384799732 73 86 74
10.611926843999054 61 82 56
9.910000753601167 59 79 54
9.719138595796213 63 87 61
10.045500451508643 57 75 52
10.118058448428606 65 88 62
9.41669765600925 60 83 56
9.523360632647861 49 67 46
10.495835701144669 65 89 62
9.663237507666604 58 81 54
9.863650989927441 61 84 58
9.321305404560274 60 81 56
9.570302964377314 54 74 49
10.518231521371106 53 70 50
10.71566755003076 58 78 53
10.71566755003076 58 78 53
10.120309018837824 55 74 49
11.39976205139633 72 87 75
10.253029748403875 53 71 47
9.7850650607329 49 65 40
11.08294758250074 56 70 57
13.770330783705539 68 86 64
11.20653297205229 56 71 59
11.598852188753366 59 77 57
11.768943334912146 55 73 58
12.71048376608576 68 87 71
13.316099766499175 68 87 69
14.266611180415364 68 92 69
13.046442894538831 61 80 64
14.265722894300762 64 88 65
13.407040474077311 70 94 70
13.407040474077311 70 94 70
13.39193256656914 69 88 72
13.725961128681673 65 87 68
14.472738508818068 67 86 62
10.803491335645562 56 74 61
9.756322177129924 51 69 46
12.119996545345467 55 69 31
11.210924534691541 31 45 6
10.820940702744746 42 53 16
10.582245361992952 44 55 17
9.184997626032352 51 65 27
10.566661826942992 36 48 10
9.063470627106742 50 65 29
10.128270482763245 56 67 26
10.523483877502557 46 57 18
10.634784084911132 57 70 28
11.69613374384059 62 72 30
12.385136889999936 60 70 28
12.302434003787607 54 65 24
12.126238186563803 52 64 17
12.617745539727816 33 44 6
12.754289651785422 25 35 36
14.84561506232001 53 63 65
9.083029198513541 48 63 27
11.083579477657894 70 83 72
11.726379025767338 11 17 17
11.95027792783374 32 41 36
10.272504735762748 51 67 48
11.653628320605936 26 36 33
11.490425427198977 67 78 69
9.416156451974176 53 67 43
10.435641804105174 54 72 58
11.068749409639288 55 70 59
9.737856657196074 52 67 43
9.032152205004722 53 69 33
9.511620927238166 59 76 43
10.686338529804218 47 64 41
11.212945505367811 59 70 28
11.22876068490958 59 74 35
11.54180996835775 58 68 24
11.910778814931264 58 66 21
11.600004427290068 58 71 30
11.910778814931264 58 66 21
11.266781581354447 61 73 26
11.597397650758088 57 73 27
11.137770914855755 59 79 39
11.288569080553918 61 75 34
11.111126709862223 59 76 32
11.594119097252795 61 73 27
12.247783782599981 57 72 33
11.447346710336454 59 76 37
11.179939935182984 59 75 29
11.998229779136905 56 70 26
11.441810273106789 60 72 27
12.082336806642305 52 67 23
12.07316721589182 61 76 35
12.180470440705658 56 75 39
11.748799318247682 56 74 39
11.739750666860974 58 77 38
11.971005645282974 56 73 36
12.33124609666975 57 74 45
12.045432182325477 57 77 38
11.971005645282974 56 73 36
11.624052892184498 61 78 40
11.281864012136726 60 76 32
11.722498055457848 59 70 27
11.079877527648033 58 72 31
11.399959434009169 60 74 33
10.996614750718646 59 71 28
10.707591971680113 61 76 37
14.754387137176565 60 83 50
10.039934138866093 61 75 36
9.890800867156281 59 73 33
9.846934927215262 63 74 32
14.52840403097583 59 80 45
13.543422810297951 67 94 66
14.168845950173246 62 83 47
14.168845950173246 62 83 47
16.147758074489055 58 79 42
15.62636760345063 60 83 50
12.283347659232403 55 75 45
11.090199406332783 63 87 60
10.766105468436724 60 83 57
11.738702390079121 59 79 53
11.773589098691366 59 82 49
10.84880118986004 63 86 59
11.092451472312744 57 77 42
11.294213085747897 59 82 50
10.874889130982607 60 83 54
11.773589098691366 59 82 49
11.348126857408209 63 87 59
11.740448637525512 63 88 56
11.832568339259392 61 80 58
12.55062742729437 68 80 74
12.092237725236727 75 89 78
9.321305404560274 60 81 56
9.299562249862763 52 72 46
9.579023471075272 64 88 62
9.41669765600925 60 83 56
9.685207201209673 51 70 47
9.685207201209673 51 70 47
10.71566755003076 58 78 53
10.65502207541903 57 76 51
11.456465879300268 73 88 76
10.804664266674115 57 76 61
13.315148069592905 67 86 68
13.940994195312213 66 84 62
9.739421904490657 45 61 28
11.812108652156699 64 83 68
13.726884343588534 68 90 71
10.897986731122415 58 77 61
12.34593908541822 64 83 68
13.315148069592905 67 86 68
12.027472572299947 68 89 67
10.547370564565346 70 89 75
10.890075812120244 56 75 53
11.365212684410393 33 47 10
10.081412209068707 47 59 19
10.289698663572642 56 68 27
11.814347659022737 56 68 24
11.303362571928531 54 68 24
10.92409191421818 45 57 15
11.784897225230061 55 65 22
12.282445104011638 55 65 19
12.063874885034588 44 57 14
15.20817502756609 52 63 60
9.587989945009108 54 68 44
10.448955954666399 52 71 50
11.421766196611193 63 82 67
10.908824047724092 61 74 63
12.185219235451743 41 49 51
11.57690522620886 20 30 27
10.08950428162677 49 65 48
10.250096087921834 53 70 60
10.758972617426068 60 72 23
11.508646424208962 61 74 30
11.997173540329898 59 72 27
11.557848465155288 58 78 38
11.707565570297977 57 76 37
11.607649066300182 58 76 34
12.18919192798681 55 73 45
11.046474373103441 61 81 41
11.317035204857435 61 78 40
11.308934381911993 57 69 24
11.580182671450322 58 79 40
11.572519888551847 60 75 36
11.55017086498127 59 74 36
10.733293839949312 59 75 31
11.238913221684417 58 78 41
11.94834137956207 57 74 35
11.607684573225796 58 70 27
11.766052274726384 61 76 37
11.217066016797235 61 78 40
12.269928537986088 58 72 33
11.653206646627856 61 76 35
14.754387137176565 60 83 50
10.532653159799581 60 73 31
10.039934138866093 61 75 36
14.439799075237152 65 91 61
13.542487088504943 64 91 61
14.027884389169898 62 83 54
15.794916906818052 59 82 48
11.009317080210675 60 83 57
10.004105333035 54 77 50
10.000788880421293 52 68 45
11.109347517879392 59 80 54
11.350327747039671 60 81 48
11.385523350878849 63 80 58
10.942670383780248 56 73 53
11.001730352229904 60 79 58
10.651694826671406 65 89 62
10.89746017637384 62 86 57
11.832568339259392 61 80 58
13.79770502764516 65 85 60
14.334765600483363 63 83 58
13.045471525563459 60 78 61
12.472617137510401 58 72 50
14.334765600483363 63 83 58
12.557823346018662 47 60 23
11.318791905708688 36 50 11
9.628770750333695 49 61 22
10.695544312833942 59 71 27
11.79245695551144 58 68 21
12.051259161660118 38 49 11
12.952042326844117 53 65 61
10.280129455065842 49 64 45
10.113828223450062 51 69 47
11.101293718385172 59 70 21
10.733293839949312 59 75 31
11.021909164876538 58 78 36
12.242609329895336 60 72 24
10.42297594570408 59 74 36
10.713507838839115 60 81 44
10.42297594570408 59 74 36
13.786862444045488 60 82 51
13.958231628263949 71 95 69
10.104272023648425 61 75 36
9.17511689626895 62 83 58
11.740448637525512 63 88 56
11.738702390079121 59 79 53
14.05690808878299 65 83 52
13.80046008865037 69 91 72
12.263640039754979 63 82 65
11.607431512231422 52 64 20
9.882615637861084 60 73 32
11.311434986203288 61 76 36
9.4190817494511 53 68 32
10.053808788250457 65 88 62
13.957323715959744 66 90 65
11.29461362589731 59 73 32
11.534796374346593 61 72 23
11.227229128808638 58 82 53
8.8829215817242 53 67 30
10.880313023683275 63 83 64
11.046474373103441 61 81 41
9.579023471075272 64 88 62
11.678331282288633 59 69 25
11.079877527648033 58 72 31
9.272013285139613 64 87 61
12.360782319808617 57 73 60
9.664021501896364 52 68 51
13.725961128681673 65 87 68
11.814592422189383 60 81 52
