22.00563281730108 17 22 9
16.781044017478408 13 18 12
16.360527782006603 64 72 64
13.966769693047688 6 15 17
13.26334665037322 4 15 17
15.91444440973392 57 65 57
16.379511222198445 67 75 68
13.407139005966961 22 42 58
13.85872693707102 23 45 34
12.748046618613 45 65 26
14.238116341452423 43 58 31
12.748046618613 45 65 26
13.175870099987216 47 63 24
12.990682975979594 46 62 31
13.09716642991283 1 8 13
13.11748989750667 2 12 14
14.463516124436216 44 58 28
13.584316473249208 23 40 32
13.428255516369381 42 61 31
13.663616402444266 44 64 22
13.453735383694807 40 57 41
13.921138053118124 45 58 35
13.34993326029807 5 16 20
13.519888606863466 41 60 33
13.240851961273131 51 68 49
13.614164153024266 0 18 36
12.784809975473063 4 30 53
12.378342747976546 0 19 30
12.820316135242093 4 30 52
12.366719373386998 3 24 47
12.588836142435897 8 35 58
12.588836142435897 8 35 58
12.465469711153828 5 31 55
13.192549066091757 46 66 22
12.864922259121704 26 50 61
13.61183435824242 35 60 81
12.25698347184268 6 33 54
11.753690968572515 46 68 32
12.653330859915918 43 65 41
11.753690968572515 46 68 32
13.230150528401149 4 25 33
12.209805589703539 10 35 49
11.707193988454122 52 71 33
12.212402856425014 3 29 49
11.884448312231827 45 68 29
11.498377380046508 45 68 64
12.335729116666052 8 35 37
11.822920822260311 2 25 45
11.72758735534981 1 20 33
11.968654228904873 1 22 40
11.968654228904873 1 22 40
12.062082558296396 3 29 50
12.123457328431849 2 14 20
12.520318720660873 39 61 34
12.320989068826227 1 23 44
11.745958061473296 51 70 38
12.249568287340214 3 29 49
11.663231189132434 38 60 56
11.836147716229872 0 19 38
12.8998964628167 55 69 33
12.15932733206644 50 69 42
11.871819636001247 24 45 40
13.243427694828346 36 50 10
11.055220480903735 51 67 22
13.593968156742449 42 59 29
14.075191674892057 38 52 22
13.556758666563521 37 51 15
13.796202768224557 37 52 16
14.221926646139536 40 54 25
14.329448571892817 39 54 12
14.711062992571163 40 57 24
15.039653727209965 44 61 25
14.762995381774829 45 63 23
15.14136992087334 39 56 20
13.140527072308954 48 66 22
13.09039347382887 48 67 22
12.711514128406485 49 67 23
13.28263152187882 50 68 24
13.063402706914651 51 69 25
13.340447545770271 52 70 26
12.990867162777851 40 54 11
12.49564368364531 40 54 13
12.73629162521093 38 53 10
12.976373247587347 35 50 7
12.384159868682532 34 48 7
10.535254875746071 50 67 21
11.895319711602985 51 67 19
12.826436685567202 50 68 22
12.789792593731942 50 70 23
12.059295905958082 50 68 22
12.185562534789833 50 70 21
13.773975066384155 52 70 26
14.170859163465678 52 70 26
13.773975066384155 52 70 26
13.28216552356883 52 70 26
12.9097278277877 50 71 22
12.213986497265408 49 67 23
12.23318469918907 48 66 20
11.780667965785428 48 66 22
11.638218326986332 51 69 25
11.8454546553094 48 69 22
11.485532967855361 50 68 22
13.141816425736435 54 70 25
12.45699324463363 53 70 24
12.675724374670255 52 71 37
12.240436255022878 49 70 34
13.205543051928283 55 72 38
12.709864617178274 53 70 36
13.205543051928283 55 72 38
12.709864617178274 53 70 36
12.43509223481704 54 72 36
10.675801997476242 49 65 19
11.713199941680317 47 63 19
10.445385494318874 46 64 20
10.20416214750338 47 65 21
10.69716218531751 47 65 21
10.21161603154779 47 65 21
12.116337969833381 48 66 22
12.116337969833381 48 66 22
11.60092477616375 50 68 24
10.550348027027782 54 72 31
11.821897268713762 57 72 33
12.836514403826124 57 74 36
13.07637984581821 57 77 38
12.503451686239854 51 69 25
11.632603193718962 51 69 25
12.672583850060805 57 77 38
12.715551177130653 56 76 37
12.461457109942241 54 71 32
12.461457109942241 54 71 32
12.035286258890094 53 71 27
12.555587290287386 54 72 28
11.670186211709195 55 71 32
11.510033333672222 54 70 29
11.979136627898496 55 75 35
12.357542808536724 60 75 37
11.996067067572154 54 71 33
12.533858559740704 62 82 44
11.405207731031103 63 83 44
12.45416366923594 58 77 38
11.996067067572154 54 71 33
11.704183144780538 59 80 41
12.47435055058498 63 84 45
12.474694543892083 60 75 37
12.570414965255111 62 82 43
11.991294436452364 64 84 45
13.111096429006762 60 80 42
12.296832650059976 58 79 40
18.879766400309624 59 78 42
18.908633996977866 57 77 39
18.84972810134541 57 77 39
16.377349675930116 60 83 50
16.64712353850603 60 81 46
16.09609432663958 67 87 52
11.045444315232269 23 37 28
11.88661329793398 0 3 2
11.642929753996796 41 61 33
11.71623626128398 43 67 36
11.355934842154054 33 48 40
10.744678029028298 44 62 32
11.776720387786801 48 67 38
12.286643542843095 51 72 37
12.5710583641647 53 74 39
12.65536923103231 52 72 43
12.34433313349796 56 76 41
12.450905209588175 50 70 41
13.074427256818113 53 74 38
11.07113523111079 54 70 26
10.625626228678438 56 71 31
13.228820167324338 46 62 19
16.806442848234312 30 43 2
16.765881197940327 33 44 6
16.134468597630075 31 42 3
11.835326636912725 54 74 34
11.363077953796862 54 72 30
11.522520925063402 54 70 30
16.34195472798354 62 83 44
17.09561499162551 60 81 46
16.665666320103757 61 81 41
16.665666320103757 61 81 41
20.865282917620693 52 66 26
13.161740569027698 0 8 0
16.360527782006603 64 72 64
13.485129012501616 41 61 28
13.757061084079275 47 59 36
14.205114342888999 42 63 24
13.471166894652207 43 59 44
13.11748989750667 2 12 14
13.195907403450953 4 14 15
13.53270893659674 46 67 22
12.958091505815002 45 58 42
14.132447466740514 48 61 40
13.277368054449427 40 59 34
13.277368054449427 40 59 34
13.352308753308346 19 41 56
11.837941640953304 24 41 30
12.101464575660005 0 13 16
11.822920822260311 2 25 45
11.871819636001247 24 45 40
11.537843042465015 44 66 62
11.940883382085472 4 30 51
12.074179482642947 57 75 43
13.409504364986157 37 64 88
12.51862258128779 0 18 30
12.356979804048766 57 76 48
12.421637364626562 5 31 52
13.164971266584065 51 68 35
13.310287186333634 8 32 54
12.209805589703539 10 35 49
11.545715338400303 44 68 61
12.722485223352583 49 69 26
12.450539006368107 44 68 50
15.99343410397957 24 34 16
13.599264569605007 36 50 18
13.385222709059802 37 51 12
13.076354563594844 34 48 8
14.329448571892817 39 54 12
14.529587270032996 38 53 20
15.090455344531149 45 65 24
12.401886210318732 50 68 24
14.407278218388985 42 58 24
13.09039347382887 48 67 22
13.507378043168417 48 65 22
14.949423842333996 41 59 19
12.63980791342913 35 49 7
12.990867162777851 40 54 11
10.447189676662065 48 66 22
11.505946692245027 49 67 23
11.235418658935734 48 65 19
11.885010704630218 48 64 18
12.91840790208191 50 71 22
12.076649132184773 50 68 24
12.357674717611314 51 69 22
12.0398204313173 50 68 24
11.957373628749277 51 69 25
12.709864617178274 53 70 36
12.365200304064055 54 74 39
13.859969198019636 55 75 38
12.738427728658458 50 68 24
11.360052701959695 50 68 24
10.793576428264176 46 64 20
12.417610599528526 59 76 38
12.417610599528526 59 76 38
12.672583850060805 57 77 38
12.00643925014076 56 73 35
11.877025013273055 56 76 36
13.07637984581821 57 77 38
12.216605247315126 55 73 29
11.070360456463867 54 70 30
12.296832650059976 58 79 40
12.708403563603698 62 82 43
12.336469134115811 62 82 44
12.570414965255111 62 82 43
12.47435055058498 63 84 45
11.704183144780538 59 80 41
16.377349675930116 60 83 50
16.165037664945142 61 84 49
16.64712353850603 60 81 46
10.857814366246846 40 60 35
10.838314786097648 43 63 41
11.88661329793398 0 3 2
11.921237387098572 49 72 38
16.113228334704814 29 43 4
16.9012679975942 28 40 3
12.01509790757837 55 74 33
11.82316943446797 54 74 33
11.70709654845309 54 71 27
16.971619304146397 59 80 47
16.888831298516372 56 77 40
17.013430364472722 60 81 42
21.718515802844138 47 63 21
16.38855061648022 22 28 21
14.15696306650153 42 57 33
12.096733938857907 46 65 25
12.921009657137157 51 67 22
13.09716642991283 1 8 13
11.501135307578432 1 25 43
12.748046618613 45 65 26
12.958091505815002 45 58 42
14.252511590870482 5 10 7
11.707193988454122 52 71 33
12.25698347184268 6 33 54
12.165052085254258 5 30 48
12.51591494593292 4 29 53
12.457699520971135 36 51 8
11.972737957461005 48 64 20
12.584327602444286 47 63 19
14.762995381774829 45 63 23
13.838287429893779 52 70 26
12.243200540567374 50 68 22
11.334892325630486 52 68 22
11.57974981828083 48 69 22
12.729812894138401 51 71 24
13.585264110755562 38 53 14
12.430182716614295 52 70 26
13.233036299639844 51 69 25
11.25404233846679 46 64 20
12.861849181651177 49 67 23
12.83486005009143 52 70 26
12.45416366923594 58 77 38
11.263592246050433 1 8 11
13.842889787013599 53 74 41
11.35408883306492 49 68 37
12.80120108612786 53 73 43
11.07399956180262 52 69 28
11.216642655009224 55 72 30
16.685617243059124 28 41 3
20.865282917620693 52 66 26
16.75624848243739 62 83 46
13.526767981114007 21 45 34
13.626736415446608 3 14 18
15.475584997263509 46 55 45
12.386356699567616 47 67 30
13.385364538073944 51 63 45
12.947319672880916 8 34 56
12.937681076978695 7 19 16
12.712359717073078 44 68 32
13.213519025401668 15 36 43
13.348826701055867 3 22 40
12.367742838723816 4 28 49
16.9452848572099 65 71 64
13.169640425876484 34 48 6
14.197087254487707 39 54 11
12.841247675950367 50 68 24
13.445578868014547 35 50 9
12.962345058135854 51 69 24
13.127981480872403 53 72 36
10.386518836475728 45 63 20
11.29248153066427 50 68 22
12.377518904632092 50 68 24
11.877025013273055 56 76 36
12.012616431277072 60 79 40
11.429082430204646 54 72 28
18.820770154094227 58 78 40
11.68008918719778 40 60 37
16.940127223988753 20 35 0
12.798723305791833 52 73 38
16.94075836346532 35 47 4
16.56948016891807 58 82 44
16.30930385610226 64 85 50
12.382427230976624 3 32 46
15.871076190442352 65 74 61
12.19427250639769 64 84 45
16.64712353850603 60 81 46
14.151134768054563 42 62 26
11.465688829487396 56 71 30
13.481222147284415 52 70 26
13.340447545770271 52 70 26
13.572181475687415 49 67 23
13.11802462924687 56 76 37
13.365631714681378 52 70 26
12.325788463529907 42 67 53
12.15932733206644 50 69 42
12.124501328261168 0 17 25
12.947319672880916 8 34 56
11.869147841377774 51 71 38
11.735194310185891 51 69 25
10.178630147794847 44 63 43
13.293474262088607 51 72 39
14.045117015376539 40 56 29
10.827591924754417 53 69 23
16.165037664945142 61 84 49
10.182988634951878 41 60 34
