21.949856239139514 15 9 3
21.34996246290704 13 11 3
13.095439544818632 20 25 0
12.621763714689601 22 27 0
11.70805720918066 33 37 11
11.367094122260982 33 38 10
12.32923400371821 36 41 14
12.992460600530714 32 37 10
12.088930320310984 35 40 13
12.177187191521579 44 46 22
11.441659558133697 38 43 16
12.306142549164136 27 32 5
12.177187191521579 44 46 22
12.147978005052567 35 40 11
12.153419057291403 37 42 13
11.195671215038118 37 42 15
12.309124694406961 36 41 14
11.711594099553164 42 44 18
11.79978146640012 43 48 19
11.711594099553164 42 44 18
11.736257046772275 42 47 20
11.949425706303602 42 47 20
11.970533050937266 41 46 21
12.777508047332518 39 41 19
11.373550078518257 40 45 20
12.015906226669564 48 50 28
12.067007304763615 39 41 19
12.312107094653408 45 50 25
11.964192959238177 45 49 27
11.546989096970645 48 50 26
12.015906226669564 48 50 28
11.965224500563625 35 40 15
11.770256406198522 47 51 29
11.39314308401738 41 46 21
11.946569775653495 35 40 15
12.849428101894288 43 48 25
11.886919137666634 48 50 28
12.22521083683084 45 51 26
13.366441511003014 48 52 25
11.886919137666634 48 50 28
12.503915060011513 47 49 27
12.74773804435609 47 51 29
11.641477622932305 50 50 28
11.856350470857 47 49 27
11.733750917721501 44 49 22
11.752743447530053 43 48 23
11.2376114883458 48 53 28
10.96183303748888 35 40 11
11.343133180691073 35 40 15
12.149827961355077 36 42 19
11.340986390144003 34 39 14
11.382834754966536 32 38 13
11.478264009048521 34 39 14
11.598898447007883 35 40 15
11.898886100243137 34 39 14
11.910022466248062 36 41 16
11.804794567062634 34 39 14
12.38754476301363 34 39 14
10.876304919993537 36 41 14
11.15777271732586 30 35 10
11.519613683577292 32 37 12
11.01541328533337 31 36 9
11.214307359011583 30 35 9
11.550442073062218 30 34 12
11.412981640148354 31 35 12
11.668243850395216 32 36 14
11.296797117428344 36 41 16
11.51958354458497 37 43 16
11.122101969941069 35 40 15
11.976477257933269 36 42 15
11.508099525937675 35 41 16
11.426660923899854 35 41 14
12.280997899040914 45 50 23
12.049712487792666 43 48 22
12.025692409306133 38 43 16
10.92598684975463 36 42 15
11.832763862471698 40 46 19
11.817006346058927 45 50 24
12.5904403194697 40 45 18
11.95987716009533 45 51 25
12.049712487792666 43 48 22
12.334768980240735 45 50 27
11.292006633539675 42 44 18
12.40925527346474 49 55 32
12.551635291773021 46 52 29
13.343479130676307 44 50 25
12.72463005905874 42 48 22
11.295090612289782 34 39 14
11.598270639035658 34 39 14
11.238962336842167 34 39 14
11.806669908881682 37 43 18
10.815079738986997 34 40 15
11.098725244322864 35 40 15
11.752985016854748 35 41 16
11.896624710739813 38 44 19
11.438700514949975 34 39 14
11.843347583234442 36 42 17
11.227160357320212 36 42 17
10.728381748033577 35 41 14
13.72665643749465 41 47 22
14.13570371982896 44 50 26
14.0124128798914 46 52 29
13.471461950231442 40 49 23
13.471461950231442 40 49 23
13.471461950231442 40 49 23
14.057471758727685 46 52 29
13.23597947081152 46 52 30
11.329521648092198 54 57 28
11.328431159076784 52 57 28
11.921308662962266 49 54 27
12.213379773026656 47 52 25
10.995982065078172 48 54 31
11.64675165205478 46 54 31
12.579364012992949 45 50 22
11.634332362445695 49 54 27
11.099583600311785 47 53 30
12.725036589257595 50 55 27
11.122991899241171 52 56 26
11.375724417246895 51 55 26
11.838171669910315 51 56 28
10.674113596871043 54 56 25
10.623697453697647 56 58 28
11.128279767951216 55 58 29
11.095197525266164 56 59 30
11.297477735602424 56 59 30
10.81145946837659 54 57 26
10.649753560440256 54 57 26
10.708970465408425 53 57 28
11.894735374479769 47 53 28
11.894735374479769 47 53 28
11.470955501352766 45 50 23
11.545289500695512 52 58 36
11.101120066031358 48 53 27
12.199300531665397 49 55 32
10.474046157690086 49 53 31
11.644004645295345 50 56 32
10.942566131102712 51 53 32
10.85802408143844 49 55 32
11.913471264632772 49 53 31
11.49038241567032 48 50 28
10.721274746766568 48 54 29
10.770087160195686 48 54 27
11.429430844194169 49 55 30
11.618082579143094 45 51 25
11.913471264632772 49 53 31
11.240229308044722 50 56 34
12.364536074219417 52 57 35
12.364536074219417 52 57 35
10.961373584444283 48 54 29
10.71626051097368 56 59 30
11.116359197514887 55 58 29
11.515110889699818 49 53 31
11.556328723237577 50 55 30
11.391421590295412 55 60 35
10.44640482959776 53 58 31
10.68074569593743 55 60 33
11.227360347501008 50 58 35
13.879894118483389 56 65 44
13.978077951185911 57 65 43
12.33915756011225 57 65 43
12.127387966080121 56 66 43
12.470750050584583 57 65 43
12.33915756011225 57 65 43
11.369685304162955 60 62 36
11.401971162251684 60 62 36
10.945953697378059 59 59 29
10.820291117896248 58 60 31
10.844735816873756 58 60 33
10.99422996251509 57 61 34
11.724988329335725 59 61 35
10.65756007203978 59 62 33
11.035814156485982 57 60 31
11.874961895140684 57 65 43
12.01164091795635 55 65 42
11.091856624511898 56 61 36
11.543181349482952 59 64 39
12.3367739066781 58 64 41
11.706384081333193 58 64 41
11.852642108377488 59 65 43
11.967469549508078 59 65 43
11.325606944484722 54 61 38
11.72234748363136 28 34 9
10.72387622709673 39 45 20
11.045413078710633 35 40 15
10.277607060058552 37 43 18
11.116644744871063 37 43 18
10.07211940350296 37 46 20
10.83008106428017 38 44 19
11.086871184445744 34 43 15
10.646130584480925 49 55 33
9.973579975468628 37 46 18
10.47788930873726 48 54 31
10.365694059929856 47 53 30
10.471577684153313 47 53 30
10.632541456838357 37 46 18
10.629056268130615 42 51 25
11.633949473393514 42 48 23
11.442352059510787 40 48 23
11.50535168273368 39 45 20
11.133362369369832 39 45 20
11.816848770897543 39 45 22
11.216930617455352 37 43 18
13.33707827702157 41 49 26
11.768830297863929 48 54 31
11.894578829045027 43 49 26
12.23806210601989 46 55 29
11.454980543162202 45 51 28
12.002470522171238 46 52 29
11.96628058318777 45 51 26
11.621516502792728 43 49 24
11.97283610574861 49 55 32
12.091990409156402 51 57 34
12.807598931374356 45 51 28
12.509222930752811 46 52 29
12.896655570795518 44 50 27
12.102949094130102 46 53 29
10.821694059710783 46 52 29
11.165258365915642 42 49 23
10.59116230937431 55 59 37
10.70211473917243 58 61 30
10.72066368194054 58 60 34
11.03252148440519 59 59 30
10.800193962826674 51 57 35
11.175179018968958 50 56 34
11.284090306725414 51 57 35
11.184375600765927 52 56 35
10.49752931362172 49 57 35
10.40347212763513 48 57 31
10.365240516870768 49 57 35
10.418511443854644 53 59 37
10.099098763709302 50 58 36
10.246567377822142 51 57 35
11.4605969078257 55 57 34
10.79747057258764 54 59 34
10.860832620891506 54 58 36
10.03458457974923 54 59 34
12.027564175653392 51 57 35
11.590472589784145 55 62 40
12.584640061387189 50 58 35
12.147198684804728 53 61 39
11.380699682707913 57 63 41
11.255082737714122 58 64 42
11.793991992895064 55 65 41
12.065618265831622 55 61 39
12.098059541073226 58 64 42
12.475088865023485 55 63 40
12.58755622735337 55 63 41
12.37566426488916 57 63 41
13.022228138568954 56 65 43
12.19471188888545 54 64 40
12.471155826124287 52 60 38
12.633413392333244 55 63 41
12.633413392333244 55 63 41
12.914895476555502 52 60 38
12.680079035835517 56 64 42
11.092346311918137 58 60 34
11.429907121786105 59 62 31
11.107564057063847 59 62 33
11.709951126162776 58 62 40
11.344672568277957 58 62 40
10.572386162671313 59 61 34
10.779457726079094 59 62 33
11.79254580268142 60 63 34
11.200960065958915 59 61 35
11.484026562790978 59 63 37
10.338923256282609 52 58 36
10.317328440782088 49 57 34
11.343615203127401 56 61 39
11.96485622316822 54 60 38
11.592358216654526 51 54 23
17.345795323366357 53 61 38
17.345795323366357 53 61 38
17.379812594316675 55 65 41
20.241526128569173 39 41 19
20.603848241230317 16 18 0
20.47006226567867 29 31 10
19.17919404899807 18 20 0
19.93355759445186 27 29 7
19.967714100199963 30 32 10
19.080930816929488 21 23 2
19.510515471295797 18 20 0
19.95838031367037 17 19 0
19.084395353569427 17 19 0
21.441863601359994 29 31 5
21.538006868561897 33 35 9
21.098005335871246 32 34 10
12.384761829424349 35 40 11
11.678702804583672 29 34 7
11.922737216195964 40 45 18
12.003260241465776 34 39 12
11.771733806042977 24 29 4
12.242220167878243 44 49 22
12.180828215313866 38 40 18
12.113214100381766 43 48 21
11.499990316396945 42 44 22
12.656656683676058 42 46 24
11.546989096970645 48 50 26
12.23201094384519 47 49 27
12.13161257978584 44 49 24
12.843320019613689 41 44 21
11.412703507183029 46 52 27
11.945537630730492 46 52 29
13.238758852902018 46 51 25
11.733750917721501 44 49 22
11.535940936954521 46 48 26
11.481933209293675 29 35 10
11.357435995306483 30 34 12
11.86941940540504 34 39 16
12.168769485964527 34 39 14
11.343133180691073 35 40 15
10.988639473216166 34 39 14
12.580540323937443 36 39 15
11.15777271732586 30 35 10
11.65750115590802 32 37 12
11.312218922463497 32 37 11
12.149827961355077 36 42 19
11.808331884224001 33 38 13
11.852639062772065 35 41 14
11.726872329279551 34 43 15
11.260501566350753 35 40 13
12.359186991632422 39 45 18
12.334768980240735 45 50 27
12.334768980240735 45 50 27
10.735220699646476 35 40 13
11.95987716009533 45 51 25
13.063361459020461 41 47 20
11.87434564287334 37 43 18
12.033057676212858 39 45 20
11.436097767949628 36 42 17
11.392307902580434 33 38 13
11.238962336842167 34 39 14
11.944130435832164 37 43 18
11.752985016854748 35 41 16
13.553076937872572 43 49 24
14.13570371982896 44 50 26
14.057471758727685 46 52 29
13.592096402226314 44 50 27
13.374122958061353 42 48 23
11.64675165205478 46 54 31
11.374638357701718 51 56 29
11.921308662962266 49 54 27
10.936093912216638 53 58 29
11.073503828993392 52 55 28
10.649753560440256 54 57 26
11.634332362445695 49 54 27
10.995982065078172 48 54 31
12.94653287272338 48 53 24
12.36436455930458 49 54 26
10.985076401556215 53 56 25
11.329521648092198 54 57 28
11.095197525266164 56 59 30
11.429430844194169 49 55 30
11.387753714617054 49 54 29
12.23580995622718 45 50 24
11.618082579143094 45 51 25
11.16057826394986 54 60 38
11.363836334413179 50 54 32
11.15530570547228 49 53 31
12.346484697530018 49 55 32
12.791284329565709 50 54 33
11.515110889699818 49 53 31
10.948176849729975 51 56 31
12.33915756011225 57 65 43
12.33915756011225 57 65 43
13.978077951185911 57 65 43
11.862353923454274 58 63 38
11.661056475987545 59 64 39
11.567166419545416 60 63 34
12.387929122955688 59 65 42
11.821587138796684 57 65 42
12.387929122955688 59 65 42
10.819149302388634 58 61 32
12.16369721291693 57 63 41
12.174592341148085 59 62 33
10.749216515536908 30 35 10
11.108473017526975 39 45 20
11.154483841712908 35 40 15
10.996270738346544 29 34 8
10.900454290145243 39 48 22
10.913708730598199 39 45 19
10.422515801198236 34 39 15
10.622834460735694 40 49 21
10.262328594094626 44 50 27
12.785002826425899 42 48 25
12.23806210601989 46 55 29
12.202570895954144 46 55 29
12.324867756533886 44 50 27
11.499604000681492 37 43 18
11.762191615690153 45 53 28
12.509222930752811 46 52 29
11.9904186768084 41 47 22
11.541947633678655 41 47 20
13.149221194692652 47 53 31
13.433389374339747 46 52 30
11.780089613406775 43 49 24
12.656679019651342 50 56 33
11.616859925309006 51 57 34
11.163278506238273 58 60 35
10.775616000708697 57 60 31
9.736549933646208 56 61 36
11.198397222479906 53 57 36
11.175179018968958 50 56 34
12.11069353436564 51 55 35
10.258259361187298 50 58 35
10.545035538169282 53 57 36
10.35882673971807 55 59 38
10.491196411337746 55 59 37
12.228831304454376 55 65 42
11.709951126162776 58 62 40
11.830739334983189 57 61 39
11.727959477958473 56 60 38
11.757590752521471 50 56 34
12.19471188888545 54 64 40
12.096649703088008 60 63 34
12.4532589989586 51 59 36
11.779661054131399 55 63 41
12.098059541073226 58 64 42
12.744483650903028 57 63 41
11.572281329057601 55 61 39
12.584640061387189 50 58 35
12.329850448448274 54 62 40
12.131849580583438 55 63 41
17.366974919923102 53 62 36
20.290387693711033 17 19 0
20.84193698236219 22 24 6
19.967714100199963 30 32 10
20.030339318155256 34 36 14
18.92174749881199 24 26 2
21.19687351368112 29 31 5
12.68606549042042 33 38 9
11.690019227510978 41 46 19
12.32923400371821 36 41 14
12.26545929141841 26 31 4
12.067007304763615 39 41 19
11.379362487639625 47 52 27
12.503915060011513 47 49 27
12.167939731244283 47 51 29
12.65763369365436 46 51 24
11.945537630730492 46 52 29
11.2376114883458 48 53 28
12.178588694226242 44 49 20
11.518572377427937 30 34 12
11.190669974609262 31 36 9
11.221270182920005 35 40 15
11.430315261934359 35 40 15
11.896624710739813 38 44 19
13.471461950231442 40 49 23
12.107542844864911 46 51 26
11.849334781430084 49 54 29
11.17352414015111 50 58 35
11.143869232806288 50 55 30
11.429430844194169 49 55 30
11.59633373108398 51 52 30
11.108186176869065 48 54 31
12.791284329565709 50 54 33
10.961373584444283 48 54 29
11.004665629413529 50 56 33
11.76858905378926 53 58 33
10.831362698364321 52 60 37
12.470750050584583 57 65 43
10.86798885493064 59 62 33
10.786264293392058 57 60 31
10.39726102730589 56 59 30
10.36065278600562 55 60 31
10.657384224797285 49 55 33
11.50604595563085 33 37 14
10.356928679675082 39 48 21
10.68332229459754 37 43 18
11.368050822351877 46 53 31
11.201440686868118 35 41 16
12.313132448376372 45 51 28
11.9904186768084 41 47 22
11.871286565466907 48 54 31
12.452295767862568 49 55 32
11.03252148440519 59 59 30
10.557120744119059 56 58 34
10.077713794713258 57 59 35
10.138334043473632 51 57 35
11.929133488672647 58 64 41
12.342541732184054 56 65 44
11.231112589567633 56 61 34
12.098059541073226 58 64 42
10.814648380141364 59 62 31
17.366974919923102 53 62 36
19.870627356936097 17 19 0
19.625623576558908 18 20 0
12.135082250071147 31 36 11
11.405826051774019 46 50 28
13.17993853718513 31 34 10
11.226288717598962 34 38 13
11.382834754966536 32 38 13
11.03781578939692 35 41 16
12.107542844864911 46 51 26
11.483992139239874 38 43 16
12.551635291773021 46 52 29
10.684215149800657 54 57 26
12.579364012992949 45 50 22
11.250502791560576 54 57 28
11.598869551445857 46 51 24
11.521291110545683 60 62 36
11.210648841343021 48 54 31
12.807598931374356 45 51 28
10.56196621213636 48 54 31
10.413350267012303 52 58 36
13.1300097212259 53 61 38
11.572281329057601 55 61 39
12.37566426488916 57 63 41
11.484026562790978 59 63 37
13.1300097212259 53 61 38
12.568842253119584 53 61 38
12.681452338711122 52 60 38
11.092346311918137 58 60 34
12.914895476555502 52 60 38
11.65940328506011 57 63 41
11.273817701750616 56 62 40
11.94103447083479 37 39 13
11.001991759711942 46 52 25
11.516590873890275 44 49 22
12.399390729552456 44 46 24
12.01674748062507 34 39 14
11.926634742500669 42 47 20
11.580690441857561 43 45 19
11.271622637316984 34 39 14
11.691479129064653 44 49 22
12.770962397303956 44 49 24
10.985076401556215 53 56 25
11.02827540032755 54 57 28
10.69199650010495 59 62 33
10.65756007203978 59 62 33
10.192824990570355 48 55 32
11.008321349626152 36 42 17
10.278809032646407 34 43 15
10.906517725765578 42 49 24
11.816848770897543 39 45 22
13.175299709783118 43 49 27
10.365240516870768 49 57 35
12.471155826124287 52 60 38
12.328848439025121 56 62 42
19.4030563662823 21 24 0
11.499990316396945 42 44 22
14.038622339306174 45 51 28
11.874961895140684 57 65 43
11.665663587088709 45 50 23
12.462908816422816 45 51 28
10.35293016504406 40 49 23
12.628579872100048 50 56 33
10.623697453697647 56 58 28
17.358648661242285 55 63 40
11.441659558133697 38 43 16
11.166499374960745 52 54 33
10.786264293392058 57 60 31
11.466708330704344 35 40 15
10.099098763709302 50 58 36
12.008766864055858 38 43 16
11.580690441857561 43 45 19
11.610322558136621 34 39 14
11.152049392625216 57 60 31
11.474624941321132 34 39 14
11.90175448402946 37 43 16
11.369685304162955 60 62 36
10.116311048634575 48 56 33
