12.309068974025289 6 10 11
12.442662547137422 0 6 1
12.119974393096427 14 19 19
12.203718421161705 22 24 24
12.307567387328154 5 10 10
11.983850597777016 9 16 9
12.653100624013426 19 24 23
12.653100624013426 19 24 23
14.189813429049215 23 30 26
14.387632077983323 10 14 14
15.959938615184088 9 13 10
15.510744032580359 17 21 18
15.69744425931565 2 8 7
14.741568476167556 7 11 7
13.346101672706665 21 29 21
12.855275262939278 4 11 3
12.855275262939278 4 11 3
12.80679358622424 10 23 2
11.633869384211517 44 58 13
12.334710431403924 39 53 12
11.915185993373306 40 54 13
11.865482726189002 46 61 21
11.498140920217457 46 61 22
12.105952790300723 44 58 13
12.63967044954439 43 57 16
12.334710431403924 39 53 12
12.892345997178545 53 66 36
12.033569123417147 40 53 16
12.311078170585803 41 55 16
11.890719976198621 42 56 17
12.848584758777456 37 51 8
12.818677997223041 41 55 12
12.848584758777456 37 51 8
12.292734825269532 40 54 11
12.939846209062184 47 61 30
13.00356764793302 51 65 39
16.272117372826393 2 6 6
16.092085879864793 18 22 21
12.943675950921506 50 63 41
12.716610055056696 47 61 35
12.499297732356213 49 63 30
12.987611420732177 9 15 15
12.28366551968616 66 71 73
12.643154114679994 84 90 95
12.644615849492546 1 4 9
12.613226632917284 1 2 9
12.987611420732177 9 15 15
13.418394464620107 39 44 48
13.139295506314046 8 16 16
12.785572896974037 5 8 12
12.939625585392672 11 16 16
13.418394464620107 39 44 48
12.654350189769161 46 51 52
12.6514288006507 30 36 36
12.417532397950527 40 50 40
11.903309207259808 22 26 33
11.362779524496705 36 43 48
13.683004259290586 9 17 23
13.091907031814337 22 33 36
12.656906326609587 39 48 44
12.753123925354675 84 90 96
12.588692141304609 60 66 71
12.812506146218286 17 29 20
13.15891719235984 6 17 9
13.119578870268397 45 62 44
12.098376003847587 29 43 32
12.01534581375236 48 61 43
12.152991163768366 20 27 30
11.973884666304961 36 49 36
13.779783078078795 42 58 35
13.670612047395855 29 46 14
13.38801352827264 49 63 22
14.34149426100045 40 56 18
14.17233551252976 46 63 22
12.238861001482933 55 72 38
12.286575223064695 55 72 42
12.481317817867788 57 76 45
13.24433201045325 56 71 32
11.470941731758288 45 61 21
10.861229974864399 43 61 19
11.152368721545123 45 62 19
13.98445672010819 60 72 65
13.623582266432994 23 33 34
13.999263622804262 57 68 64
13.98445672010819 60 72 65
13.623582266432994 23 33 34
13.9560813220859 57 69 64
13.594453644128672 10 19 19
13.657645397885709 55 71 52
13.212427552424916 49 62 55
13.643822397110185 28 42 35
12.293266242064073 50 64 39
12.582987364309318 49 62 39
12.293266242064073 50 64 39
13.027157426030538 50 66 39
12.607575925940989 51 66 42
12.293266242064073 50 64 39
13.823244561057193 51 70 44
13.187565283113857 53 69 45
13.203265896003966 50 66 41
13.187565283113857 53 69 45
12.193376043991206 50 64 36
13.06298033897664 51 65 34
13.721893082228211 49 67 44
13.741948993520205 55 74 49
13.741948993520205 55 74 49
13.215036817955262 53 71 49
13.215036817955262 53 71 49
14.143882836965815 50 70 45
12.843422696813779 61 79 52
14.038631473473709 53 71 50
13.54363400228378 52 71 48
13.54363400228378 52 71 48
13.333299303909293 58 77 52
12.999386387046268 59 78 53
13.47210176149951 50 69 45
13.54363400228378 52 71 48
13.401621027238559 56 74 51
12.955476610762297 53 72 48
13.777061014538642 56 74 50
14.031365208254284 51 68 43
14.388039121562942 54 73 43
14.277445768246444 58 74 50
21.711881028673883 55 70 37
21.899296837414536 51 64 30
13.701628279322298 23 31 25
12.392566769485333 66 76 64
13.26376761073201 39 43 43
12.73043563228378 11 18 16
12.200689131177171 12 19 16
14.272268687599604 7 12 7
13.30592777307711 0 5 0
12.537098283445623 43 57 19
11.915185993373306 40 54 13
12.1582660057954 47 62 24
11.347443815440709 44 58 13
11.787192427142648 41 55 12
12.593506170422309 55 68 32
12.449104787813615 39 52 15
12.810928235131081 38 52 13
12.202979395769828 38 52 13
12.7554818783921 39 53 10
12.187243075449176 38 52 12
12.933143304868914 49 63 35
13.373336677734981 11 18 18
13.402945862158658 16 23 29
13.348814689610979 33 44 46
13.402945862158658 16 23 29
12.123858079920566 66 76 64
11.711590793396109 53 66 46
11.965111564570766 61 77 50
13.402945862158658 16 23 29
13.345046797289093 3 5 12
12.101430905386847 41 47 49
13.262172767990496 21 27 28
11.685116995304826 50 63 41
11.472631180302765 36 45 40
12.850158045903207 31 44 25
12.279515729136955 55 74 42
14.101371200586 51 68 36
14.101371200586 51 68 36
14.44581841606099 44 61 19
13.603877464285906 45 61 18
13.70725522567894 38 53 15
13.24433201045325 56 71 32
12.488263235555587 59 76 44
13.525739537584638 54 68 52
13.555015821698051 56 69 52
13.755854103128417 5 13 13
13.555015821698051 56 69 52
13.532188945684103 61 79 62
13.532188945684103 61 79 62
12.053954499174845 52 66 40
12.34929128250983 50 64 38
12.903474512335304 50 67 41
13.06298033897664 51 65 34
13.823244561057193 51 70 44
13.17842744951398 52 72 46
13.006055151721801 62 81 55
12.955476610762297 53 72 48
14.038631473473709 53 71 50
13.433680580168929 51 71 46
13.339801141603775 60 79 54
20.923422046997665 47 60 26
23.144753537716007 49 60 20
14.254030341672493 33 37 36
15.69744425931565 2 8 7
15.38689717305385 21 25 22
12.708993653987655 0 4 4
11.76353130616332 44 59 18
11.633869384211517 44 58 13
12.855275262939278 4 11 3
13.410765505689302 49 63 33
12.565253497732325 49 63 35
12.941095693836997 82 89 95
13.506730976511678 8 16 22
13.373336677734981 11 18 18
12.119798762881173 0 2 7
12.85422225195909 18 27 29
13.199538538572561 20 29 34
12.930354430141186 25 35 33
12.36331163506923 37 44 44
11.975428093210759 29 39 34
12.238861001482933 55 72 38
14.065983144032778 53 70 33
12.286575223064695 55 72 42
13.857319581294195 55 72 36
11.2875630693028 48 63 25
13.638780957052544 0 4 5
13.570291306772898 54 69 52
13.2930320839263 52 69 45
13.132708447482754 51 65 37
12.836669443400263 59 78 53
13.936385681937821 54 73 48
14.41790544898637 55 74 51
12.991441281030424 64 76 63
12.416146047833326 57 76 51
13.85189207591156 52 71 45
13.54363400228378 52 71 48
14.589113941350941 53 73 44
14.277445768246444 58 74 50
12.467527861606534 0 5 1
12.63967044954439 43 57 16
11.277122535424926 45 60 19
12.245262678920914 39 53 14
12.914914673170555 42 57 20
12.48361076733206 12 21 8
16.272117372826393 2 6 6
12.092645486734463 1 3 1
11.190873776143805 49 64 28
12.735431777204086 60 79 54
14.07540143620057 65 81 64
12.995311699001274 53 72 46
13.936385681937821 54 73 48
12.471974303252889 13 17 17
12.943675950921506 50 63 41
12.119798762881173 0 2 7
12.488263235555587 59 76 44
11.732784418582982 54 61 64
12.987611420732177 9 15 15
13.157471421534064 52 67 44
21.569245550862078 60 74 43
13.392575021853762 44 58 51
13.069453786207688 54 72 49
14.189813429049215 23 30 26
13.725699168281801 19 29 31
12.943511497498916 59 76 60
13.639953748184295 56 74 48
12.4091602661591 57 76 51
13.401621027238559 56 74 51
12.399346539889551 52 66 41
