14.640624643768291 2 2 1
18.082855728471387 38 40 40
13.417335955340132 2 4 0
12.46119707547664 3 3 1
11.012074726176689 5 6 0
11.612238215393841 25 33 13
11.598633459120665 1 5 0
12.708042882821294 2 5 1
11.51692624891865 5 10 1
11.617029244822065 18 23 9
12.14442861325276 12 14 4
10.676046824623738 41 41 26
11.598064951580126 43 45 20
11.107143947440395 29 30 19
10.832959147444138 42 43 21
11.715740787746492 44 42 32
11.064007127926523 42 42 22
11.107143947440395 29 30 19
11.378554546313172 43 43 19
11.364670048505783 40 38 28
11.465420218398277 43 45 19
12.632820453865149 32 37 6
12.83986660487668 17 20 10
12.632820453865149 32 37 6
12.74094283026924 29 33 12
11.787985244118444 33 37 17
12.4693743117019 28 34 7
11.841466636366933 28 33 12
12.913532341569637 3 6 0
11.63503346025843 25 31 6
11.73761641205214 42 47 18
12.949556344286705 35 40 11
12.949556344286705 35 40 11
12.405876893177462 34 36 18
12.29417207969332 45 47 21
11.566645227352826 41 43 21
12.498236554079382 45 47 23
11.566645227352826 41 43 21
11.951842186544264 34 38 18
11.489134135051312 36 40 17
13.822098061565143 46 49 20
13.408723518967731 42 45 16
13.22677352680012 42 47 18
10.033608095234067 45 50 30
11.80384583593631 0 3 2
11.53730557587247 0 2 3
10.420118508165816 47 51 38
11.63826774875804 8 5 8
11.834279450580958 0 2 3
11.123217010050977 68 72 75
11.731646728748721 52 54 57
10.97654080481155 38 39 33
11.807208747230128 70 72 76
11.678614059689027 4 4 8
11.678614059689027 4 4 8
11.825941465086554 15 15 16
12.2627487356121 9 11 15
12.035971434471726 56 63 69
12.161405355440253 91 93 95
11.518103438330119 0 3 4
11.631132512257846 83 89 92
11.512591885978845 4 7 4
10.979744611579818 44 50 30
10.459095802440974 36 39 28
10.638201372278372 17 20 11
10.20471246969918 9 14 6
10.608078842248975 4 6 2
10.99920383791899 1 2 3
10.64416569394293 31 34 26
10.727390491289977 3 6 2
11.030682211822565 45 52 22
11.016359280914862 49 54 27
9.988965408341308 8 12 5
10.016236816204353 50 54 38
10.39729019460333 34 38 26
10.657463505623276 47 53 28
10.279470552926506 46 51 17
10.264099405036148 47 53 16
10.28950200998892 47 52 25
10.378268798631982 44 51 28
11.560560313867606 53 56 47
10.338986796405127 45 50 19
11.41913354628278 45 48 17
10.09722228203652 41 46 19
10.62632231606699 42 46 26
11.41913354628278 45 48 17
10.338986796405127 45 50 19
11.692407331249646 45 48 19
11.732567466809863 44 49 20
11.019609012834904 44 49 19
10.45037923848983 43 50 17
11.055002708173863 46 55 29
11.815098314279998 46 55 27
11.720716343663005 49 58 29
11.37017018008448 44 53 24
11.589111551894659 50 59 29
11.930987175017547 43 52 23
10.484742239280422 44 51 19
11.065009780620368 47 56 28
11.28107758670843 29 36 12
11.24350403737542 33 41 15
11.29469143268728 34 43 15
11.082715505462724 34 43 11
11.134263302366726 34 43 10
10.59099135422268 39 46 13
10.903543635929024 38 45 13
10.90787263883912 41 48 16
10.339445548001088 35 43 11
10.53070268454788 33 42 9
10.554293585180613 47 53 23
10.40300779301695 43 50 20
11.093967152901701 40 47 17
11.109329010830871 45 51 21
10.398063004584507 44 49 20
10.005202220262259 45 52 22
10.3118312265848 46 53 23
11.150832740867472 42 48 21
12.156999579156668 37 42 16
12.12214132440129 37 43 14
12.464209169670735 41 48 17
12.337051459087052 41 48 17
12.169633593904935 38 45 14
11.525407506234194 34 43 12
11.475249307253303 34 40 12
12.615546919467354 40 46 15
12.615546919467354 40 46 15
12.985108341508301 43 50 20
12.615546919467354 40 46 15
14.403492450099364 48 53 26
13.84431583387533 47 52 25
13.72994571682456 47 52 25
11.195142008750814 41 48 15
11.455862381836228 38 46 12
10.93142122399677 47 53 26
11.334108953466018 48 57 29
11.113633087155533 49 55 28
11.68676710824123 48 53 26
11.288669606749929 43 49 17
11.637976486490047 43 49 18
11.472702596137198 46 53 23
11.68676710824123 48 53 26
11.468272564150794 50 56 29
11.203572999947419 47 52 23
10.790975644007698 49 55 28
10.790975644007698 49 55 28
11.29285097638707 47 52 24
9.999278563732 45 55 26
10.156579824710851 46 55 27
10.145261059159346 48 57 27
9.952126487928375 46 52 25
10.300333193596616 46 56 26
10.587182282806538 50 59 29
13.09128626993099 51 61 33
12.12149445640108 49 58 28
13.09128626993099 51 61 33
11.387823964695507 51 60 28
12.259920715290011 50 59 29
13.44778014263729 51 61 33
12.528419311227589 50 63 35
13.017978440452067 49 59 29
12.75728690122563 52 62 36
12.957701979954821 52 62 36
11.428685383916314 51 60 30
13.227612242868172 54 64 38
13.476020657774926 52 62 36
13.507385433444716 53 63 36
13.063781328749798 54 64 38
13.096133440227682 55 64 36
12.346917955104034 50 60 34
10.926771742957188 49 56 30
11.84702330990969 52 61 33
11.771000274129864 48 57 29
11.810893176087491 49 58 31
11.144871286969009 51 60 32
12.175116493582845 51 61 35
11.965190202665486 53 63 36
11.84702330990969 52 61 33
11.144492845947303 52 61 31
11.965190202665486 53 63 36
10.741390520003288 46 55 27
11.680304472512656 49 58 31
12.810736198949787 53 63 37
11.956289358668299 51 62 34
12.004086451688496 49 59 30
10.537380434528782 44 52 23
18.13059157380081 55 60 32
17.841410270249934 50 53 22
10.884941575656702 46 50 21
10.611306696261883 48 54 23
10.365216981388022 48 52 24
10.768856638385191 49 53 20
11.190011908115276 47 51 22
17.465931668233942 52 55 26
17.244306657030357 49 52 21
11.406534968876096 25 32 9
11.272010706582634 25 31 8
12.708042882821294 2 5 1
12.316098227045877 14 8 3
12.230699212909078 33 34 20
10.691557268824148 43 42 25
11.107143947440395 29 30 19
11.107143947440395 29 30 19
12.4693743117019 28 34 7
12.135582984248177 32 37 15
12.410312081175455 29 33 18
12.439526684755162 35 42 10
11.867219087599716 44 46 22
11.620835177853973 42 44 20
11.929626206433335 37 42 14
12.078499025529055 44 46 20
11.63826774875804 8 5 8
11.44063212342592 45 46 48
11.32116026684868 10 9 9
11.672534929045616 65 68 74
10.760476994017264 1 4 0
11.29179348399511 85 91 94
10.469672467280498 44 50 24
10.469672467280498 44 50 24
9.922294837448323 45 50 37
11.169652120840599 0 4 4
10.668663381005803 0 2 2
10.993432138560081 1 4 0
11.766280221402988 0 2 4
10.640743615464821 2 5 0
10.919425804491322 0 2 0
10.749794107867661 24 28 14
11.224603703928192 51 56 29
10.04097536943624 49 55 26
10.765561138450318 47 53 28
11.224603703928192 51 56 29
10.77734551694637 44 51 19
11.37017018008448 44 53 24
10.489244086619294 44 53 26
11.033629341929947 44 48 33
10.786542820780788 46 51 23
10.156934641167881 44 51 21
11.760677112488676 36 45 15
10.162411790955634 46 53 23
11.29469143268728 34 43 15
10.736937225214026 45 50 22
12.324589066653614 38 45 14
11.888989654952535 41 48 16
11.51206650182648 29 35 10
12.661188553940121 42 49 19
14.44348525395486 49 54 27
13.443061241211797 45 50 23
13.249989585423407 45 50 21
11.338963366751544 48 54 27
10.975135104375843 48 56 28
11.555817512604722 45 50 22
10.93142122399677 47 53 26
10.790584791373995 47 54 25
10.818002535253788 51 60 30
9.999278563732 45 55 26
12.130621765765143 50 59 29
12.073812833377037 50 59 29
12.430889449781544 51 61 33
13.123570576643445 53 62 34
13.42100581807556 54 64 38
13.476020657774926 52 62 36
10.920575563127885 50 59 31
11.287283815534332 50 59 31
11.512949762933467 46 55 27
12.139962847707546 51 61 34
10.78509251080403 46 55 27
10.920575563127885 50 59 31
12.545402869316517 52 62 36
11.53015264506369 50 60 32
17.909063503647026 50 53 24
17.773244698107433 49 52 23
10.446144974067462 48 51 18
11.1379647949203 46 50 21
21.532757904227655 72 77 48
21.353383947383204 54 59 29
11.097879656972182 0 2 0
12.127104377346189 24 28 11
12.48651228557867 13 16 5
10.676046824623738 41 41 26
10.690825695594253 44 44 23
10.690825695594253 44 44 23
10.14601087422623 44 49 31
10.736188808030168 47 53 31
11.80384583593631 0 3 2
11.824923405542624 0 1 3
10.279470552926506 46 51 17
10.215552513531849 42 46 35
11.80384583593631 0 3 2
12.086117991445661 3 2 8
11.53730557587247 0 2 3
10.47868717641599 47 54 26
10.994115243508038 43 50 25
10.641170246592386 43 48 21
13.61233961251674 51 61 33
10.338986796405127 45 50 19
9.950535043376819 41 46 21
10.807415338170028 43 47 27
10.883582264989775 45 51 22
11.433447690034773 33 42 12
11.2795544106066 37 45 12
10.50064376834803 42 48 17
10.83442097541207 46 51 22
10.777394279033702 41 48 16
12.615546919467354 40 46 15
14.646495983568379 46 51 24
10.600300771393647 45 50 21
11.156956061041324 47 52 25
11.800221104763505 37 45 12
12.12214132440129 37 43 14
11.160808887477552 47 53 25
12.649045519569457 42 47 17
11.525407506234194 34 43 12
12.785122882458596 43 50 20
11.460350771500531 41 48 15
11.646086899433165 48 53 25
10.110161401893583 45 54 25
12.468332986664224 49 58 28
12.896282067128213 51 61 31
12.528419311227589 50 63 35
13.135274938973515 51 61 33
13.51875749800693 52 62 36
13.227612242868172 54 64 38
11.323276522846283 52 62 34
10.769716776016596 52 62 34
11.287283815534332 50 59 31
12.456894147246244 54 64 36
11.625718961691211 53 63 35
11.553733699857137 46 55 28
10.430615099670755 49 52 21
10.4763305275881 48 55 23
12.393434181286771 2 3 0
10.997587611167985 22 28 11
12.239400499796226 30 33 18
11.497796848485867 41 39 27
12.235197901960953 2 4 0
12.761061124961282 38 44 14
10.557634757701154 2 5 1
10.463608683870262 46 52 30
12.126907559234073 90 92 94
12.126907559234073 90 92 94
12.303905900646503 0 1 1
11.432663933099143 51 53 47
11.51211809919231 51 60 28
10.685282138546823 42 47 17
10.83442097541207 46 51 22
10.148820420354589 39 46 13
10.931807041206985 47 53 26
10.350698750405451 49 58 28
11.465652100225277 51 60 30
11.144871286969009 51 60 32
13.814974592146955 29 36 5
17.648501124812892 50 53 22
10.669367279254391 45 52 22
12.515261071078012 36 43 13
10.338986796405127 45 50 19
11.934737021833987 50 60 34
12.227249601880452 50 59 31
11.894785357537534 0 3 0
11.087874157681714 41 44 17
11.960746339999714 35 39 17
12.528419311227589 50 63 35
11.31283582909988 33 42 10
12.086117991445661 3 2 8
10.874127511220161 44 50 20
13.68786827324865 48 50 24
12.852181747065561 1 4 0
11.814159320818666 42 44 19
10.45037923848983 43 50 17
18.13059157380081 55 60 32
11.157526084002466 36 40 18
12.273506721653487 32 37 12
13.063781328749798 54 64 38
11.579790438525386 37 45 13
12.384475413267866 33 38 12
11.815098314279998 46 55 27
10.822014809809332 42 47 15
9.825800553938619 46 51 33
