19.277803843246932 47 57 17
18.86610298711785 22 30 8
15.132886520716893 0 7 0
13.840929764303077 37 48 9
13.469214790579613 48 60 8
12.993504013323255 34 45 7
13.507107066799142 0 3 0
13.223771536228346 55 68 17
14.34821305073768 4 8 2
14.34188618749344 3 7 2
14.223637716400766 2 6 0
14.210621900161751 41 51 16
13.687959405558205 23 32 6
12.941804515397623 58 70 22
13.272131015224534 42 54 6
13.522041500968676 44 56 8
13.973032245032666 47 59 12
13.697288973325497 1 5 0
12.611633250687534 44 56 5
13.58775555128439 42 54 6
13.830495913698758 0 6 0
14.142692423495168 3 7 1
14.195109110228687 3 7 2
13.430114188559397 48 59 16
13.299721555432454 14 24 1
14.864967788420518 5 12 0
14.430450294124142 31 41 5
14.40398678337689 20 29 4
14.41028638126391 21 30 8
13.40417183003524 43 56 1
12.504285208727977 43 56 3
12.671844933302832 41 53 1
12.11541748804394 45 58 3
13.454094725346316 52 64 10
12.971625961098656 60 70 42
12.221262148816146 48 60 26
13.53101644202897 58 66 40
13.405687256547727 43 55 4
13.798862108485624 44 54 7
13.355376921833388 58 66 37
13.762627802731169 52 59 23
13.748480599914913 54 61 28
13.09856222028366 50 58 19
13.196155664235578 49 59 14
13.85671576248127 46 56 10
14.351956070635637 39 46 18
14.664819621222344 49 57 9
14.024760171008268 49 60 14
14.116495314186425 49 60 9
13.751142556933344 47 58 9
12.886047072040801 48 61 4
13.158098610428397 47 60 6
13.572800335253742 46 61 8
13.023147843029397 53 64 12
13.582343050607264 52 63 11
14.144039395306836 51 62 12
13.630653565118454 47 62 8
13.371529483169551 44 56 5
13.050676667632901 45 58 5
13.386075076345 47 59 12
13.293207540445987 48 61 4
13.100534981994576 45 58 0
14.667624221901042 51 63 14
13.962724733394774 52 63 16
13.962724733394774 52 63 16
13.794316742230562 46 59 7
13.292800614499521 50 63 8
14.048790847752299 48 60 11
13.194758658294527 47 59 11
14.437931783423663 50 63 10
12.467658099263055 45 58 2
13.74658141201242 49 60 13
14.375728192989857 51 63 12
13.66337182544293 53 65 14
13.375583541392395 50 63 10
14.555091721063986 55 65 23
13.898394471178403 54 66 15
14.820875754749116 55 65 25
13.379058284019525 63 73 33
14.561697424389115 52 63 18
14.654505333621731 56 66 28
13.561085212170665 67 78 38
14.524009895480757 53 63 20
14.230626929073981 83 94 54
13.50908556377642 52 64 18
13.649287743269145 64 76 32
13.649287743269145 64 76 32
13.542496975594823 52 63 19
13.549596348410903 52 64 17
14.081082605289021 56 66 24
14.134680786831778 52 65 28
13.817074145514791 51 63 29
14.389818890987232 57 69 33
14.402803300768646 66 77 39
14.597707226718766 54 67 31
14.912100557828158 59 72 35
13.934240422457574 62 73 37
15.350844596196017 62 75 38
14.018256459911477 49 62 27
13.375236794126845 56 64 43
13.645541932452899 51 63 35
13.471395673801284 53 64 34
13.455567957976516 52 63 34
13.289124816824236 49 62 32
13.608140588739515 52 64 28
13.02674620222525 46 56 25
13.450705047089652 56 64 31
14.131903454980108 60 69 36
14.365955289082889 55 65 28
14.259622717858266 52 62 31
13.10228789393691 52 61 34
14.398287102779806 56 65 34
13.990599123070568 58 70 33
15.161333880422212 57 66 32
14.07518095896753 67 78 38
14.471163545446093 69 80 40
13.93330138873291 65 76 38
14.225357283891105 50 59 10
14.472254135180881 50 61 9
14.691335711348112 52 62 17
14.664450756385548 50 60 14
14.558500868943172 53 61 16
14.745688224587175 52 61 13
13.732417678137129 45 57 8
14.52080504364622 52 61 16
14.578986236265523 54 64 21
14.678238015571962 55 63 24
14.205602038167239 56 63 27
13.204566094251126 49 64 1
14.440580851194241 3 6 0
14.359570582713525 3 7 1
13.481312868016273 12 20 0
12.699283392471674 41 53 2
12.882854627408516 44 56 9
13.60382710072348 34 45 10
13.695938745506595 5 11 0
13.263896722035556 44 56 5
13.60382710072348 34 45 10
14.315258956076335 3 7 3
13.531485464814795 0 5 0
13.964009264762787 0 3 0
14.485781716027068 37 46 16
13.085671995896558 43 55 4
12.556313308952555 44 56 2
12.801543240759628 42 55 1
12.99208064345862 43 56 0
12.74420141634033 54 62 35
14.127140274868085 52 60 17
13.95498848043045 39 45 20
13.182154626541118 56 63 27
13.237215500763108 51 58 20
13.692842852669665 46 57 7
14.128288925251828 49 59 14
12.491165863006389 51 59 37
13.306132962503806 50 58 15
14.420844846525126 49 60 10
14.00933750439042 52 64 13
13.194758658294527 47 59 11
12.599458472945791 44 57 0
14.190056580132357 52 63 9
13.48640614167388 47 59 12
13.841496657383123 45 58 3
14.840329132143118 51 62 10
14.667624221901042 51 63 14
13.15356629023977 44 56 5
12.495544932044934 45 57 6
13.63826981358723 49 62 7
13.375583541392395 50 63 10
14.951228179708234 52 63 11
14.654505333621731 56 66 28
13.561085212170665 67 78 38
14.561697424389115 52 63 18
13.235994010200617 52 64 21
14.555091721063986 55 65 23
13.827757861024315 77 88 48
14.213830754736518 51 60 33
14.319242967204264 61 72 36
14.415802770127499 51 63 30
14.014522465268406 57 66 36
14.898681796721998 51 64 28
14.716941199306902 57 66 35
13.59533126694236 62 73 34
13.02674620222525 46 56 25
13.15394011352264 49 61 26
14.411263882786077 55 64 32
13.697950619449308 52 62 33
13.444559798293641 52 66 31
14.239410578431858 46 58 9
14.295103053767136 51 62 12
14.745688224587175 52 61 13
14.691335711348112 52 62 17
14.45948878890823 54 62 26
19.45536902815478 44 53 18
15.194192420784463 3 7 0
14.13901856992256 0 6 0
13.911928371816517 41 52 8
12.514497237675515 52 64 13
14.208267277275564 10 18 0
14.047179275217282 41 52 11
13.867170063715896 55 63 23
13.070960906085825 50 58 16
14.515671406822046 50 59 23
13.217382521671455 62 69 42
13.650638232795405 59 66 32
14.321478281156402 46 55 17
12.64269662538979 52 62 37
12.949966497402029 46 58 11
13.301423688681956 45 58 0
13.194758658294527 47 59 11
12.825997478011745 52 64 12
14.197372737351296 51 63 14
14.08791056927351 51 63 16
14.070948261281949 51 63 12
14.360201714252455 51 65 29
14.776487217373235 62 74 37
13.801642859249244 53 66 29
14.679682559367581 53 66 30
13.150955662056933 56 65 35
13.728043453190311 54 67 30
14.402803300768646 66 77 39
14.54795546159862 54 64 20
14.452305322703175 49 57 21
14.844342451127446 54 64 25
14.739164981295708 55 64 19
15.037668232986226 51 62 14
14.58558111794298 53 63 17
14.239030693296012 50 61 11
13.42792702216353 49 59 17
13.96003132582508 45 55 20
13.721237402233488 49 61 10
13.841105851044453 50 62 11
14.524009895480757 53 63 20
14.837345312097314 55 63 21
14.708472142996067 54 64 17
13.565147328530415 46 59 4
13.799746682135043 57 66 35
13.991534311291495 57 69 33
14.165887886583551 45 60 8
13.356831743188948 4 12 0
12.9432334141389 9 18 0
13.58313516767851 48 58 17
11.88182352064456 50 59 29
14.365955289082889 55 65 28
13.358349023153052 58 69 52
12.160127088501474 46 59 4
13.430114188559397 48 59 16
13.656561786095423 45 58 1
14.486067910929574 49 60 12
13.967769039601217 46 61 8
13.81328576756147 64 74 36
13.570163700238398 46 55 19
13.4489847970669 46 59 2
13.722150344524971 8 18 1
12.86728158571244 57 67 38
15.206853916894087 56 69 32
