18.448572544172777 64 70 34
13.503259319858214 50 60 19
10.788493842377463 49 50 10
14.928159065677558 31 38 1
11.646412429327434 56 62 25
11.406477260744094 45 50 6
12.09136792647414 43 46 13
12.02601469980845 35 40 10
11.700875016592422 45 52 7
11.510283442525441 29 35 1
13.689981360491103 47 52 12
18.293841369330938 61 65 24
18.3521943287166 61 65 24
13.6116562187656 50 53 16
15.156466126223293 35 42 0
15.15983369292982 41 48 2
14.807896012493215 26 33 0
14.607391159229921 26 33 0
15.218947837265825 31 37 3
15.104380710972412 41 49 2
15.816377563806853 22 28 0
14.124520825430587 56 64 19
14.124520825430587 56 64 19
13.709176964324708 50 54 16
13.709176964324708 50 54 16
13.442766576208124 67 75 34
14.173309081719395 53 59 18
13.58156246899848 48 53 9
12.60603655183858 68 78 36
14.754166970045924 61 67 23
14.345296620911334 71 79 36
13.905837667818838 69 76 34
13.545272732790039 68 77 35
14.401688571640719 69 77 35
14.186669508850649 53 60 14
13.760947784047751 61 69 25
15.276699835734226 64 75 24
14.621892069954212 25 32 1
15.564700170669168 16 22 1
15.246772633141116 45 54 4
14.778597137888394 59 67 21
15.394480150861812 62 71 18
15.581586401628247 62 70 20
16.032040780451997 54 64 11
14.874110166271745 65 75 28
16.032040780451997 54 64 11
14.362051689479097 67 75 30
15.789609817217894 67 74 21
15.789609817217894 67 74 21
15.801877006730164 68 76 30
14.004646518157314 70 78 32
13.026073764935363 68 79 36
12.13485667418021 70 79 35
12.618544632284307 64 72 22
13.965442408412017 65 73 29
11.792433089750828 67 74 30
12.446462799328817 65 73 23
12.193187800357881 65 73 23
13.297396738097284 65 75 24
12.799791128152984 66 74 23
11.75363285738579 63 75 21
13.587116339975582 66 74 26
12.667391174210556 65 73 23
12.167480645649972 68 76 30
11.98431199675748 67 75 29
12.76270544935943 67 74 27
13.816482078660227 68 76 31
12.97004979482298 66 74 27
21.640922357180536 53 59 38
15.177170387982983 51 60 6
16.03155790954761 56 65 5
15.509696493153552 58 67 7
15.390660946640498 59 68 14
15.2568133046357 59 68 14
16.16894245873304 63 72 17
16.612063195834445 62 71 17
15.597958058703913 65 74 21
16.041589948377435 64 73 19
16.302038501320176 65 74 21
15.674304908254468 64 75 18
15.345346201147047 64 75 21
15.928595255945444 64 73 19
16.560377115763554 65 76 22
15.799305512135389 66 75 21
15.84539771347873 60 69 13
15.116691861612514 59 68 12
15.793285123221299 65 76 24
15.930659952395763 65 76 20
15.857621746471342 65 76 20
15.535831979402479 66 75 19
15.866619490240149 67 76 29
15.006243973382999 65 76 26
15.404202360090885 65 75 28
15.071530967950668 69 77 34
15.543847960377603 69 77 33
14.292201747590033 67 76 28
14.488533279347266 68 76 31
14.988481228919074 66 74 29
13.933004922165283 67 75 32
13.772017370873558 66 74 31
14.414248319825042 65 73 26
15.065733590315633 69 77 33
15.177003914257735 70 79 33
14.398577299739744 69 77 31
15.457684695437646 72 81 35
22.88772443044011 71 81 38
23.883261616938757 69 79 36
17.053158475375316 52 53 18
17.85912954019284 63 68 36
17.053158475375316 52 53 18
17.775375426531376 63 67 28
17.356938412693264 64 66 31
11.100073274440227 58 58 27
16.145115135292603 62 62 32
11.131589607511174 60 61 27
13.655564153992891 35 35 8
17.47891430224249 27 27 2
16.473172227108016 58 59 26
11.74515217699832 63 64 36
17.286173222926713 25 27 6
11.004661675850794 33 36 5
17.782381889871942 38 38 11
14.342281417002722 38 41 3
13.60657122074208 19 21 0
13.71561308220257 67 74 26
14.07052371406099 62 70 22
12.557634769097437 66 73 27
13.425961673318595 68 74 33
13.022753120293299 71 75 39
13.967659502517309 67 73 32
13.182064175827701 60 65 35
13.437617667938193 70 76 36
13.90086028312621 67 73 32
13.540162804520916 70 78 36
14.105215607906477 69 77 35
13.648910554480803 71 78 39
13.425961673318595 68 74 33
13.684990942483083 62 69 19
13.090663695675348 70 82 39
13.090663695675348 70 82 39
13.459617069939267 67 76 34
13.459617069939267 67 76 34
13.315393208693994 70 80 38
13.053275689867915 64 76 30
13.050755784419472 70 78 32
12.822804634965562 61 70 25
12.512502680887941 66 76 34
13.201739054903362 64 74 28
13.423256755043639 67 76 30
13.31266582471516 51 61 18
13.499985244546126 70 79 33
13.643588583691136 66 74 26
13.320917721723172 65 73 24
13.903540711494497 62 72 21
13.8580452185397 67 75 26
16.647288946708407 53 63 22
12.735565445768037 68 76 28
13.934066314864195 68 76 30
14.00070710479651 69 77 30
12.963650048913971 67 75 29
12.50885432359447 67 75 29
13.934066314864195 68 76 30
16.82000482676597 65 76 36
17.24851417914637 74 85 47
16.93956863467421 74 85 48
17.24851417914637 74 85 47
12.934860350980232 67 74 24
17.31333989104595 70 81 41
13.08327969840234 68 75 25
12.56034431669646 66 74 28
14.368682004770928 83 93 49
15.818570197334488 72 83 43
14.89358232394929 73 85 42
15.325889004585324 83 94 55
15.45135816516256 78 89 52
14.622014630732574 75 86 46
15.45135816516256 78 89 52
14.698955447069169 74 85 44
15.639886972590373 79 90 52
14.913144544043353 80 91 53
14.429057345081764 75 86 47
14.429057345081764 75 86 47
15.174434933756066 72 83 43
15.030664875586535 72 84 41
14.333901175351803 73 85 43
14.74185599821197 70 81 37
14.53341756470522 70 80 36
14.391599422862845 70 80 36
15.392463554146154 68 80 35
15.346872730165265 70 82 39
15.736219201505369 72 84 41
15.807248070189065 76 86 44
14.563686038181576 86 96 50
14.606983879494726 77 87 44
15.042749265034525 84 94 54
14.591223881442565 70 79 34
14.806268045091079 74 84 41
14.956127076236152 78 88 44
14.956127076236152 78 88 44
14.913842901258896 92 102 58
14.67805301550088 78 88 46
15.069411693571569 74 84 40
14.474197134506369 84 92 47
15.042749265034525 84 94 54
17.202760881011063 48 59 18
17.909152257527133 57 67 25
15.115150365387658 72 82 36
17.325572969570565 56 66 24
21.21176705678634 45 52 18
18.26407492314603 67 72 30
18.101081968365786 63 68 38
14.155909345313429 28 36 0
13.883058534970047 37 44 5
13.631856569571038 30 37 0
11.721707455798532 23 27 10
10.729474190931057 52 59 14
15.167076992619887 26 33 1
14.634426417503809 62 70 28
14.634426417503809 62 70 28
13.905837667818838 69 76 34
14.544656694032366 67 74 32
13.367847092706354 48 55 10
13.760947784047751 61 69 25
14.283838137440503 70 78 33
13.950121184437155 59 64 25
13.442766576208124 67 75 34
15.732640036047849 65 74 21
15.975935525343983 61 70 16
15.972740020047027 58 68 16
15.374068542996836 54 62 15
14.362051689479097 67 75 30
16.292641983813347 63 71 23
15.729395104132887 67 74 24
11.618393226116565 64 72 22
11.966615344740713 66 73 26
12.250520821770138 66 74 25
13.011936889400834 67 75 29
21.876880805493354 57 65 43
15.31171424589042 50 59 3
15.405380969694557 65 76 22
16.37510299370264 66 77 22
16.16894245873304 63 72 17
16.046821489782904 63 72 18
15.928595255945444 64 73 19
15.47842828568179 64 75 18
16.119002419184127 65 74 19
15.390660946640498 59 68 14
15.47842828568179 64 75 18
15.545015982176814 67 76 28
15.545015982176814 67 76 28
14.799075683473017 69 78 35
15.071530967950668 69 77 34
14.927756830201622 71 79 35
14.398577299739744 69 77 31
14.499335099342247 66 74 30
14.927756830201622 71 79 35
14.630652795397983 67 75 31
14.855959051804685 79 89 43
15.590972412787497 67 75 31
15.388359610784821 76 86 40
24.05515916093281 69 78 34
16.93848267887625 67 70 33
17.797116835977942 64 68 35
10.797066046448071 38 41 10
17.453604773096203 31 31 2
17.4939529144706 29 27 7
13.74987998156582 69 77 35
13.425961673318595 68 74 33
13.349911399804204 68 75 28
13.506708109563597 72 78 38
12.866848346091254 64 71 23
13.052146912112041 67 75 31
13.74987998156582 69 77 35
12.525631255150387 58 63 16
13.704128151999953 46 50 15
13.714289254273758 66 74 27
13.967659502517309 67 73 32
13.31266582471516 51 61 18
13.090663695675348 70 82 39
13.092050582856382 68 78 36
13.020760081377883 69 79 37
12.669901770275503 54 64 20
12.669901770275503 54 64 20
14.003970757261294 67 75 27
12.636745852615226 68 76 29
14.318381255791806 62 72 27
13.540485840138176 63 71 21
13.14329442935864 60 71 20
12.936597779114823 67 75 29
16.75327029501288 56 67 27
14.149316374520403 70 79 34
13.13284231133985 67 75 29
15.354706099126739 74 86 43
14.43331624823257 88 98 56
16.196581591494386 74 85 44
14.638981796204066 78 89 51
14.613788525453892 71 82 42
16.170658308340222 69 81 38
14.53341756470522 70 80 36
15.736219201505369 72 84 41
15.392463554146154 68 80 35
16.170658308340222 69 81 38
14.758866547037336 88 98 56
14.456316149988403 77 87 44
14.627458644138816 93 103 59
17.921994818678197 56 66 23
10.256429790188253 46 49 7
11.191962341188844 19 24 0
18.036878334888083 28 29 4
14.3471056620224 46 51 12
15.107759887684592 48 57 5
15.739566322305436 31 38 1
15.218947837265825 31 37 3
15.789556573495345 31 39 0
15.273358036436717 65 75 24
13.250528501444814 69 79 37
15.246772633141116 45 54 4
13.330975590718593 68 78 35
15.04343182927576 60 68 24
15.184405417685504 50 59 8
15.769709655839268 77 84 34
14.870677895659378 66 75 30
13.177863500782797 46 51 11
12.387037507462383 61 72 19
13.462711882715222 66 74 28
12.452363931825959 65 73 26
11.932664950734965 62 71 20
13.406504124505824 67 75 29
15.768727833014166 60 69 11
14.838948947018466 65 73 26
15.404202360090885 65 75 28
16.356551971480908 61 70 14
15.177003914257735 70 79 33
16.161024746601097 57 68 12
15.587640505746243 59 68 10
16.37510299370264 66 77 22
14.720423975567314 69 77 33
16.427372019299415 63 72 19
16.76786598186248 58 58 26
13.655564153992891 35 35 8
13.655564153992891 35 35 8
17.616796255561887 55 55 28
13.684990942483083 62 69 19
14.21244213862579 75 85 45
14.140131722058145 65 73 23
12.532603697697116 59 63 40
13.675631138513019 67 75 31
13.245304863794859 68 78 36
12.735565445768037 68 76 28
16.9768048195272 66 77 39
14.137941674853728 68 76 30
17.305340743013574 53 64 23
12.995971980407985 69 76 26
12.684114516698399 66 73 27
17.1012396824029 64 74 32
14.558749914501188 77 87 45
15.030664875586535 72 84 41
14.766306533999188 80 90 46
15.248080940022126 81 92 54
14.566475664647255 80 90 48
14.806268045091079 74 84 41
14.458292395408021 74 82 36
14.851300101882122 86 96 52
17.909152257527133 57 67 25
15.631038543089357 69 81 36
15.40027373329407 72 82 40
18.2054395213507 63 67 32
13.846494912844227 36 43 6
15.512760836366267 36 44 4
13.78694809128927 45 50 10
16.33469152638653 21 28 4
15.086270028788356 26 33 3
16.292641983813347 63 71 23
14.124520825430587 56 64 19
15.249437300987097 62 68 30
12.660758927559709 64 75 20
13.170000237148209 66 74 29
15.457684695437646 72 81 35
16.358562653451383 62 73 18
13.994398149515906 66 76 25
23.968985744604964 70 80 36
12.015219305173868 33 36 7
16.897067037754617 56 58 24
16.35353597394668 65 67 32
11.340764863189756 48 51 20
13.23870778555583 68 79 37
13.111263118722531 62 67 29
13.90086028312621 67 73 32
12.512502680887941 66 76 34
13.053275689867915 64 76 30
14.003970757261294 67 75 27
14.286203264188915 72 82 42
17.325572969570565 56 66 24
14.566475664647255 80 90 48
13.950121184437155 59 64 25
14.3471056620224 46 51 12
15.167076992619887 26 33 1
13.235987162510906 62 70 22
10.671268655565427 61 64 35
16.848204357669978 63 63 34
12.525631255150387 58 63 16
14.393770306068074 72 80 32
15.172443546794332 77 85 39
15.889230940566899 76 87 49
15.23633488795659 82 92 48
15.397795662925727 64 73 21
15.187766789445147 56 65 9
14.026556444588097 58 64 24
14.345296620911334 71 79 36
15.268095272400497 68 76 32
14.698955447069169 74 85 44
14.90507911407586 74 85 45
13.040225250226948 66 74 25
16.969720241820497 69 80 42
14.105215607906477 69 77 35
13.305405030809593 67 75 27
13.60873264268933 70 78 36
15.054646358722602 85 96 59
12.375486024433947 70 79 35
13.13948411874793 66 74 29
15.030149833694056 78 88 46
