11.789585546478323 46 45 15
12.568144475059084 39 38 6
12.549949197255847 52 51 19
12.115558057843735 36 35 3
12.19053588383398 43 39 9
12.71529813931396 53 52 20
13.077922132797791 50 49 19
12.661657455120238 41 40 10
10.805416411233228 45 42 11
11.201049276737914 44 44 14
11.417517889083284 44 43 13
10.892527725133949 45 44 13
11.095232802202359 46 44 13
10.416696858056358 41 35 5
12.074297923646643 52 52 21
11.61450001637259 39 36 4
10.334167548860245 49 47 15
10.645746324739203 47 46 16
10.368678639471696 50 50 20
11.889734571154197 48 47 15
12.187915875424846 53 55 24
11.694480339550754 54 57 26
12.276924505118181 54 54 25
11.787215630931568 56 56 28
11.927015459124338 55 54 24
11.169454788984646 59 60 36
11.65755265595289 53 54 19
11.501993001168355 54 54 22
11.727888560624951 51 51 19
10.85167946062469 52 52 21
10.956568468796181 51 51 21
11.65755265595289 53 54 19
11.782554423924418 57 57 29
11.96311139495139 57 57 31
11.65755265595289 53 54 19
11.489490741701779 53 53 21
11.649933562401802 51 50 20
12.94892492227343 53 53 27
13.366696795308538 57 57 31
12.955940285814048 53 52 22
13.147255046762307 58 57 29
13.095530710733664 56 54 28
12.907544749839163 59 58 40
13.054615253702238 59 58 38
12.426871269598081 59 57 36
15.302322655328727 129 127 122
13.678429505325074 56 55 32
12.759942725805615 60 58 40
14.914708315721825 116 114 108
13.354660640527683 61 59 39
14.103818691589952 53 51 35
13.45339066123399 57 55 35
12.980876247376296 56 56 30
11.342259770691 60 60 36
13.292130381080243 57 57 33
12.029909607948193 59 59 35
11.770173878430974 59 59 35
11.794570111667857 60 60 38
12.194858549669085 60 58 37
12.514346231348549 58 58 34
12.03413015114955 60 59 39
12.692658660072546 59 57 39
12.62082865377785 59 58 38
12.046067158624082 60 59 39
12.046067158624082 60 59 39
12.394016247326427 44 34 15
12.83034341566717 30 26 3
12.28279945905904 44 31 10
10.699874594113593 30 36 9
11.356437342092061 33 39 10
11.442311632057917 39 46 12
10.951007816138773 33 39 9
10.69866664925656 36 42 10
10.730622117230732 36 41 12
11.483425336738868 42 47 21
11.399163387460721 39 43 16
10.31000088035408 48 43 13
10.037985134782538 46 46 15
9.910814784029267 36 34 5
9.549250120902723 44 46 15
9.950406823523466 44 45 13
10.573407313818548 50 50 21
10.84524597720002 47 47 17
10.29440621385352 36 32 5
10.094698154291546 47 45 19
10.320450337974988 46 45 15
11.516143397680695 44 43 14
11.447452370656407 63 65 42
11.711277870317296 62 64 40
11.158468534016306 54 57 26
11.447452370656407 63 65 42
11.23983265474596 51 54 23
11.263506730166617 58 58 31
11.543818380594574 64 66 42
11.16642296989373 55 58 27
12.06131501246275 63 65 41
11.886872503393016 63 68 43
12.217360309539872 57 62 35
13.169875663043506 53 58 29
12.937300974718678 55 62 32
12.056931880934295 66 68 44
11.220646257825656 40 43 12
10.953299544558512 38 42 11
10.682626449144578 42 43 14
16.47367683261362 49 55 21
16.23451909676813 52 60 29
16.053141351226767 53 60 28
16.23451909676813 52 60 29
16.053141351226767 53 60 28
11.522007790188807 58 60 36
12.042020762050104 55 60 33
11.877799985822904 58 63 38
12.787232497207013 60 65 42
11.972116892626872 62 64 39
12.05237380855543 59 61 36
12.94123512655709 48 51 20
12.481707034012619 39 42 12
11.2918362097422 37 42 12
11.375405554936297 34 40 10
13.240014527291759 48 51 20
13.240014527291759 48 51 20
11.945085608800753 49 49 18
11.582235290253637 44 48 15
11.384694920638614 45 45 15
11.945085608800753 49 49 18
14.015835505528372 52 55 24
13.118091742063173 51 54 23
14.069136221319646 52 52 22
13.338168878644762 50 53 22
12.901143158226821 50 55 24
13.932629900057877 52 52 24
13.423488533222486 52 52 24
12.161891295241848 65 60 39
13.669156272999198 55 54 36
13.09360234370584 64 62 46
13.229798383292874 61 59 39
9.793869090007957 58 57 37
10.08653259080185 59 58 38
9.457837713242544 58 58 36
10.902404951731596 62 62 40
11.714168672867288 63 63 41
11.808358256848896 62 64 40
11.271202937108352 61 61 40
11.723189608341427 63 61 41
11.71399153010699 61 60 41
11.71399153010699 61 60 41
11.723189608341427 63 61 41
12.222732079423022 60 59 39
11.456502195095107 60 59 39
12.38954772918391 60 59 39
12.15108026550852 63 62 42
11.461296005406878 62 61 41
11.190065647011105 62 61 41
11.724810007027502 62 63 41
11.89718614507065 62 64 42
10.910354583491438 61 61 39
11.18836780217071 60 59 39
11.80496319327547 61 60 40
12.230332508898883 63 63 39
12.314743267636466 63 65 41
13.026069048322464 59 58 38
12.930943403691941 59 58 38
10.224127651468915 61 61 39
10.68678236175362 57 57 35
10.889021137884667 56 56 32
10.907060496208125 61 61 39
11.701713349169978 58 58 36
11.186853923907707 61 61 39
11.882074558873002 59 61 37
11.715611989656615 61 61 39
10.69528163698337 56 56 32
11.17229751343949 59 59 36
11.532827663009567 59 61 37
11.361249155539522 62 62 40
11.186853923907707 61 61 39
12.5573383615557 62 62 40
10.482850209717746 51 54 25
10.085264825548265 53 55 28
11.61450001637259 39 36 4
11.976372844609548 46 45 13
10.775447292805513 44 43 11
12.052216584311893 48 47 15
10.843125401711795 45 41 10
11.850208145350804 33 30 0
12.46289063322648 46 44 12
11.983784395216702 52 50 18
12.346474387820045 55 55 25
11.603922045360461 55 55 27
11.7505793833433 55 54 24
11.103779523339359 47 46 16
9.948497416487301 48 45 16
10.63223726764143 47 43 14
11.732571485730407 48 48 17
11.568526941046235 50 50 18
11.501993001168355 54 54 22
10.873084867201076 53 56 25
11.49721615964444 53 54 22
12.514512045103265 55 55 25
11.509710027488275 53 56 25
13.209806888093823 59 57 37
12.187405097047188 59 58 38
12.759942725805615 60 58 40
14.183486954966904 43 41 21
12.495752645793463 56 55 26
15.84787068419049 131 129 122
12.81170106019834 57 56 33
12.038521584612301 59 58 38
12.609435769008265 60 59 40
12.029909607948193 59 59 35
12.514346231348549 58 58 34
11.529533905242802 60 59 39
11.44265276066308 61 61 39
11.697197896238817 60 60 38
11.082453791320692 43 44 14
10.895644477881463 34 39 10
11.03045654869545 34 40 10
10.854439586674339 31 37 9
10.754230815765023 17 17 0
9.910814784029267 36 34 5
10.610540214719363 49 48 18
10.84524597720002 47 47 17
10.573407313818548 50 50 21
9.71975823108992 48 48 16
11.88829724029989 63 65 41
11.277760164792669 64 66 42
11.158468534016306 54 57 26
12.133667946064472 60 60 34
11.9751180102866 62 64 40
12.306155973782332 65 67 43
12.306155973782332 65 67 43
11.886872503393016 63 68 43
12.056931880934295 66 68 44
11.220646257825656 40 43 12
10.682626449144578 42 43 14
16.354017758794306 49 53 21
16.113084086322452 50 55 24
11.877799985822904 58 63 38
12.510450162109734 52 57 26
12.21424766211919 58 60 36
12.994875999734829 48 50 19
12.71428914720652 49 52 21
13.56511933171313 50 53 22
13.932629900057877 52 52 24
10.376235889557403 57 56 35
9.591232466256988 59 58 37
9.66327199971439 57 56 36
11.461296005406878 62 61 41
11.370733827812254 62 64 40
11.18836780217071 60 59 39
11.803529599903065 59 58 40
11.004894620444187 61 60 40
11.461296005406878 62 61 41
11.271202937108352 61 61 40
11.633033187640912 62 62 41
12.062547121677628 61 60 40
11.80496319327547 61 60 40
12.133154883971901 59 58 38
11.282262080539827 62 61 41
11.54839626322732 62 64 40
13.095676492826138 59 58 40
10.785236712923457 53 55 27
11.715611989656615 61 61 39
11.445608929878377 60 60 38
10.68678236175362 57 57 35
10.129395574421016 61 61 39
11.186853923907707 61 61 39
10.399218674297297 55 57 31
10.390277516023387 52 52 28
10.995094369689376 60 60 38
12.305986199370258 62 62 40
13.077922132797791 50 49 19
12.549949197255847 52 51 19
12.63341172091219 38 35 6
12.257970790108695 54 54 24
10.645746324739203 47 46 16
10.873084867201076 53 56 25
12.818791522713546 57 57 33
12.408146603661198 56 56 28
14.856046737256044 125 123 111
12.755799658095533 59 58 40
14.5941621943437 70 68 55
13.246240894154022 58 57 38
12.046067158624082 60 59 39
13.38959169575581 57 57 36
10.890792218200623 32 38 8
12.79388553991946 47 36 17
11.106650166433642 44 47 14
12.89365159096465 43 35 15
10.685989721197195 52 52 24
10.370510683491167 48 48 17
9.536179920914535 45 45 13
10.320450337974988 46 45 15
10.391079065325693 52 53 23
12.043600620554223 56 59 30
11.447452370656407 63 65 42
11.447452370656407 63 65 42
12.543355268933789 57 61 33
11.568536379926725 35 40 10
16.23451909676813 52 60 29
10.097829822190274 54 56 29
12.042020762050104 55 60 33
12.05237380855543 59 61 36
12.862404381298946 58 64 41
12.971580970379993 52 55 26
10.217954653173132 54 52 35
11.276075524171366 64 64 42
12.222732079423022 60 59 39
10.88921170104917 58 60 34
12.062547121677628 61 60 40
10.49474148833055 53 53 27
11.258441872133305 58 60 34
12.222732079423022 60 59 39
11.904325066437748 44 43 13
12.917215853022817 45 44 14
12.24607089098034 55 54 22
12.074297923646643 52 52 21
11.132505667732278 47 41 11
11.77035017565178 56 56 26
11.026394025165498 49 49 19
10.334167548860245 49 47 15
11.649933562401802 51 50 20
12.98186014678038 58 56 36
14.435257381615783 97 95 87
13.336125320369943 59 56 22
11.342259770691 60 60 36
12.758941713362164 56 56 31
10.62292945917468 31 38 8
12.536274545683446 53 58 29
12.690326401098696 47 50 19
11.280762060924168 61 63 41
12.782450052958922 59 58 38
11.724810007027502 62 63 41
11.272702969797459 61 61 39
10.405728504869664 59 59 38
12.22739403179026 62 62 40
10.809907728126417 60 59 39
12.560199647942193 62 62 40
11.51706154263614 61 59 39
10.828294624324318 38 42 11
11.711277870317296 62 64 40
10.444255091828767 47 47 14
10.062805093070692 46 47 16
11.158468534016306 54 57 26
9.490184860757504 60 59 39
11.434525056128804 57 57 34
12.95985925884158 55 54 36
12.819136736484205 37 31 8
12.06131501246275 63 65 41
16.113084086322452 50 55 24
11.461296005406878 62 61 41
12.298468391395234 39 32 12
16.23451909676813 52 60 29
