12.942552208620231 56 72 21
15.304146321303552 41 55 10
13.009353498867437 0 11 2
14.088934261845976 0 12 0
14.544451970384086 56 77 29
13.921298339186711 25 44 2
15.318328488324655 56 77 28
15.033125079499152 48 68 19
14.40638490232543 52 66 20
13.177610876294741 49 63 14
14.462561422963693 54 70 24
13.618678440210182 56 72 25
14.095931530990566 45 61 11
14.289865778736424 58 72 27
13.177610876294741 49 63 14
12.975295676801991 57 73 24
13.400939562917403 50 66 16
15.31525257647275 51 71 27
15.31525257647275 51 71 27
14.605823434939461 50 70 22
14.873241055718404 52 68 19
15.31525257647275 51 71 27
15.288434457496745 49 65 17
14.646137541776854 47 63 16
14.818621479154528 53 71 23
14.818621479154528 53 71 23
14.992358360927692 46 60 11
13.474136683915502 50 69 22
13.474136683915502 50 69 22
13.31944720167183 51 69 23
13.238692841040224 51 69 20
13.6801392327816 56 74 27
13.758302767674662 56 74 30
13.31944720167183 51 69 23
13.31944720167183 51 69 23
14.90472447020099 50 71 24
14.98039638535781 54 74 30
15.664536214045299 54 75 28
15.079976547714564 22 35 0
16.992842320498067 70 91 44
14.739461044467731 58 78 26
14.119790741809917 48 69 15
14.60809356145064 58 78 26
14.936767597531531 55 75 23
14.325634540005103 49 69 16
14.163242775241192 55 74 22
14.389274215452241 48 66 12
14.042645693251417 47 66 11
15.37876789790082 53 72 28
15.094706490593069 48 68 25
15.094706490593069 48 68 25
15.37876789790082 53 72 28
13.452797515787065 55 74 22
13.83064864419271 43 60 12
13.976503702081533 55 71 20
13.93154210983751 54 70 20
14.548255450487588 49 65 12
14.064011599517247 47 66 12
14.435960185471515 47 63 12
14.461748037509011 39 54 14
14.215615409098232 51 72 19
14.627608921087267 50 70 15
14.758802699730014 49 71 14
15.265947084871163 54 75 24
14.215615409098232 51 72 19
14.82058246504669 53 73 20
15.216204713795427 49 69 14
15.456534371565072 55 76 24
14.2966735441195 50 71 19
14.95585408831084 49 71 15
14.367420830988456 50 69 14
14.82058246504669 53 73 20
15.6330675933335 55 76 29
15.132525452907627 56 77 31
15.132525452907627 56 77 31
15.263204764246026 61 80 38
14.551238311799246 61 81 38
15.881442310175283 62 83 39
15.632175007660946 56 78 32
15.819232495889938 56 78 29
13.946817744117762 49 65 13
14.318634904902217 49 67 14
14.387334660467502 51 69 20
13.946817744117762 49 65 13
14.203542109493903 50 66 18
14.320763612175652 61 78 35
14.593405761668349 57 75 33
14.320763612175652 61 78 35
14.732832841250172 54 69 27
14.690186293988807 53 67 24
14.206670273490943 55 70 26
14.783327878930832 48 63 20
14.783327878930832 48 63 20
14.690186293988807 53 67 24
15.2172909507726 63 81 39
14.839888203784351 59 77 35
14.95305489818252 63 82 40
15.214370577744615 60 79 37
15.915634242990857 19 31 9
19.365413819797126 16 26 0
13.30172282385022 52 68 18
13.455579095440564 43 59 7
13.792687803585302 44 59 9
13.153378029184832 48 64 12
13.06819789245647 53 69 21
13.369238607392303 53 69 18
13.382334515126526 43 59 11
14.1532243797403 41 60 10
17.951681297656187 46 64 22
18.424127916027192 44 64 25
18.935643480577617 45 65 25
14.845513929782951 45 61 14
14.70620634726238 41 57 9
13.89408585908882 41 57 8
14.634060489732201 43 59 11
13.996223136521792 43 59 11
15.160903893643448 54 70 23
15.334303213278117 54 74 30
15.129682667343458 53 75 32
15.011818769825158 52 68 23
14.279844949025993 53 74 31
14.798796121465998 52 66 20
14.201422969054356 54 74 29
14.698933886065923 53 73 30
14.622759656258408 55 73 27
15.172453427368 55 73 28
15.129682667343458 53 75 32
14.802741143309786 48 64 16
15.826079973748524 57 72 27
15.102535028747049 53 71 25
15.479381519407523 55 75 31
14.862011664203418 54 74 30
14.790625814880153 54 74 30
14.850220691072595 56 76 31
14.917745155982335 52 70 25
13.465718903115652 52 70 24
15.31740321535012 46 62 18
14.331821554632567 53 73 31
15.644156096534497 47 63 19
13.648846270524901 51 71 28
15.384531392198733 54 71 26
15.280855325456416 53 73 31
14.811744015017625 52 72 29
16.180909048089728 54 69 27
15.765585277401177 56 74 26
15.506027873955647 55 73 25
16.269553305414462 55 69 25
15.280855325456416 53 73 31
16.269553305414462 55 69 25
15.47863883551501 52 68 24
15.802058059361531 51 66 24
14.811744015017625 52 72 29
15.918615497793292 54 75 28
15.216190271717961 57 75 29
14.068847541870099 55 76 28
14.215384510279636 54 75 27
14.215384510279636 54 75 27
13.398743269718892 53 78 35
14.70940270753799 53 74 28
14.150962840082885 53 73 29
14.907595412875493 52 72 28
14.282956401660963 53 73 29
14.56432704531408 52 72 28
14.93212183550761 53 73 29
14.281979437884416 52 73 27
14.670213639892978 52 73 27
14.670213639892978 52 73 27
14.24012329244239 58 79 33
14.459269781748596 53 74 26
14.621027228968908 57 79 33
14.459269781748596 53 74 26
14.69418670253526 53 74 27
13.962582279444902 52 73 26
14.065214219678255 52 73 26
14.315229547676635 54 75 27
14.1743382195759 49 67 28
13.969967071734386 48 68 29
13.858206068172526 50 68 28
13.891990046751204 51 69 30
13.200633933085633 49 67 26
14.021219127376469 41 58 26
14.347451898996935 48 65 26
13.904896871795911 48 64 39
13.779827439961663 51 69 28
14.698613875719833 53 75 31
14.045275780935633 52 73 26
14.766942749767939 50 70 25
14.586519556898622 52 75 27
14.689221454437131 50 71 25
15.002308899920505 52 70 32
14.625476547750152 54 77 36
14.360891013486325 53 74 25
13.83253172362697 48 68 26
14.534161993556507 51 72 26
14.591478280232606 54 75 27
14.805425007068443 53 75 27
14.930659285842676 51 68 33
14.32121430732145 51 70 25
14.906618791450923 52 72 30
13.86738449830543 49 69 26
14.02083785985002 64 88 48
14.21168863397354 63 83 41
14.149404625327925 66 86 46
14.224008927245883 63 85 44
14.58699217104788 53 67 24
13.790569835690222 56 72 28
14.134530154997368 57 77 33
14.49258882237177 53 70 24
14.65140136256914 53 67 24
13.912274626397057 61 79 35
13.912274626397057 61 79 35
13.97561547331826 56 74 30
13.988143693550287 57 77 33
14.92967003185064 60 80 36
14.622838582515326 63 82 40
14.562313196485556 62 82 40
13.672997516094568 60 80 38
14.166488511458832 60 80 38
14.715458237057426 59 77 33
14.779307575643115 61 78 34
14.245102813512215 59 79 37
14.170609565449695 61 81 39
14.665072705039721 60 82 41
13.595249171010531 61 85 45
13.303213357703333 63 87 46
13.610178175557055 67 91 50
13.467799953560473 74 99 56
12.751362382099568 63 85 45
13.595249171010531 61 85 45
14.10487783474149 58 80 39
13.926745954697813 55 76 37
14.276188821529997 53 74 35
13.132119287491646 59 83 43
13.467799953560473 74 99 56
13.79764332904041 66 90 49
13.691087715269374 61 85 44
13.79764332904041 66 90 49
14.237298655409424 65 89 50
13.114751937968972 65 90 50
13.936652245668594 66 90 49
13.627448299554585 66 87 48
13.336117605050841 65 89 49
13.627448299554585 66 87 48
14.077044638115003 61 81 39
14.117407595181422 63 81 39
14.800130978387916 42 58 12
14.816394649917001 46 62 18
13.634714005267144 46 66 29
13.662014340107572 46 65 29
14.290406474853159 58 80 37
14.977733337446102 55 77 32
14.987835583315302 48 68 34
15.386313589557162 49 71 26
14.649978401522375 58 83 36
14.780973633233984 56 78 33
15.237710139943287 53 75 30
14.628087691203264 48 68 33
14.29593477680488 48 70 29
14.597181431753231 51 73 32
14.649978401522375 58 83 36
14.084047814291136 62 84 40
14.752238518908994 49 71 26
15.097671816757629 47 67 31
14.930941702813238 49 69 34
14.628087691203264 48 68 33
13.513687958150788 53 69 19
15.459301774509113 53 69 26
14.723042022195616 38 59 5
14.25391582463868 25 43 1
13.604784431107065 58 72 27
13.275598637700567 59 75 28
12.718734493579175 47 62 12
15.288434457496745 49 65 17
14.873241055718404 52 68 19
15.31525257647275 51 71 27
14.430796255328817 46 61 12
13.587304638733054 3 17 0
13.05088028097373 37 54 14
12.829144181828426 38 58 13
14.706039243920419 51 72 25
14.98039638535781 54 74 30
14.206488981410933 50 68 15
14.60809356145064 58 78 26
14.739461044467731 58 78 26
14.936767597531531 55 75 23
16.992842320498067 70 91 44
14.785914945265446 46 68 12
13.948818552222523 49 65 13
14.029721144130155 50 64 17
13.831657486603122 45 61 10
14.920877184272703 23 36 4
14.393403461585809 41 57 8
15.390794257340259 57 78 29
14.936870666040344 57 78 34
15.149421737628654 56 76 29
14.627608921087267 50 70 15
15.13914878772252 51 73 16
15.263204764246026 61 80 38
14.81964094354701 59 79 35
14.82058246504669 53 73 20
15.632175007660946 56 78 32
14.350576150129903 52 73 19
14.553156022731404 53 74 20
14.93873887278326 55 76 26
15.390794257340259 57 78 29
13.851259407262784 53 71 23
14.783327878930832 48 63 20
14.732832841250172 54 69 27
14.203542109493903 50 66 18
14.063019425562958 50 66 14
14.910102404220524 61 77 33
14.705447589529962 56 74 27
15.169228826466384 56 74 29
15.2172909507726 63 81 39
14.910102404220524 61 77 33
14.755020484539477 64 82 40
14.755020484539477 64 82 40
17.617790212598432 7 15 0
13.642633841603 45 60 8
13.30301087587421 47 63 14
14.007033291605895 41 59 10
14.634060489732201 43 59 11
14.063338272835104 45 61 12
14.802741143309786 48 64 16
15.187947201392113 56 77 30
14.862287439475722 49 63 15
15.307518470241027 55 73 27
14.626752157461949 55 73 28
14.874068847055792 50 66 20
15.125822916568664 54 74 30
14.99987231339113 53 74 29
14.786677560719308 54 74 30
15.540092455074259 56 76 32
14.504979659417677 52 72 29
15.31740321535012 46 62 18
16.577549380678736 53 68 25
16.018164253328262 57 71 26
15.67409110614833 55 73 27
15.280855325456416 53 73 31
16.083235304195735 57 75 29
15.47863883551501 52 68 24
13.636729008966151 53 74 26
14.465236781598032 52 72 28
14.69418670253526 53 74 27
14.27593584105241 53 74 27
14.56432704531408 52 72 28
14.200621765230244 55 77 31
15.201481546927011 52 72 28
14.420368572146785 51 72 25
14.631873269519271 52 73 26
13.791335048505736 51 70 29
13.081235597997926 48 68 28
13.8405203932729 49 66 33
14.288912327834758 52 70 29
14.060749993343773 46 63 31
13.803094714421775 50 67 34
15.330623507007768 51 72 27
14.664785167918886 54 76 29
14.620529355330328 56 80 39
15.325903937285567 48 70 25
14.177226415365226 52 71 31
14.925813247230659 50 69 33
14.325798984612419 53 75 29
14.292531123501083 53 73 29
14.607299619239555 53 73 29
14.818138214313349 68 91 51
14.149404625327925 66 86 46
14.557415706890282 54 70 25
14.5398314866981 55 74 30
13.908077026288431 55 74 30
14.65140136256914 53 67 24
13.912274626397057 61 79 35
14.600450069752608 56 72 28
14.77479350294873 63 82 40
14.719425594692902 60 78 34
14.634812753966369 63 83 41
14.170609565449695 61 81 39
15.236464072614162 60 80 38
12.839731575444135 66 90 50
13.142070662979378 59 83 43
14.10487783474149 58 80 39
14.10487783474149 58 80 39
13.281126072093192 76 101 57
12.706660896341738 59 80 41
13.70010177177012 55 76 37
13.610178175557055 67 91 50
13.467799953560473 74 99 56
14.10487783474149 58 80 39
13.351336364734957 64 88 47
14.237298655409424 65 89 50
13.494943390232512 66 90 50
15.355425321407239 42 58 14
13.753552856682196 47 68 29
14.474982242306316 48 68 30
14.897192553602082 51 72 35
14.767680247934388 52 72 32
14.562658809359341 55 77 36
15.07777072651506 52 74 34
14.17848478213279 45 64 12
14.677436671395682 57 71 27
13.713335785124947 55 70 25
14.095931530990566 45 61 11
14.992358360927692 46 60 11
12.46435145403136 2 17 0
14.528200641607123 51 70 18
13.31944720167183 51 69 23
14.597229852101162 49 68 14
13.545749936899496 57 75 26
13.855288333256157 49 68 13
14.785914945265446 46 68 12
14.842708736063027 48 67 12
14.575688259643714 48 69 13
14.373425961162825 47 69 12
13.858569863105688 30 46 4
15.708589025137128 56 77 26
14.936870666040344 57 78 34
15.443755407570187 56 78 30
14.572887139099246 46 61 20
13.514085388910244 46 63 17
14.928185188212789 53 70 25
14.571858516055434 64 82 40
14.705447589529962 56 74 27
15.184274876752797 40 55 12
14.930743392956641 43 59 13
15.05011835669404 45 61 16
13.889882762234265 46 62 12
13.255261592291726 48 64 14
14.205533888492326 54 74 32
14.429894053450706 52 73 26
15.900581491765077 52 67 26
14.205533888492326 54 74 32
15.765585277401177 56 74 26
13.40414140579512 54 76 30
18.451427143173575 47 65 23
13.347408206525822 50 69 28
13.642778269987323 49 69 28
14.766942749767939 50 70 25
14.840772857525062 50 69 24
14.906618791450923 52 72 30
14.838933097976332 53 75 28
14.12240646238613 49 69 26
13.08518838893912 48 68 26
14.69414551977113 51 71 25
14.818138214313349 68 91 51
14.145277393537816 66 86 45
14.599880533407532 61 81 39
14.077044638115003 61 81 39
14.956403272498802 60 84 44
13.627448299554585 66 87 48
14.683841221266388 67 91 50
15.386313589557162 49 71 26
14.562658809359341 55 77 36
14.961158507375641 50 69 38
14.767680247934388 52 72 32
12.746571170771993 53 69 19
14.254311368632049 50 70 24
14.936870666040344 57 78 34
15.133447508432829 56 77 27
14.783327878930832 48 63 20
14.70639642182976 51 70 17
14.113860178807693 55 73 29
13.072665178437143 51 67 17
18.31319103733776 46 64 24
13.298620968074403 50 66 15
15.334303213278117 54 74 30
14.27593584105241 53 74 27
15.354031852462974 46 62 18
15.214186849424264 52 68 24
14.459269781748596 53 74 26
14.242881766903889 54 70 24
14.246980723547093 54 71 25
15.725315280002036 53 74 29
13.483904940530582 54 75 27
13.409255041911013 49 66 24
14.838933097976332 53 75 28
14.805425007068443 53 75 27
13.142070662979378 59 83 43
13.70010177177012 55 76 37
14.367992506731406 61 84 43
14.879810876182864 45 61 17
14.232800779684082 61 80 38
14.558303023409636 64 84 42
14.189916443782494 69 91 48
14.806611350260242 50 70 32
13.988143693550287 57 77 33
13.988217757841882 49 65 21
13.238692841040224 51 69 20
13.05088028097373 37 54 14
15.01581712166676 48 64 16
14.605823434939461 50 70 22
14.215615409098232 51 72 19
14.113860178807693 55 73 29
13.425071738239973 56 75 24
14.481460615164892 52 68 23
13.398743269718892 53 78 35
14.917745155982335 52 70 25
14.802741143309786 48 64 16
13.73024570261316 57 80 36
15.199476185896419 53 75 31
14.626752157461949 55 73 28
14.790625814880153 54 74 30
18.44657718168981 46 64 24
18.44938048075702 47 65 24
14.297124998668117 52 72 28
14.683841221266388 67 91 50
14.882333677890319 51 73 32
13.467799953560473 74 99 56
14.394757485376923 61 83 40
16.480041830610382 66 88 43
13.187527923643406 52 64 19
14.116744016384121 49 65 19
16.026740114067387 49 66 24
14.32121430732145 51 70 25
14.945228464590825 52 72 29
14.68701199201455 55 73 27
14.752238518908994 49 71 26
15.187947201392113 56 77 30
15.695477967375341 56 72 25
15.040229189955578 52 73 27
13.90509344617023 57 73 28
14.245137004047372 47 68 18
13.30172282385022 52 68 18
