10.54637729300429 65 68 53
10.974423416402459 37 39 14
10.270629587947905 48 50 23
11.128093331566202 39 42 14
11.024184764241234 47 49 23
10.764277024752731 36 38 12
9.928186824025351 51 55 31
10.238586413132676 38 41 14
10.938771380849067 40 42 16
10.270629587947905 48 50 23
10.371214796037114 38 39 11
9.940485722840446 62 63 54
10.016964107257003 59 62 54
10.958840948895064 65 67 61
10.026069819697698 56 59 38
10.346186152540392 68 68 63
11.213722213429493 70 70 63
10.016964107257003 59 62 54
10.407167505441437 69 70 62
10.026069819697698 56 59 38
10.459072471602623 65 66 56
10.572371393811135 38 38 8
10.40454109553883 32 34 6
10.42498712205584 35 40 11
11.803354528456762 40 42 16
10.94984504433876 37 42 15
10.94984504433876 37 42 15
10.885626421171354 36 39 12
11.330958507144668 43 45 17
10.930401738753877 48 51 22
11.44889722696866 51 54 25
10.455925341008667 47 50 20
11.032279468898713 47 50 20
10.430448300998558 51 54 23
11.05636980463423 47 48 20
10.940998045869643 54 57 22
11.760670417436993 42 44 18
10.34498966730595 55 58 25
10.5547916492844 52 55 22
10.838859662476501 50 53 19
10.549253706578302 47 53 17
10.60961546253114 51 54 20
10.955903307616238 48 54 18
10.33651303513885 49 54 23
10.472699565176997 52 57 24
10.410082384192533 48 53 20
10.91665311635301 50 54 19
11.118408145298257 51 56 26
11.340306835584018 53 55 33
11.317803946232425 52 56 30
10.359400957850555 50 55 24
11.317803946232425 52 56 30
10.359400957850555 50 55 24
11.116302537360932 54 56 33
10.988095724249673 50 54 32
11.491121293505552 52 54 29
9.6883897338932 42 44 16
11.42044067635576 47 50 19
11.05502260056597 45 47 17
11.450462534990354 47 50 15
11.28257887980155 45 48 15
11.05502260056597 45 47 17
11.28257887980155 45 48 15
11.039198694898955 42 43 15
11.943174024743092 48 51 17
10.452489312381946 42 42 14
10.452489312381946 42 42 14
11.728441682737671 46 48 19
11.284653462213253 44 47 18
10.904931117433426 38 40 13
10.178660889791578 47 49 23
9.90347534905259 44 47 20
10.53096099757421 43 49 12
10.491017731154846 44 50 11
9.812836721989681 45 48 12
9.631482285315633 43 49 10
10.491017731154846 44 50 11
10.430526614323353 48 48 19
10.656442394074153 50 52 25
9.520042387742517 51 53 28
10.838935024953528 47 50 19
10.34824033439025 49 52 21
9.41031110226212 50 53 23
10.51356930425272 47 50 15
10.656442394074153 50 52 25
12.640692724854905 54 58 24
11.722117942642596 43 44 18
11.00886499681446 41 42 17
11.757677122987984 49 52 18
11.492469202421022 44 44 15
12.078632143370763 45 48 20
12.88822311251657 47 50 22
12.518148868114647 51 54 25
10.935791831182128 40 42 17
12.55471981385329 47 50 22
11.757677122987984 49 52 18
12.917823889654146 55 58 22
13.560087886919556 54 57 22
13.02251093049221 50 53 18
14.049992776548422 55 58 22
14.049992776548422 55 58 22
13.220927426661975 54 58 23
13.083935053260006 52 55 22
12.272537640907737 48 51 22
12.404207535641131 56 59 22
12.788478492512297 56 59 23
11.780054507242754 54 57 24
12.035719967263823 55 58 23
11.90695148434197 55 58 22
12.818253259606665 51 54 24
11.283644034468054 54 57 23
12.035719967263823 55 58 23
11.747587205358267 45 47 21
12.937954943009213 54 58 23
10.259552123757578 55 59 32
10.082402701586648 55 57 31
10.742164507220087 56 61 31
10.573104215746769 56 61 32
9.28626795906467 51 53 29
10.701587609480951 57 64 32
11.441494880311083 58 61 25
10.691044387532246 57 60 25
12.410433861608919 57 60 24
10.642470869096266 52 58 21
10.970198160447344 52 58 21
10.808280814236923 52 58 22
10.970198160447344 52 58 21
12.926791176207997 57 61 22
11.280843140907079 59 66 30
11.67849737907097 63 69 32
11.03265559763123 55 60 29
11.76132919936959 56 61 28
10.46174519359858 54 56 30
11.477417324889338 57 63 27
10.713174906446007 59 65 29
10.487700147623059 56 63 31
11.32224253475712 56 59 30
11.32224253475712 56 59 30
11.04796304735778 53 55 29
11.04796304735778 53 55 29
10.935969089641283 54 59 29
11.340248206562883 55 60 29
10.884187653030077 54 59 29
10.884187653030077 54 59 29
10.759475225086085 55 60 26
10.873821480931205 55 60 28
11.56957985650404 60 66 30
18.98710196161017 64 70 33
18.985067523649324 60 66 29
19.224012794958846 54 60 23
11.101089322327686 54 59 30
11.628151604872128 54 55 43
10.455258197467083 52 54 30
10.679272278222195 49 51 24
10.859225883369907 49 51 24
10.774184093114648 47 50 30
12.366953743561155 49 51 32
10.638455501416654 51 53 29
11.376548794721481 50 52 30
10.70420324824304 47 49 29
10.962825033851162 46 47 28
10.140419438682262 49 51 29
11.818867145590277 52 54 32
12.216714804116254 53 55 35
12.36691380599998 51 53 34
10.825893648243309 50 54 22
10.819624982548815 49 52 21
10.385429874430846 49 52 21
10.307938112619023 49 52 22
10.307938112619023 49 52 22
10.569837517986752 48 50 23
8.927634044393153 50 52 26
9.69100563273722 51 54 25
10.39196045974007 50 53 23
10.39196045974007 50 53 23
11.150373991783429 45 47 28
10.757885306137924 51 56 25
11.355141009529207 52 57 26
11.042346575317625 51 56 26
10.9452149074081 51 54 22
10.950881196310306 53 55 30
10.585767582283834 50 51 24
10.585767582283834 50 51 24
10.071693727945334 63 67 48
10.248980060587586 39 41 14
11.057399980216083 36 38 12
10.421886163072795 42 44 18
10.758512455691326 41 44 16
9.735596240389567 40 42 16
10.613713292981844 29 31 5
10.371214796037114 38 39 11
10.407167505441437 69 70 62
10.916925227512504 67 67 62
10.191461300822148 62 63 53
10.609895448264272 68 68 63
10.662371497555938 39 40 12
11.56354671289496 40 42 16
10.71882908895216 35 38 11
10.42498712205584 35 40 11
10.318304897215107 35 38 9
10.77416355958811 35 38 9
11.54923422715857 42 45 18
11.287002708757417 44 47 19
10.674069033725948 52 55 23
12.115388266418764 48 51 18
11.861929894541651 49 51 23
11.629975035484689 49 52 17
11.215544672593506 51 54 22
11.006603163806489 52 57 24
10.91397630406792 49 55 19
10.711212033314398 52 58 22
10.549253706578302 47 53 17
10.810824953043792 51 53 30
10.836163633216158 48 54 18
11.150756961117786 49 52 19
10.985063801616963 52 57 24
11.600274679733834 53 55 34
11.054317719591548 51 56 24
10.545318852578088 50 55 21
10.988095724249673 50 54 32
10.751212268654902 50 55 22
10.308313639614884 43 46 17
10.31863705320655 44 47 15
11.005928548700682 43 46 18
11.726445613316972 47 50 15
11.782313002930467 46 49 18
10.277916712502181 44 47 14
9.723811519626034 42 48 17
10.563511090328145 44 50 13
9.846215370167707 46 49 16
10.090494440437968 45 48 14
10.28827062689685 44 50 11
10.19955972557867 45 48 13
10.34824033439025 49 52 21
10.630560944524268 47 50 19
9.064078584417425 52 55 25
11.492469202421022 44 44 15
13.027273718669733 51 53 25
11.757677122987984 49 52 18
12.88822311251657 47 50 22
12.095031579608735 46 47 19
12.985638184595453 47 49 22
13.083935053260006 52 55 22
13.083935053260006 52 55 22
13.36670686499516 50 53 16
13.560087886919556 54 57 22
13.431175956117904 55 59 21
12.937954943009213 54 58 23
12.404207535641131 56 59 22
11.825935298044293 55 58 23
12.326460019418095 56 59 24
13.208850804943488 53 56 20
10.999893810547256 56 61 30
9.15632776557764 53 55 30
10.002563606087435 53 55 29
9.28626795906467 51 53 29
10.082402701586648 55 57 31
10.990382146205972 54 57 22
13.21469801521659 57 61 22
12.711239774042836 55 61 22
11.366062051519876 56 58 34
10.759475225086085 55 60 26
10.935969089641283 54 59 29
11.05113310509529 58 65 29
10.84683624042575 59 66 30
10.965929623743131 60 66 30
11.093389786383877 56 58 32
11.46217656364202 62 68 31
11.454212564498986 55 57 33
11.077620686730546 54 59 30
11.32224253475712 56 59 30
11.316762187547692 54 59 30
19.13005756388633 54 60 23
11.176582193087452 53 55 30
10.904906112809401 50 52 24
10.962825033851162 46 47 28
10.323146829122518 51 53 30
11.115868783370352 47 47 26
11.008075366110582 47 47 27
11.513285436481457 52 54 32
11.030051715620747 48 51 19
10.563920093409354 49 52 21
10.493707619974145 47 49 22
10.738949236297618 48 51 24
10.598577845460778 52 57 26
10.497340797850267 51 54 22
11.171550421772784 51 54 22
11.322799244883656 51 54 23
9.780181751515165 42 45 20
11.316057342526404 45 47 21
10.346186152540392 68 68 63
10.609895448264272 68 68 63
11.656897288731784 66 68 60
11.364616127997778 53 56 24
10.203032524528505 53 56 23
11.40666678035994 40 42 16
11.664966277569238 49 52 23
11.378139709848336 46 48 20
10.872152146002943 45 50 17
11.42044067635576 47 50 19
11.137656923212576 40 43 15
11.13687706609434 47 50 19
10.862807379121085 43 45 18
10.254917359070122 51 53 27
9.846338888044675 50 52 25
11.539493483187004 47 48 20
11.539493483187004 47 48 20
10.953902383708416 40 40 12
11.283644034468054 54 57 23
13.426556444518662 52 55 19
12.15311653969536 52 55 24
11.757677122987984 49 52 18
11.405395967284687 53 56 23
12.272537640907737 48 51 22
10.240024334375171 40 40 10
11.17066405769284 61 67 31
11.947255664232395 58 65 29
11.168048128155913 57 63 27
10.52910135402046 54 59 31
11.05113310509529 58 65 29
11.441494880311083 58 61 25
10.989108137714275 52 57 24
11.300790707831794 53 58 30
11.101089322327686 54 59 30
11.261842398238105 53 53 43
11.2827658427345 52 54 31
11.053095765384427 52 54 30
10.640156104848366 50 52 30
10.922536009202474 49 51 26
11.01524678811851 51 56 26
10.589076008645957 51 55 26
9.580182756798754 49 52 22
10.899170606632664 51 53 28
11.165475820856509 49 52 20
10.220318476593302 47 50 23
9.98492727444561 45 47 19
10.360943769869724 37 40 12
11.760670417436993 42 44 18
10.540211726513057 53 56 22
11.242678386529635 51 54 20
11.680354623263526 52 54 29
10.478114080569778 49 54 25
10.566314482481559 50 56 20
9.835396106542426 46 49 18
10.311265633868043 47 50 15
11.325208266620173 42 44 16
11.235548994894145 55 58 25
10.828010115253127 58 63 30
10.573104215746769 56 61 32
19.079736749249477 57 63 26
10.73744013437661 54 59 23
10.487700147623059 56 63 31
12.197594152427623 54 57 22
11.454212564498986 55 57 33
11.182650760840197 54 56 30
11.261842398238105 53 53 43
9.060854489918198 50 52 26
10.311265633868043 47 50 15
10.713174906446007 59 65 29
11.913437694325953 56 59 23
10.762190465526295 54 60 23
12.508481949202707 52 55 20
10.905393547807698 53 55 30
10.270629587947905 48 50 23
10.312902262196308 61 66 44
10.545318852578088 50 55 21
11.06652035256298 46 48 22
9.723811519626034 42 48 17
10.385429874430846 49 52 21
11.958746364245727 43 45 19
12.846136910296677 46 47 21
10.609895448264272 68 68 63
