16.4839885002672 24 26 1
16.55892545716977 14 15 0
11.467464337962882 42 47 18
12.368699754009894 42 46 26
12.416990621165807 31 36 21
11.418623540431689 40 45 19
12.130304127939523 43 46 15
11.307595836254066 40 43 12
10.436396629993054 42 45 10
11.030879697873075 38 43 6
11.092864213891465 2 6 1
11.790923578462849 34 38 17
12.022614480717227 38 43 21
11.746552318609343 21 26 11
11.573531512243612 44 47 14
11.177807899310045 44 47 13
11.304063508712668 39 42 11
11.422226316034635 45 48 13
10.929959367888626 41 47 11
12.110494499592475 39 42 11
12.691086728846754 41 44 11
10.850419554397645 34 41 5
11.18281290083125 32 35 4
11.659225085341136 36 39 8
10.869116537370509 37 40 9
11.1036088662003 31 36 3
10.444338407451601 32 39 3
13.458593090727863 44 49 15
13.33454266607013 45 51 15
13.654941517645941 40 43 10
12.850689181667397 39 42 11
13.230819335357214 43 46 13
13.362000599060455 40 43 10
12.814936690119335 37 42 9
13.76136032238047 42 45 12
12.52276945432991 39 42 11
13.69451780013718 40 45 12
13.126376120951743 41 46 13
13.640063711502394 44 47 14
14.193455732108124 47 53 17
10.850959597792023 40 45 17
11.293500762855677 41 48 15
10.962882779899074 42 47 15
11.524722541511462 45 52 18
11.392298689080336 41 46 15
11.360481486249698 44 51 21
11.414841536745225 45 52 20
11.994316033778123 44 49 20
12.423355124011824 45 52 17
12.43306327812702 44 51 15
12.49393623309768 46 51 17
11.802345744723217 46 53 21
12.128548339670699 42 49 15
10.480850610733988 36 43 12
10.330450614868516 49 54 21
10.660584637449764 42 51 19
10.309375330997517 40 47 14
10.791253047304318 44 51 23
11.136253954544031 45 51 22
10.848465792015785 51 54 25
11.356859123138259 6 11 0
10.528602554733503 12 18 0
11.246879014164838 46 55 23
12.963812715713397 44 51 15
13.538777929993323 45 50 17
13.538777929993323 45 50 17
8.87395685704005 51 54 23
9.767011315530162 50 55 22
8.869130630543616 47 54 20
8.687033766503488 49 54 23
10.226995283022744 53 56 24
9.377847982446896 51 55 23
9.44362750702638 52 55 24
8.830228376223015 52 55 23
8.372556990759872 49 54 23
8.733134212818246 50 57 25
10.195895135583694 48 55 19
8.930118186747492 52 59 23
9.34392197520576 48 55 21
11.564184159241126 50 55 24
11.73220879075557 53 61 26
11.496318778622161 53 58 25
11.087257449438008 51 56 25
15.835763354692451 48 57 20
15.793913421228991 48 55 19
14.231534546466035 46 52 16
14.839462033635025 48 55 19
9.617356992753905 52 57 23
11.184802637277594 51 55 20
10.604358080419846 54 60 24
10.515081685422022 52 56 23
10.451949243206005 51 54 21
8.535443164669516 34 37 8
16.003691465066556 21 19 1
9.441848799326623 50 54 23
8.682731061707795 48 53 22
8.506331528018215 52 55 24
9.001887368547422 51 54 23
8.135901683812936 49 55 22
8.881345529500301 53 56 25
9.219155653730276 53 56 25
8.317841816767418 40 43 12
8.929825060148378 41 44 12
7.677154296100163 40 43 10
8.222833952937766 41 44 9
7.920402325761989 39 42 11
8.142345043725351 37 40 9
9.52983111449314 43 49 12
8.645520102103276 41 44 11
8.362742125350472 42 45 11
9.40120688421994 42 48 12
9.183412284633745 43 49 12
7.904909627030065 46 53 19
8.443380468167794 46 53 17
9.496420431938313 50 55 24
9.636301217354738 50 55 24
8.333805302887503 51 54 23
8.868440297352805 53 56 25
8.492856466342335 51 54 23
9.41147416628691 49 52 21
9.347669415496606 47 52 21
9.489743075176884 47 52 21
9.41147416628691 49 52 21
8.671902836839688 49 54 23
8.989330000007666 47 54 22
8.71808329452713 48 53 22
9.718652754117006 49 54 23
9.368879934317075 49 54 25
9.368879934317075 49 54 25
9.368879934317075 49 54 25
8.779941130682841 48 53 22
9.239408999902253 49 52 21
9.136805307152315 51 54 23
8.847840908353376 48 53 22
8.847840908353376 48 53 22
8.22475022260063 44 51 14
7.912150704128716 44 52 17
9.053561391060112 46 52 16
9.093453891866044 41 47 10
8.95590775981386 44 51 14
8.9693697517102 44 47 11
8.268060160898973 46 53 21
7.732984627303985 48 53 23
8.219351635349344 48 53 23
15.815309079772492 51 58 22
15.807678240277236 50 61 23
15.807678240277236 50 61 23
16.164533418558914 25 23 5
16.504845210545227 42 42 15
16.664280075544646 40 40 11
16.664280075544646 40 40 11
15.954002894235975 21 19 3
9.449041655684523 52 56 25
15.689023725553714 45 45 17
15.251937610682495 32 28 6
18.04154487935459 34 28 6
15.60666881004972 18 12 4
16.08261487677057 9 6 0
20.04037948894862 41 40 13
14.56370436903363 34 37 8
15.492445022966779 22 24 3
12.082440077387103 45 48 13
12.192796068470889 35 39 19
10.772576026040198 7 13 0
10.51110766892211 30 37 2
11.102457888302876 43 46 13
10.861952702958268 41 44 13
11.002927176403817 44 47 15
12.691086728846754 41 44 11
11.340803751150311 37 40 9
13.76136032238047 42 45 12
13.321436487156657 37 41 8
13.920529002838716 38 41 8
13.126376120951743 41 46 13
13.458593090727863 44 49 15
12.562504231851243 42 45 12
12.148320340553928 38 41 10
12.226857933981043 40 43 12
14.379773485276324 43 48 14
11.247455555961663 42 47 19
11.282812129075888 42 49 17
10.839834604472294 39 44 19
11.642021947178508 45 53 20
12.200835007782421 45 50 18
11.3481816688932 40 47 12
12.522873968003926 43 48 18
11.101991706431757 45 54 22
11.727745594142707 30 36 12
10.586928497117901 47 52 21
10.848465792015785 51 54 25
10.624788587158422 47 54 21
11.312456197017656 47 54 20
11.798717426865732 51 58 24
9.760519076894752 50 54 21
9.054566693673975 48 55 21
8.921397482885718 52 59 26
9.727927721116979 48 55 20
9.265980823578378 51 54 21
9.265980823578378 51 54 21
8.876274867809967 50 55 24
9.171257023846726 51 56 25
8.657016420831921 50 57 25
10.037895951569931 50 55 24
11.087257449438008 51 56 25
11.087257449438008 51 56 25
14.231534546466035 46 52 16
14.043250182159156 47 53 17
10.852470233375845 53 59 23
8.324723721667683 37 40 10
8.391204643220824 36 39 8
9.576548247018367 51 54 23
9.219155653730276 53 56 25
8.858454076072677 51 54 23
9.412052973247684 50 54 23
9.253498962636892 40 43 10
8.59191034065064 42 46 13
9.05882074236924 40 43 10
7.684609986164628 41 44 11
9.170264513576594 44 50 14
9.170264513576594 44 50 14
8.08969769226193 47 54 22
9.410990591241605 48 53 22
8.261131052762256 47 54 22
9.552598919359214 49 52 21
9.064753509401099 48 53 22
8.71808329452713 48 53 22
9.875960777719266 49 54 23
8.854310887520464 49 54 23
9.310935575746718 48 55 21
8.938145432749518 49 54 25
10.21458167531956 50 55 22
9.983054576146381 52 57 24
8.22475022260063 44 51 14
8.9693697517102 44 47 11
9.093453891866044 41 47 10
9.083686137587282 49 54 23
15.815309079772492 51 58 22
15.815309079772492 51 58 22
16.696279762809123 42 44 15
17.07314573685825 27 26 6
16.583785162161785 43 43 12
16.17553656401047 40 38 13
9.419268582683918 52 55 24
16.129921446038047 16 15 0
15.867207569666183 20 15 8
11.443081469779614 42 45 14
10.933612558105269 44 47 13
10.552410379121326 48 51 20
11.519783904033353 38 43 19
11.154645166315577 42 47 14
10.679516007009868 29 34 1
11.18281290083125 32 35 4
13.043656320710294 40 43 10
11.320194184606065 45 48 13
11.680015714204318 39 42 9
12.113761790690164 38 41 8
10.60225941193252 33 40 4
14.075883125074956 47 53 17
14.075883125074956 47 53 17
11.091410837721027 39 45 18
11.578311507659668 44 51 17
10.195895135583694 48 55 19
10.330450614868516 49 54 21
10.652705862674297 35 42 10
8.610508451411492 49 54 23
10.87273272238358 34 40 16
12.230466250676155 42 47 18
8.794190029394631 50 53 24
11.73220879075557 53 61 26
11.153773146352778 51 57 25
10.515081685422022 52 56 23
9.413186924703258 51 56 24
8.135308860623967 38 41 10
8.362742125350472 42 45 11
9.082798216036528 42 48 12
9.251796786253935 51 54 23
8.663103588762956 47 54 20
8.763841115021982 50 53 22
8.967904491057833 52 57 28
8.95590775981386 44 51 14
9.489743075176884 47 52 21
15.226938910685009 20 17 0
11.491932210058302 41 46 19
12.416990621165807 31 36 21
10.920654939687235 38 43 19
8.794190029394631 50 53 24
11.630298666474703 41 46 13
12.850689181667397 39 42 11
11.97605984099435 40 43 10
12.877077703714168 46 52 16
15.793913421228991 48 55 19
9.788628882260042 52 58 22
8.761493357929517 53 56 25
7.785771666867966 39 42 11
8.682507305549604 42 45 10
8.763841115021982 50 53 22
9.018067056701677 53 56 25
9.10894251298823 48 53 22
15.407255861137935 45 42 18
10.791253047304318 44 51 23
8.568746141184546 49 54 23
10.423593768141954 46 53 18
11.895594016777936 43 46 12
15.78627223940717 50 61 23
8.619282014134273 30 33 4
9.115898808795114 50 55 24
8.381118273310832 52 55 24
9.304642450420207 43 49 12
8.411579149410363 49 54 23
16.044077834669718 15 14 2
9.727927721116979 48 55 20
10.952918788387818 31 36 4
11.120321887597374 39 42 11
8.156322619914643 48 53 22
9.375475766660001 47 54 20
12.86770454459119 47 53 17
11.314708860688077 34 38 17
17.55717054773972 35 35 10
