11.797398957748221 31 37 2
11.721253750494867 34 36 11
10.954768495190384 42 47 21
10.699077763322784 40 40 13
11.347719891173217 42 47 20
10.12861684210659 46 49 22
11.32483985597387 32 35 4
11.249959084961917 33 37 9
11.479925329070827 33 34 8
11.894498892815074 31 34 4
11.68690239408136 32 35 6
10.326618433524889 38 45 15
9.479776074324795 18 24 0
10.915284224630907 36 43 11
10.025984144372485 36 45 11
10.270551076586367 37 44 12
9.872948876085943 37 44 12
9.745293124218808 30 36 8
10.175188677071814 31 38 6
10.643502807277358 37 44 12
10.070539926220587 38 45 12
9.771290317590246 36 45 11
9.492164458747054 36 45 11
9.862502073785423 38 47 18
9.440774589586235 40 49 16
9.470381148968055 38 46 12
11.215286740638234 18 24 0
11.81412245406 32 38 11
11.987706692967034 33 39 12
11.71797622722295 47 54 24
11.922131348739148 34 36 11
11.726254489322589 36 38 14
11.65649909288483 31 36 9
11.707979009636452 39 39 15
11.460764249875064 34 40 15
11.544558887126705 34 40 15
12.029835644886582 35 41 16
12.343918488428988 34 39 14
11.491456218962115 35 41 16
9.76732151372646 50 59 28
9.165402558478306 48 56 28
9.00606394139894 22 30 6
11.014673151499982 45 52 20
11.289581348812563 49 56 23
9.90068892520978 46 54 22
10.807744755033633 49 56 24
11.349598035889343 46 54 21
11.375777343801936 48 56 23
11.644151726447848 48 55 22
10.654195023130377 39 45 18
10.997228975831561 37 43 16
11.053291419371734 35 41 14
11.661656011395607 35 41 14
10.667395005294656 42 51 21
10.609293574234709 42 49 22
11.175295984104462 28 33 5
9.772072215429151 38 41 18
10.86873843982525 36 36 9
10.688264102039653 42 47 20
11.245495323847027 33 36 7
9.537381095981415 19 23 0
9.772072215429151 38 41 18
9.791591000767113 36 45 15
9.678594263530996 38 45 13
10.175188677071814 31 38 6
9.513419638074906 23 32 3
9.732638786740655 37 46 12
11.961310137621885 34 40 14
10.9514400196061 44 53 23
12.176569233313243 35 37 13
10.81657941546555 35 41 16
12.480716691861973 34 39 14
11.89862048817323 46 54 21
11.616974557960772 49 57 23
10.379788050875018 48 57 22
10.049791748650454 48 55 25
11.644151726447848 48 55 22
9.942715518770418 48 56 25
11.24451230259445 42 47 21
12.262728907285421 30 35 5
11.354491502532277 34 36 13
10.695266974981342 38 45 13
10.1796336732131 36 46 10
9.10920223287881 5 14 0
9.466241961185803 27 36 4
9.643474604845247 34 43 9
9.422987995552955 37 45 12
11.678409816308614 35 41 16
11.179380786073548 17 21 5
11.699268045485907 36 38 14
10.424332134278085 36 42 16
11.033172711152721 50 57 25
10.305499123453462 50 57 24
9.774057087493691 53 61 30
11.46819130816067 31 36 7
11.797398957748221 31 37 2
9.957997066590854 23 25 0
9.938801264521826 39 46 14
11.987706692967034 33 39 12
11.94339433955463 36 39 15
12.19854203538116 34 40 15
11.747578197207575 34 36 10
9.907333828576359 48 56 24
11.367956147998056 35 41 14
11.566383243313204 35 41 16
10.763064684197825 38 44 17
10.182548149899308 37 44 12
10.743854910190517 49 56 24
11.431451046001563 28 35 5
10.316375734335198 49 56 24
10.60265947016376 40 49 23
11.902974712085406 37 39 15
10.71925226522868 35 40 13
11.19528799386565 36 41 14
