15.714776990301282 8 11 4
12.337002391016703 45 52 15
11.997111889159719 44 54 9
11.89017467110657 44 54 9
13.072414268082495 45 51 13
12.455983245323754 44 59 9
12.905245008850589 47 57 20
12.133908502163596 45 54 20
12.39063406518252 46 56 18
12.39063406518252 46 56 18
11.469716637805057 44 56 8
15.042818488224594 60 74 27
15.51650913192154 63 77 34
15.961803420183482 55 70 20
15.602385284592334 62 76 33
15.75140620696204 57 72 25
15.458697562836758 59 73 26
14.033559754342587 51 66 19
14.401960524527098 55 70 20
13.65794138096146 53 68 18
14.033559754342587 51 66 19
13.56700759911509 51 66 16
13.964778205797339 55 70 20
12.531304307673661 49 61 17
12.405568124598458 45 59 12
13.078461644751842 47 63 13
13.121799653656971 48 63 13
13.43326320986999 50 63 16
13.95507420339204 57 72 22
14.503628192661933 57 72 22
14.503628192661933 57 72 22
14.171038316954277 58 73 21
13.577284684695003 57 72 22
16.045154966861116 61 75 28
14.406807190423628 13 16 15
14.44675303876569 15 14 20
13.621950592806943 22 26 29
14.479256945536203 6 8 12
14.079363066200857 10 13 12
14.548539737917048 0 2 1
14.294487728967775 3 4 12
14.237420128704276 4 8 4
12.722485796853123 56 72 26
11.753577967522054 39 51 12
12.841564089573032 52 66 24
12.315801125674266 51 65 18
12.041534642205209 33 43 19
12.105123534230797 57 72 25
12.116368871273034 7 15 14
13.156668658185687 52 66 19
12.750240503345083 61 76 23
12.188357623216383 59 74 24
12.316311489601263 59 74 24
12.883129835779153 59 74 24
12.760860754983412 60 75 25
14.334588167533871 77 83 69
12.500647118252498 64 78 31
12.204038237523406 64 78 32
12.731323097075382 66 80 35
12.515507615062916 62 76 28
12.315926854207119 61 76 26
12.681880490580717 60 75 25
12.515507615062916 62 76 28
12.515507615062916 62 76 28
12.868325743748315 63 78 28
12.953222354375361 63 78 28
13.236383390677195 59 73 28
11.465311833102119 65 79 32
12.738867677968834 64 78 31
12.364155783732164 65 79 32
12.828551352516854 63 78 28
11.86511712973844 64 78 30
12.059174569802456 63 78 28
12.470566749228169 63 78 28
12.86220286913151 64 79 29
12.298134034560727 64 79 29
12.630301242553926 62 77 27
12.596030193482646 62 77 27
12.470566749228169 63 78 28
12.00780604335422 64 79 29
12.633916780620499 63 78 28
12.678774403589307 62 77 27
13.000855921517081 61 76 26
12.298134034560727 64 79 29
13.34119956028196 61 76 24
12.344211918526351 63 78 28
12.764439312012916 60 74 27
12.735775489405373 64 79 29
12.553891228097331 59 75 23
12.508585763763701 59 75 23
11.82643194807638 40 50 6
11.319691998345892 44 54 10
11.611021822610937 47 62 11
12.104474636923836 49 64 14
11.94251505548448 45 56 6
12.60478418271617 47 59 10
11.712305743194493 48 60 11
11.886609917738541 49 64 13
12.465083137974379 52 67 17
12.029377652595096 54 69 19
13.402975696495295 50 65 15
13.220258116932161 49 64 14
13.925470251867631 56 71 21
14.963025580455637 56 71 21
12.665423270518493 51 66 16
13.367739235863718 51 66 16
14.501068918964894 55 70 20
13.245491843050507 55 70 20
12.514196280067901 54 69 18
13.537019326633303 52 67 17
12.30250829799893 57 72 22
13.57599303943731 55 70 20
13.532494960336246 58 73 23
12.340602668560143 57 72 22
13.283676032020166 59 74 24
13.370345612384392 57 72 22
13.539593116715134 58 73 22
13.9894569442687 61 75 29
14.084646837013935 59 73 28
12.06723262788179 58 73 21
13.351549985263624 58 72 24
13.205370799991142 56 71 21
12.687113349818096 56 71 21
12.341679846664082 53 68 16
13.673269678803257 58 72 25
12.47942443591372 55 70 18
12.47942443591372 55 70 18
12.822184103324181 55 70 20
13.299133805150452 60 72 25
13.013345802693498 55 70 18
12.470730580064558 66 80 33
13.3102303293647 62 77 25
12.490564155455438 60 75 22
13.311461694985327 66 80 35
14.921248922140832 64 78 35
13.244028358294626 72 86 43
14.5526333202605 64 78 35
12.706925150168942 63 77 30
12.974223661342085 65 79 32
13.443657100188675 70 84 41
14.876694536231756 62 76 30
12.815581760987047 63 77 30
13.23155261448087 64 79 29
12.815581760987047 63 77 30
13.068801622342315 62 77 27
12.461270372158133 63 78 28
12.642693512840504 63 78 28
12.93265537941551 63 78 28
13.480232616402924 61 76 24
12.461270372158133 63 78 28
12.780646263186766 63 78 28
12.364538918823522 64 79 29
12.642693512840504 63 78 28
12.461270372158133 63 78 28
12.461270372158133 63 78 28
13.161367697596717 70 86 42
13.550408180330319 60 74 28
13.273830985794444 60 73 28
12.879983330703544 72 86 42
13.599308472334316 65 79 34
13.448042503789129 73 87 42
13.448042503789129 73 87 42
13.51107800079192 66 80 33
14.38897661699001 41 56 4
13.111935371239564 57 73 21
12.847502338471491 58 74 22
13.345502603967848 57 73 23
22.468560765170583 58 72 31
21.980303555396542 17 32 0
23.037900926867835 15 27 6
21.980303555396542 17 32 0
13.094618817752606 45 52 12
11.878246842559102 44 53 9
12.127083773046374 44 53 11
13.103182332458584 48 58 20
12.263455686705695 45 56 12
12.596161307903637 45 55 19
15.042818488224594 60 74 27
15.197327363636361 56 72 24
15.306827215703333 61 75 30
15.67302463684384 57 72 22
16.183636616663026 64 78 35
13.258686242592525 52 66 17
12.405568124598458 45 59 12
14.064328360118617 50 66 17
13.542669441742728 53 68 18
14.371914768307807 54 69 19
14.401960524527098 55 70 20
13.692265209479425 56 71 21
14.20150906851519 58 73 23
13.535405138073493 57 72 22
14.20150906851519 58 73 23
15.2261572033717 60 74 27
13.81297812656205 7 9 15
12.940873008065896 9 16 10
12.635598764030236 11 19 19
14.133392967669439 8 10 11
12.057610761664044 31 43 7
12.804782818299513 56 70 23
13.080921279596868 58 73 23
12.760860754983412 60 75 25
12.148174315281722 48 63 18
14.587941835808888 56 65 51
12.500647118252498 64 78 31
14.334588167533871 77 83 69
14.207468825249112 24 31 18
13.301181771532812 62 77 27
12.56480068257567 59 74 24
12.535680378796034 66 80 33
12.409988533510607 66 80 33
13.373561176807035 61 76 24
12.780275602427588 64 79 29
12.674797915723248 63 78 28
12.80182750760916 62 77 27
11.828629322955376 64 79 29
12.828551352516854 63 78 28
12.596030193482646 62 77 27
12.964041735027235 60 74 27
12.67815649549911 57 73 23
11.593917913892392 43 55 9
12.001776479530001 47 59 10
11.862144331890686 51 66 16
11.785695994097264 53 68 16
12.736414066167344 57 72 22
14.22930643802584 56 71 21
13.815282370564983 55 70 20
13.603462386213208 56 71 21
13.788235024548152 52 67 17
13.9894569442687 61 75 29
12.509301984441326 56 71 19
14.530102491368527 61 75 30
14.602046554969986 58 73 23
12.310315687950755 56 71 21
13.849216251448484 57 72 22
12.619660266365951 57 71 24
12.341679846664082 53 68 16
12.762394985428127 60 75 23
13.3102303293647 62 77 25
14.506946869752262 62 76 31
12.875404445800356 53 69 23
13.311461694985327 66 80 35
15.205200076555462 64 78 35
12.96955865660982 63 78 28
12.448821888720495 62 78 30
12.97307964552857 64 79 29
12.743195922538117 62 77 27
11.985221622687893 63 77 30
12.911321857275194 62 77 28
12.442675076462368 54 68 21
12.889832897697275 64 79 27
13.721108555719725 70 84 42
13.721108555719725 70 84 42
13.107350108134604 71 86 39
12.94931256480245 67 81 34
13.345502603967848 57 73 23
13.57226417500861 58 74 22
22.402686139694165 2 13 0
19.367583108568322 13 10 11
11.949695666566171 44 54 8
16.190100952077067 59 74 25
12.504687229049159 45 54 24
14.953729205178647 61 75 29
12.73456142978578 50 60 20
13.215797127757563 48 63 13
13.185863333051826 55 70 20
12.52305856675402 56 70 23
12.96355687170012 55 69 24
12.923222637961523 59 74 24
12.64102226058453 61 75 27
12.12974489499294 64 78 31
12.054472273416067 63 78 27
12.188484666374135 63 78 28
12.652036059875918 64 78 32
12.315926854207119 61 76 26
12.508330835477148 63 78 28
12.399067750719421 64 78 31
12.668085335289506 63 78 28
12.298134034560727 64 79 29
12.674797915723248 63 78 28
12.226605921657331 63 75 29
12.219773857657158 63 78 29
12.54309573637883 59 75 23
12.326284073071598 49 64 14
12.225449336475352 48 60 11
13.536851584020248 56 71 21
12.521871683208516 54 69 19
13.21264469665073 57 72 22
12.072306146446605 56 71 21
12.773214437478396 56 71 19
14.16579913255054 52 67 17
12.957685323856023 58 73 23
12.872818146676344 58 73 23
12.957685323856023 58 73 23
12.86208248051902 60 75 22
12.639080485448076 63 78 28
12.464934938859932 62 77 28
13.195382071211798 64 79 29
12.100360591548222 62 77 27
13.088657051559082 75 89 46
12.448821888720495 62 78 30
13.133060920865193 59 75 23
14.53706138602105 43 58 7
22.525923955390525 26 40 3
15.602385284592334 62 76 33
13.111471764671496 48 64 14
12.622879828051087 46 53 18
11.788696813713898 44 56 10
13.924064176081822 56 71 21
16.183636616663026 64 78 35
12.684547227502412 15 22 17
12.188357623216383 59 74 24
12.14505923020677 61 76 26
12.298134034560727 64 79 29
14.931230565963205 61 76 36
12.397363656032061 61 76 26
12.67815649549911 57 73 23
12.803444699234436 56 71 19
13.049816036182547 61 76 24
13.3102303293647 62 77 25
13.365648973599015 70 86 42
13.547007513345473 58 74 24
12.344211918526351 63 78 28
14.866997063255138 57 72 22
12.731323097075382 66 80 35
14.39389943463614 6 8 10
12.716292700728804 60 75 23
11.532560850910297 42 52 8
13.575195496987204 61 73 26
12.969995555385415 50 65 15
13.323746399251895 65 79 34
22.9818156795825 16 28 4
22.504696697789974 21 33 0
13.24073613165746 49 63 15
12.175300356894889 3 13 1
14.317828359063995 64 74 47
13.376405647145253 51 66 16
12.633916780620499 63 78 28
13.033318203163786 68 82 37
13.905988021319901 7 10 13
13.956966726121049 11 13 13
12.490638552544818 44 59 9
