10.363571686760128 37 52 14
9.541387078873486 43 54 19
8.970382098449315 43 55 22
9.78636168145461 37 48 15
10.178820156855503 43 53 25
9.57773185158317 42 55 21
9.516443272921986 44 57 24
9.602516453668933 41 50 17
9.868058425904826 41 52 16
9.742183152800534 43 56 23
10.669015183951748 43 56 19
10.519063638628355 43 54 17
9.29407056813154 40 53 18
9.878941909725986 41 56 18
9.618276647530102 44 57 20
9.463452482434128 40 54 15
9.03575896945352 43 56 21
9.338231233136666 38 49 14
9.647878423007665 44 55 18
8.66456160214386 43 56 21
9.29407056813154 40 53 18
10.212375990622794 39 54 19
10.380363242093008 37 52 18
12.43785377090235 43 52 22
12.027908229018424 43 52 19
11.00825275150792 41 54 24
10.046304956772135 38 54 18
9.8676552876048 44 59 25
10.848470571721792 44 58 27
9.542159657000465 44 59 25
10.828062437711704 42 58 28
9.907809473726548 42 58 26
10.308230989953016 43 60 30
9.92383486979571 40 60 23
10.559329457706554 40 54 23
9.833888900313996 40 57 19
9.833888900313996 40 57 19
10.795730917213282 45 62 30
10.515580635301859 44 61 31
11.242072485865345 48 64 37
10.830798505941496 43 56 25
11.548396269509718 45 56 22
12.14063781101663 45 56 23
11.652390481248725 48 62 33
11.105666406702717 42 55 24
11.625344356596946 44 61 31
11.091621332079345 44 58 28
11.357305416382744 41 54 22
12.228070227394413 47 61 32
12.15909171942532 46 62 35
11.552767692841755 47 61 32
12.254032862560189 49 65 38
10.779518763109557 44 58 20
10.844264950048773 44 57 23
10.18088464331006 44 59 21
11.232779042221093 45 58 25
10.946275836447839 43 54 21
10.724776902218116 42 56 21
10.87293541400392 44 59 23
9.409170371495472 47 59 27
8.649544472508088 45 58 25
9.781617564648872 47 58 27
8.279859283098288 44 59 24
8.085721030682986 43 58 24
8.017535004827423 50 67 35
7.722136169962 43 56 20
8.105777251388542 46 61 25
7.687498617832281 74 91 64
8.070950548739914 65 84 58
7.245050878634838 47 63 37
7.267427502019286 64 82 54
7.593941492787998 61 77 51
7.779874014869919 44 59 25
8.139060583702596 45 59 25
8.017535004827423 50 67 35
7.282329811624283 74 91 61
12.09720913812892 48 59 26
11.543839107693428 47 61 28
11.268455477226913 48 64 35
11.74990793281219 48 61 30
12.031677516210271 54 73 47
11.862781562552646 49 66 36
12.005234022852878 49 66 36
11.934967695757372 47 66 38
11.791666394371354 49 68 42
11.830517688116151 52 71 43
7.9438381974310355 93 113 88
7.890001293294154 74 94 68
7.535238884326462 95 114 88
8.682551342147729 69 88 62
8.498025826916665 57 76 48
7.9438381974310355 93 113 88
8.34756299835284 74 94 69
7.594397784135246 85 104 79
8.49669013216753 46 65 38
8.534012134552453 50 70 45
9.718702380013005 46 64 34
12.848240210354838 44 53 23
12.636345158326185 45 54 24
8.012651392601605 52 66 34
8.190891568772114 40 57 27
10.363571686760128 37 52 14
9.874135692868432 36 53 16
9.801472750454 38 53 15
9.533712965891754 37 52 15
9.620590535874136 42 53 16
9.280103177024031 44 55 22
9.454390906074401 44 55 22
9.64106115124901 42 54 21
9.806314580537098 41 56 18
9.780177424865606 43 56 21
11.108757852335572 39 52 21
10.92859236509844 41 53 22
11.743086959615821 43 52 22
11.177169865385219 41 57 26
10.925726693918625 44 58 27
11.824292003360567 47 64 34
11.15143774213845 46 64 34
11.031013840664587 44 57 26
11.182740890984567 43 57 28
10.468733264867893 44 58 27
10.499047389242845 43 60 30
12.14063781101663 45 56 23
10.956128593690481 45 62 32
9.756061998873859 37 54 17
10.030475229477247 37 54 20
11.23943653641628 45 64 34
11.81084550002365 45 61 34
10.999915447378749 44 56 23
10.752710451775677 42 57 21
10.18088464331006 44 59 21
8.279859283098288 44 59 24
8.482287249483072 43 56 24
7.304117841367257 62 76 47
7.365133406829255 75 94 68
7.420314995384051 44 61 30
11.604321560821104 48 61 28
11.418325025364734 50 64 35
11.20616041736062 45 64 34
12.236932886726768 47 58 25
11.732149795051262 47 67 41
8.534012134552453 50 70 45
7.907421994712263 86 103 76
9.253292970902796 47 65 36
9.718702380013005 46 64 34
14.605384340442603 10 15 0
9.235664574793267 42 55 20
9.78636168145461 37 48 15
9.647878423007665 44 55 18
9.159933018491843 43 54 18
9.326661808523706 40 54 17
10.527739819633755 38 54 16
9.817716687112696 41 58 22
9.542159657000465 44 59 25
10.660845946371843 43 57 26
11.965711908203422 45 59 28
10.388079039276668 43 60 30
10.412868358563248 44 57 22
9.409170371495472 47 59 27
7.205584628417979 54 70 44
8.191260713953755 45 58 25
8.123161782901713 53 69 42
7.306559716708011 55 72 42
12.005234022852878 49 66 36
8.34756299835284 74 94 69
8.39846729530159 73 93 68
8.280696248715513 73 92 67
15.507659610209874 8 8 6
8.012651392601605 52 66 34
8.872834256390531 42 55 20
9.667574427576263 38 52 14
11.136907396979744 46 60 29
11.563429267029502 47 58 24
11.178495259216962 43 56 25
10.736692517514127 43 57 28
12.208507134056902 43 53 23
7.724894483969814 44 59 25
10.789851581230232 44 54 24
10.807310822846064 44 59 21
9.286408179559528 46 59 26
8.328505151355898 54 73 45
8.397115764200276 48 67 40
11.803623547801482 47 65 37
8.243604199968924 88 108 83
7.535238884326462 95 114 88
8.979546211630916 39 51 14
11.934967695757372 47 66 38
11.134518114411632 42 61 31
7.480382830479615 50 67 35
11.889541888208075 51 70 44
12.031677516210271 54 73 47
10.519063638628355 43 54 17
11.948452365902929 43 54 21
12.728890720574281 46 55 25
11.977495312968742 47 59 28
9.454390906074401 44 55 22
7.981889197233891 59 78 50
10.558101849841828 43 54 19
11.693230254870508 51 70 42
10.003486941717041 41 56 22
9.784675657814208 44 57 22
8.176257086855026 48 63 28
10.051028845796163 41 56 20
10.903909668226492 50 67 35
7.722136169962 43 56 20
