16.570908358733252 3 7 6
16.76347500997589 2 7 5
16.664381784151082 1 7 4
13.956398374966259 38 48 47
14.788727942888212 26 36 36
14.428499837632469 13 18 17
14.868187086250028 0 3 2
14.206515917056887 29 38 37
13.956398374966259 38 48 47
13.13740475237709 38 52 51
12.622286955211857 35 49 52
13.111726589567875 34 50 49
12.795449203926747 30 37 34
13.603940204516594 33 49 50
12.832750345480886 35 43 40
12.947410649570438 36 50 46
12.810063685213724 33 49 50
12.947410649570438 36 50 46
13.260063965076547 34 51 49
12.668292213243591 15 24 15
12.671768045611781 42 51 42
13.547810261094574 6 13 7
12.894886159981466 35 48 53
13.701869162864675 35 49 50
16.443878800460187 3 7 6
15.952295491126732 1 5 3
16.220008503144637 3 5 4
16.96876132525891 1 5 4
14.006009407292728 46 61 35
14.49460996664533 46 59 38
15.033932840517013 64 76 64
14.179198820255829 38 58 36
13.718582073699384 46 61 44
14.75592101572127 41 66 34
12.527665812331051 44 61 28
13.202933855063005 42 62 27
13.291876295096127 41 61 28
12.990325510784423 41 58 24
12.791791764381896 42 62 27
12.990325510784423 41 58 24
13.788531776511133 41 62 25
13.174040956035862 42 60 28
13.852305507972352 43 66 34
14.104269097937367 44 65 32
13.839817723246153 37 58 13
13.764663932718447 38 58 14
12.76021701649838 39 59 21
13.76195450321944 39 59 16
13.096208006365629 40 60 21
13.585091204950558 40 60 22
11.599832254086314 37 57 13
11.8146794647214 38 56 12
11.658887920698854 37 55 11
12.39601679113528 37 55 9
11.8146794647214 38 56 12
11.858149136101883 36 51 9
15.22777277730498 36 60 18
14.501815813288243 39 59 15
13.533493828719775 43 59 40
13.66258296889911 40 64 38
13.739921607467977 43 60 38
12.924932535246565 43 59 42
12.266708247548191 15 24 16
13.115252271300212 42 59 38
14.09225290541061 40 61 35
13.409548400693208 40 60 36
12.622829028060487 42 62 42
12.924932535246565 43 59 42
13.56892103917984 0 6 1
13.190767444321954 41 59 39
13.5997171613734 57 70 51
13.666453432024856 40 60 37
13.377810106254893 42 59 40
13.153968538101054 44 61 39
12.771118578000543 45 61 34
13.735089261173027 41 61 37
13.300662235544477 43 62 37
13.186245613246806 40 60 33
13.300662235544477 43 62 37
13.779099281274128 39 58 28
13.268663490816277 41 60 32
13.896685354082546 44 61 26
13.96311931361957 39 57 25
14.208922107953592 48 67 35
14.395264494201706 36 51 14
14.491350644351419 39 55 19
14.511967443544682 33 50 10
15.10808334598379 32 50 10
15.10808334598379 32 50 10
12.190865161475537 38 56 12
12.420715627208036 40 58 15
12.29756633611464 41 60 16
12.81642229026137 37 55 11
13.959230937215317 43 58 17
14.206198979941094 44 58 18
14.024887490630764 46 60 21
13.311655049216416 36 50 11
13.275699569143569 34 49 10
13.83026514686437 39 53 13
13.83026514686437 39 53 13
14.523591490761072 42 57 16
14.409050738238227 40 54 13
14.565167947197926 37 50 13
14.648436922630815 40 54 14
14.321838822237792 43 57 16
14.95100884139475 39 53 14
14.636723936147245 41 55 14
14.983301114643035 45 67 35
14.472103406954085 44 67 40
14.881373370466632 46 69 40
14.983301114643035 45 67 35
14.43903791540149 45 69 40
15.084775463247183 46 65 33
15.28967609442983 50 68 36
15.48705189842719 48 65 31
15.745582172043544 47 62 28
15.956953974493292 52 69 37
13.78040964215529 27 42 4
13.949452166428143 20 35 0
12.784427585906942 3 10 2
13.111726589567875 34 50 49
16.443878800460187 3 7 6
16.11757431128967 2 6 3
16.437983336617435 2 6 5
16.437983336617435 2 6 5
15.721426693340607 1 5 3
13.320513605488227 41 61 23
14.730074601044832 51 65 50
12.990325510784423 41 58 24
14.992706357527132 41 64 37
12.899304004990622 40 61 26
12.990325510784423 41 58 24
13.928590750090782 36 59 33
13.660138872359246 44 60 32
12.478161642457865 41 61 26
14.520875502359791 42 62 33
13.747908503442595 41 64 29
13.83173200711623 40 60 19
11.35337504957223 37 56 10
13.807450111292997 39 59 15
14.288229387105332 38 61 17
14.360643455310026 39 59 15
13.223465022881243 40 61 36
12.957259345345065 40 63 37
12.063008336700122 30 43 32
12.660638758404593 44 63 45
12.776843697485964 38 59 40
12.340108484172868 45 59 44
13.153968538101054 44 61 39
12.968816430171858 22 32 21
12.618804955316703 39 51 38
14.164716045255874 44 61 33
13.234789649568562 3 12 3
13.953987318136972 44 63 33
13.562380264363902 40 59 29
14.10298264674454 37 55 23
14.725808248414161 45 62 29
14.557632433385109 38 53 18
15.28244614522397 30 47 6
12.25504381429582 41 60 18
14.517990582613336 44 58 19
12.87684373420719 38 52 13
14.00829022870891 38 51 14
14.397142997269128 42 56 15
14.699354691595403 43 57 18
15.441008090797213 41 65 38
14.846253213871963 44 67 38
15.403292490955362 47 71 42
15.077665634769861 46 70 41
14.579914050640404 46 68 36
15.441008090797213 41 65 38
15.087247337025483 49 68 36
14.521333733594188 10 17 13
13.956398374966259 38 48 47
14.206515917056887 29 38 37
13.660340405620994 40 55 56
12.976808151408749 5 13 9
16.275589759292064 0 3 0
14.49460996664533 46 59 38
13.764663932718447 38 58 14
12.134398796842037 41 61 17
13.557377767875039 42 60 36
13.66258296889911 40 64 38
13.779099281274128 39 58 28
13.533493828719775 43 59 40
13.5997171613734 57 70 51
14.273902921271949 42 61 31
13.595331348372529 41 60 34
13.222954694080373 40 60 36
15.176586039725501 38 53 15
14.397854746107926 39 54 16
14.493923724428196 42 58 22
14.012118455488364 42 56 17
14.642883767982175 39 53 14
14.939533081129271 42 56 16
14.300947928903215 45 60 20
14.345769433417427 37 51 13
13.324588897743944 39 52 15
14.254408308692145 38 51 14
14.642883767982175 39 53 14
15.155844207452805 52 69 37
14.579914050640404 46 68 36
17.251870588894068 1 7 5
13.956398374966259 38 48 47
12.424418170704865 35 50 52
13.445640834749817 35 51 51
13.573609724357432 44 62 30
14.276266544660858 42 66 33
13.986248104644668 38 59 12
14.41154100215829 44 67 36
14.005681209815803 42 56 15
13.739921607467977 43 60 38
13.78002824519723 38 52 13
12.857088287133223 37 55 10
12.672951393247612 38 54 10
12.714076290334521 36 54 9
13.420559463419043 38 58 36
14.542113765349633 45 60 21
15.745582172043544 47 62 28
14.560870452376886 0 7 7
15.225323718241013 36 60 19
14.030151087483114 39 53 15
14.164716045255874 44 61 33
13.708455942891078 45 61 44
15.176586039725501 38 53 15
14.723275693169109 42 60 26
14.906810204818719 1 10 1
13.148130485310503 33 49 50
12.63050539372665 32 41 32
13.46659975796815 54 66 54
12.784427585906942 3 10 2
13.260063965076547 34 51 49
12.134398796842037 41 61 17
12.134398796842037 41 61 17
