12.697357995900331 25 41 20
13.298081880072766 40 57 50
12.47508259183045 44 59 48
12.856123323614765 34 50 30
12.073968189600645 29 48 23
11.432723279338335 35 50 37
12.168344624305439 38 55 36
12.495023718737015 39 55 31
11.107609239671422 27 46 20
11.694621345638438 32 48 23
12.026940004560593 32 48 23
11.115433972712614 28 47 20
12.102619406260784 33 49 25
12.663195250340172 36 52 28
11.73469325119083 26 43 12
11.32522995205739 25 43 12
11.173160181632351 27 46 14
11.098976853990383 29 50 16
11.234976361392265 29 47 19
10.648817596890696 27 47 10
10.629794476607337 25 45 10
12.903376789642705 39 53 56
13.625396205456966 43 56 61
14.280833087769885 44 58 61
15.06395012871572 45 56 65
11.78719889534244 34 50 37
12.898156596801261 30 49 24
12.824949362089901 28 46 26
12.543637566324175 34 49 35
13.250424129503795 30 46 24
13.181445211543515 39 53 49
12.909534631169214 26 43 32
13.816829847874455 44 58 61
14.137547498847635 35 49 43
13.481593627520848 40 54 55
13.181445211543515 39 53 49
11.33898022760612 30 49 21
12.343029405525312 28 48 29
10.846348484582872 43 67 38
12.116244006228987 32 51 26
10.91908517972686 40 63 35
11.915857442166317 31 51 25
10.99598009733917 35 58 29
11.842165679852762 34 58 29
12.36839755986925 33 52 27
13.016985807188295 29 48 23
13.252227987414638 26 44 29
11.900627809422417 34 56 31
11.946400581651242 37 60 31
10.943629510645119 41 65 39
12.286672480226166 35 55 27
12.323469769702882 40 63 30
10.88552819178733 40 64 38
12.421372677648705 31 51 28
12.539607650240262 25 45 6
13.363692295667011 23 43 4
13.813731139330429 28 49 10
13.694921143900068 27 48 9
12.87714136960143 40 61 22
12.72004590358849 24 44 4
12.926293850317908 25 46 7
12.261407062034126 33 57 19
12.192120924129444 29 53 13
12.714029480023285 28 49 10
11.688752945399793 26 46 7
11.835080804589301 25 46 9
12.200731192638811 25 46 7
12.254314087716233 32 56 18
11.798543147186827 30 51 12
11.986876960418995 28 49 12
12.421756472721377 27 48 9
11.917759773767186 32 53 18
12.633701199290979 32 55 18
12.145424236465514 27 47 10
13.018166393098584 26 48 7
11.800181949501955 31 52 17
13.138079729674063 30 54 14
12.73594729049769 28 49 10
13.357965773379295 29 51 11
13.331344812813933 30 51 12
13.357965773379295 29 51 11
12.787287652653562 32 56 16
12.73594729049769 28 49 10
12.991652256882967 32 56 16
11.954075075401466 33 57 19
13.453366023795194 30 51 12
13.76850508761368 32 56 17
13.461483946556534 37 61 28
13.078136742781805 36 59 26
12.288026342321805 32 56 15
12.319332862734537 32 53 20
12.349736536517696 36 57 20
12.719445560772927 34 58 20
14.006751263958504 35 58 22
13.312643899918298 33 57 20
13.149237427612379 34 54 26
13.427805610559213 36 59 26
13.890984549831582 36 57 24
13.542539532396855 34 57 25
12.816547672507623 33 54 17
13.519821092868053 35 56 26
13.011713818912236 34 58 20
12.797240241975357 33 58 24
13.188754573170785 35 60 27
12.969590704170484 31 56 20
13.011713818912236 34 58 20
13.403450125481545 35 58 23
13.403450125481545 35 58 23
12.811648552592102 41 65 34
12.807669329476212 31 56 20
12.987491841740162 36 60 29
12.861051336776528 38 63 31
12.862554766939725 41 65 36
13.438628480616151 43 66 35
13.107556273240105 39 63 26
12.57684428942562 36 60 31
12.808595931478811 35 59 30
11.47098076628099 41 65 36
12.627501585527176 42 58 40
11.687184393059026 36 51 37
12.102619406260784 33 49 25
12.449591909493114 53 74 37
10.946228037278681 27 44 13
10.629794476607337 25 45 10
10.974275504445732 25 44 10
10.693062067789809 29 48 20
12.577303137601005 32 51 26
13.44351251689555 40 54 57
12.865330651631107 36 51 42
12.93830940390732 31 47 22
10.99598009733917 35 58 29
12.291428036681063 35 56 27
12.047487197014213 28 48 25
11.361704826049047 34 57 32
12.540655091503064 29 48 20
11.942758451797475 31 50 24
10.787723235092155 42 66 37
10.943629510645119 41 65 39
12.411959317847977 31 51 25
12.14517150315913 36 60 31
12.207000606435916 24 44 5
13.052102342413368 19 39 0
13.240844720832726 21 42 3
12.913642443314343 27 47 8
13.116038426515669 26 46 7
13.116038426515669 26 46 7
13.694921143900068 27 48 9
12.72004590358849 24 44 4
12.654095956926186 26 47 10
11.720900553137076 30 54 16
12.32859782699966 32 53 14
12.731457295265173 33 54 19
12.141484645728623 26 46 6
11.962714754050891 25 45 8
12.482805574044681 30 51 12
11.12663928636073 30 51 16
12.261407062034126 33 57 19
12.991652256882967 32 56 16
12.927908072258708 31 56 18
13.159291270836233 30 52 13
12.73594729049769 28 49 10
13.138079729674063 30 54 14
12.936028607389769 30 54 14
12.808595931478811 35 59 30
12.816547672507623 33 54 17
13.171126978575957 32 57 21
13.205459947090265 33 58 24
11.415563800720593 41 66 34
12.882475878260587 34 58 20
13.171126978575957 32 57 21
13.188754573170785 35 60 27
13.801443869953072 38 61 29
14.041825963815274 35 58 24
14.02386108882278 36 56 28
13.389912581590629 38 61 29
12.589720209709487 34 59 26
12.601262908289375 36 60 31
11.043464959425767 39 62 33
10.947071155921806 42 65 34
11.432723279338335 35 50 37
12.358820021958905 31 47 23
11.091140510556814 27 48 15
11.315953537397686 30 46 18
10.779787875048392 24 41 11
13.595768140730028 42 56 59
12.907215372989345 26 44 27
13.92211590011306 44 58 61
12.457772101201385 32 52 26
13.431795095480522 26 45 30
12.034792822251934 32 52 28
12.24706199276862 28 49 27
11.913344739132063 34 57 27
12.70833565865988 27 45 26
12.633701199290979 32 55 18
13.192864210213711 21 42 3
12.161219028973138 24 45 6
12.145424236465514 27 47 10
12.797240241975357 33 58 24
12.923595764038913 37 58 26
12.517582909727416 35 59 21
12.516253878403566 45 68 37
13.154945770527984 33 57 17
13.311955319013691 31 50 24
11.891937748821743 31 52 17
13.841035595902188 35 58 26
12.646732841463479 32 52 26
12.066154018673528 32 54 13
10.821583513741471 42 65 34
10.91894806432145 26 46 9
10.705541192671083 26 46 11
12.295078446874559 33 49 22
12.259669943040896 41 56 42
12.543637566324175 34 49 35
12.200731192638811 25 46 7
14.203807790431805 37 60 24
12.927908072258708 31 56 18
12.72251957250237 31 56 18
11.910462150761552 31 52 17
11.056208973322182 32 56 31
12.804363644918118 31 48 24
12.102619406260784 33 49 25
12.73594729049769 28 49 10
12.199250059290316 31 55 15
12.10177904434272 27 44 8
13.089248740396124 41 66 34
12.266781291279926 28 49 10
12.75651032011586 33 53 25
11.521580720280369 38 60 32
12.124152120222655 32 48 23
13.254833916586758 30 46 30
13.67189738545229 35 58 24
13.702029839704172 31 56 18
11.959587409920521 28 49 10
12.47090710540992 40 64 33
12.57684428942562 36 60 31
