11.031186232493225 60 73 36
10.854000848072811 67 81 45
11.294459038923947 52 65 29
12.54660520481098 46 57 20
13.613996783392908 49 60 23
12.473714031662427 45 59 21
12.555776224828833 47 58 20
13.54233669949604 51 64 26
12.630897310935879 45 57 19
12.630897310935879 45 57 19
11.74079107510017 41 55 17
13.059683949855499 46 60 22
12.980256354185805 48 63 24
11.671765222805927 54 64 26
11.272876550647181 55 66 29
11.184093920123944 55 66 30
12.306785203465095 51 64 24
11.723939225200935 51 62 24
12.13815049050761 53 65 27
12.18527159862917 49 60 22
11.685158222894064 48 60 19
11.252164793665312 47 60 21
11.404388406487307 55 66 29
11.15718319029322 51 62 22
11.874018766672906 45 59 21
12.051761489374075 49 64 25
11.92278420751195 46 60 23
10.944024585653905 42 57 19
11.960794769622655 45 59 21
11.45630166354583 52 70 30
10.985139566956406 44 58 20
11.783786945682552 42 56 17
11.450610428912533 47 62 22
12.407651128199172 44 58 18
11.40135336993121 37 53 17
12.569119092785163 40 55 17
11.617877632138137 36 52 16
11.744653413436978 37 53 19
11.954023880191057 38 53 17
12.60247170919342 41 55 17
12.443661521589744 38 53 17
12.641460168442348 41 54 17
12.35718529710562 43 56 18
11.04840497145173 37 53 15
11.725770589285275 44 54 18
11.425055482846739 44 54 19
11.81591979604486 43 56 21
11.517558660590515 43 55 19
12.276907075883402 39 53 17
12.477349497240876 43 54 19
12.276907075883402 39 53 17
12.12744517639557 40 55 18
11.836938936230894 38 55 19
11.49737000914629 38 54 18
12.421326940321677 57 73 35
11.83921865007754 43 58 21
12.589202572821517 49 69 30
11.54145983478358 41 57 22
11.704983411211987 42 57 19
11.19293030734491 39 56 21
12.421326940321677 57 73 35
11.004792105568287 38 53 17
10.641231972766148 38 52 25
11.453863109557192 52 68 29
11.588060746748733 55 72 33
12.137266778253347 63 81 41
11.890135558865698 68 86 47
11.976794790674793 65 84 44
12.092190583538978 48 63 25
12.514726925945222 43 60 23
11.979386137012401 53 73 34
12.065404347529231 47 67 29
12.397755872770672 42 61 20
12.716546770599399 42 61 21
12.75681529482873 44 59 18
12.108095137342362 41 60 22
13.463752024175879 52 63 26
12.793038403499947 44 57 19
12.473714031662427 45 59 21
13.459210744114339 51 63 26
12.06003896627962 48 60 18
11.931151165345243 51 62 24
11.278573559106249 55 66 29
11.939394196611948 49 60 22
10.76715371507171 65 79 44
11.459864145887066 53 64 26
11.56328652977548 44 57 19
11.352094826827473 43 58 19
11.442829493050024 42 57 19
12.131639013217779 46 61 22
11.188599959085714 50 67 27
12.495613673719742 47 62 21
13.154542115062988 47 62 21
12.493205158426903 45 62 21
11.30333857952485 42 57 18
12.2890582081051 39 54 16
12.241751919337334 40 54 17
11.954023880191057 38 53 17
11.181639215232288 37 54 20
12.101879979530816 45 56 19
12.189247874786451 45 56 20
11.81591979604486 43 56 21
12.477349497240876 43 54 19
12.477349497240876 43 54 19
12.913880838722946 41 54 18
11.69514524125976 41 54 18
12.079505988196875 40 55 17
12.12744517639557 40 55 18
11.625460001808003 37 54 21
12.137856475998548 47 62 25
12.21183448015756 44 59 21
11.05186166038812 36 50 26
12.632505418854945 46 65 27
11.504139717164813 58 77 37
12.875031240448692 44 59 19
12.640120273579363 41 59 17
13.13397769169068 45 57 20
13.052934738663609 46 57 20
12.716752984064343 43 55 17
11.47061064109602 46 60 22
11.919920025283893 46 60 22
17.254582732643215 51 65 24
11.56623902655567 42 56 17
11.704106569203736 44 58 19
11.380370368222431 48 62 23
12.086284884990164 44 59 19
11.881858354501224 47 64 23
11.084396504513036 44 58 20
11.715770140379483 55 71 32
12.421326940321677 57 73 35
11.149882767933436 39 55 22
12.955103986161676 39 54 19
11.324464313666294 39 56 22
11.83921865007754 43 58 21
11.939394196611948 49 60 22
12.196475037128069 42 56 18
12.100402124301635 58 77 38
12.189247874786451 45 56 20
12.38472990001093 67 84 46
12.137856475998548 47 62 25
12.227506013397303 55 75 36
12.309559370422638 48 60 22
11.178626574858654 60 71 36
12.90089454867747 47 60 23
12.314311670536426 43 63 24
11.196342376519118 41 56 28
10.59233784509547 38 53 18
12.306785203465095 51 64 24
