12.850771156415966 43 50 20
13.409106774032786 43 50 20
13.247722751778761 42 49 19
14.013265091650375 40 47 17
12.795575742375972 41 48 16
13.880691081436915 41 48 18
14.30476841275629 40 47 17
13.428095401242063 42 49 19
14.639822846372656 41 48 18
11.934704279503801 37 44 15
12.175552369098384 40 44 19
12.12843730255657 38 45 15
12.294742838677829 38 43 17
11.911468649136326 42 46 25
11.794639287130725 38 42 16
11.55573730984422 37 42 17
12.203295668260216 38 42 19
12.148343522053445 41 43 18
12.344045373054664 40 47 18
12.25237345816349 42 49 19
11.46681643781017 36 41 16
11.336845579180252 41 46 20
11.177907520944023 47 51 30
11.328326307960491 42 47 22
12.221475323547702 42 48 20
12.408401662700802 36 42 14
13.088822465309597 43 49 22
13.657814095761116 44 51 22
12.80317328896332 40 46 19
12.422893005107147 39 46 17
13.025049748159077 42 49 19
13.552752942550724 42 48 21
14.42980855706249 42 48 21
13.723663413413222 41 48 19
14.72688698117539 41 48 18
12.152405933187987 41 47 20
12.197494353345771 44 49 24
13.114633933233305 42 50 20
12.197494353345771 44 49 24
12.172711109735225 45 50 24
11.456800154690177 45 49 27
13.063515926639116 42 51 17
12.097222620412586 42 48 18
12.777301010165818 42 48 19
12.843575621102138 44 51 19
12.276691672951957 45 50 23
12.492210903994879 45 50 24
12.288984693706116 45 50 23
13.429574155427957 43 51 20
13.429574155427957 43 51 20
13.479304018876462 43 52 19
11.441131707600492 33 43 6
11.441131707600492 33 43 6
11.752366021216288 35 44 9
11.970360641472954 34 44 8
11.970360641472954 34 44 8
11.58989742640849 34 42 8
12.25881465717538 42 49 18
11.939443991474388 16 26 0
11.731014944843372 43 50 20
11.362530968437108 31 39 6
11.921119835552288 29 38 5
12.610698795473656 37 44 12
12.41354554189678 44 51 21
12.44497893026612 45 50 22
11.693684716642027 43 49 20
11.899013038622117 30 38 6
12.699784443992892 32 40 8
12.943698302170326 44 51 21
14.17461382780564 15 23 2
11.798715493095946 44 51 19
12.1602431081727 44 51 20
14.665372125622543 43 49 22
14.665372125622543 43 49 22
15.534733354541679 43 50 22
15.10724629248874 47 56 26
16.520318279246123 46 55 23
15.10724629248874 47 56 26
15.322717700364164 51 60 29
15.5134172648669 43 52 22
15.5134172648669 43 52 22
11.761600142119738 43 50 21
12.927965864299408 43 51 23
12.289315009746874 44 50 23
12.927965864299408 43 51 23
13.475757004403876 57 64 39
13.475757004403876 57 64 39
13.475757004403876 57 64 39
12.557431607284554 44 50 21
11.725095363891574 49 59 29
11.758369314933677 48 54 29
11.87605307332348 48 58 30
11.758369314933677 48 54 29
10.273121390203455 45 51 27
9.836444247990915 49 57 31
9.485475622751416 48 58 31
9.414673279123962 47 57 28
12.371592962579781 49 59 31
13.440580364044488 9 17 1
13.436131810575372 40 50 24
13.749771811613984 42 50 21
9.356192199786785 34 37 16
9.147325882567614 48 54 30
9.356192199786785 34 37 16
9.111078182029392 48 53 30
13.346258415077957 1 8 0
9.862380364434092 46 50 28
9.90270720248533 44 50 25
12.258982015814444 36 42 17
11.963565066698715 44 49 24
12.04991358311337 46 51 27
11.392484990904013 48 52 29
11.813513653187545 43 50 26
11.884715040602222 41 45 22
12.258982015814444 36 42 17
11.394555709796911 47 49 28
12.338419908085696 44 49 24
11.777775983302293 44 49 24
11.71057453643716 42 48 23
11.857337164037695 43 49 24
15.396683650551752 6 14 0
11.129116477074833 46 51 27
11.867416298589811 42 48 25
11.88759735559049 45 50 27
11.64281955502546 46 52 29
10.401990027026805 46 52 29
11.490800934602227 42 50 27
12.5161154407349 44 50 27
12.305873938076273 44 50 27
11.53585046306844 45 50 25
12.191696760272754 43 50 27
12.532944370194928 45 51 26
11.627356036410822 45 49 27
11.312682973171366 45 49 27
10.933415356581207 45 49 27
11.255256452296944 45 51 26
10.913402158244244 45 49 28
20.44173296149297 28 32 12
15.039482597956853 30 34 15
13.862407629200078 15 17 1
13.073690765520372 26 28 7
18.24678366642012 8 12 6
19.39182850336851 9 12 1
20.508147748049712 8 10 1
20.324834383284486 34 37 12
20.703763767078932 18 22 3
20.401575558334024 7 10 0
21.370931813011982 51 61 39
21.355441962028515 54 64 41
13.409106774032786 43 50 20
12.807370727370069 42 49 19
13.533402609206938 40 47 17
12.860681168907645 42 49 19
14.104197450121202 41 48 18
11.822662182282253 37 43 16
11.792638820799839 34 39 13
11.655995990190604 43 48 23
12.071190123976711 38 44 15
11.904467116695422 39 44 21
14.42980855706249 42 48 21
13.063515926639116 42 51 17
12.084734534047765 44 51 21
12.233823827957501 38 44 16
12.869314663097198 44 50 22
13.190113672415132 42 48 22
14.82961188379718 41 48 17
12.139974612640971 45 51 22
12.084734534047765 44 51 21
12.300675048958762 36 42 15
12.273743581207702 34 39 12
11.752366021216288 35 44 9
11.439069419973338 24 34 0
12.349418862153092 38 45 13
12.1268266439741 43 50 20
12.46253285920335 44 51 21
11.664944129353856 31 41 2
10.878980793988188 38 45 13
11.072805603354869 42 49 18
11.888301412715613 20 31 0
12.699784443992892 32 40 8
13.333946398247225 45 51 23
11.661521124666562 44 51 19
14.049025800830531 43 49 22
14.213970279807164 42 48 20
15.300631622607348 43 50 22
15.5134172648669 43 52 22
16.300377409790723 47 56 25
15.278988935394011 43 52 22
11.439485335600118 44 52 20
12.557431607284554 44 50 21
13.793398856140552 5 13 1
13.475757004403876 57 64 39
10.370761733316085 46 55 26
11.87605307332348 48 58 30
9.659835538298362 48 58 30
11.758369314933677 48 54 29
10.796352871029605 48 54 31
10.273121390203455 45 51 27
10.207783709537301 44 50 24
10.207783709537301 44 50 24
12.40313267226372 48 58 30
10.801398124315947 14 18 3
8.980713570041262 21 22 4
8.829489302329392 50 54 35
12.42194164532887 44 46 27
12.06739268529446 46 51 26
11.723461192961135 43 49 22
11.905525133830974 43 48 23
11.88868465002336 44 48 26
12.27321522622208 40 44 22
11.286178816397145 44 50 25
11.705468528951227 42 48 23
11.870064489760988 43 48 23
12.187435465864827 44 50 27
10.555567671534437 46 52 29
12.322989987840733 44 50 26
10.877543795064579 45 49 28
11.220490637799658 45 51 28
10.913402158244244 45 49 28
15.15352268058845 33 37 18
18.470780022511768 37 39 23
19.39182850336851 9 12 1
18.72711504388476 11 14 1
17.855247851726837 8 12 3
20.712452122248454 8 12 0
20.91152752561353 5 9 0
20.923673209545335 51 61 38
20.90785200390049 60 70 47
13.891564752312735 43 50 20
11.10920118474174 46 50 29
11.309705039435451 38 43 18
12.690046545811864 42 49 19
11.487236988707242 36 41 16
11.717285883338533 37 42 19
11.822662182282253 37 43 16
11.666298420046553 42 47 20
12.6881872534724 40 47 19
12.273743581207702 34 39 12
12.639357060407512 44 50 21
13.241291403782151 45 50 22
11.687493674062289 28 38 1
12.913478930310948 45 52 21
13.341778411848113 26 33 6
11.661521124666562 44 51 19
11.963136108777382 45 52 23
10.137618619537385 46 55 24
13.73988496476148 13 21 4
13.903633542537635 37 47 22
10.785101332480744 41 47 25
9.90270720248533 44 50 25
11.1967479835609 49 53 32
11.472443386570156 43 49 26
11.129116477074833 46 51 27
11.255256452296944 45 51 26
11.291474428385094 45 50 26
13.752988087024619 38 40 21
18.822414537096368 11 15 0
21.01016948472888 10 14 0
20.691804102277935 31 36 12
20.980708751520016 53 63 40
13.236320173620058 41 48 18
12.402520978900183 37 44 15
13.454192177867013 43 49 21
15.11883638997717 41 48 18
12.895565500284576 45 51 22
12.843575621102138 44 51 19
12.782547011728498 45 50 25
12.4392642453425 42 49 19
12.108786056456877 42 49 18
11.761600142119738 43 50 21
11.439485335600118 44 52 20
11.798715493095946 44 51 19
10.207783709537301 44 50 24
11.758369314933677 48 54 29
12.027173404581971 44 51 20
12.124234535258315 44 52 22
11.885163796289609 41 49 26
11.378145079976534 45 51 26
12.102763408845382 45 49 27
9.157220391506833 48 58 28
11.592109867295356 44 48 26
11.91054537808676 43 49 24
14.579313578298807 25 27 6
11.079629222383913 45 49 27
12.50429204870487 43 49 23
12.302112583925439 38 42 19
11.97640546065079 45 52 21
11.950109775197756 29 37 5
12.732367638970267 43 51 21
12.338795555270686 43 49 23
10.875604922067401 45 49 27
11.458590448099823 44 50 27
20.980708751520016 53 63 40
