11.150130731581031 52 64 21
9.839835337876483 38 49 0
9.935093041992786 43 54 5
9.901238189218953 40 51 4
10.967105329259129 52 64 15
10.212836090855394 51 62 12
10.182615602547306 49 59 12
10.049569183002781 51 62 11
10.995552589847604 52 62 17
10.288478203939428 52 64 21
10.066185337621837 50 62 18
10.145148324050165 42 54 11
10.9029716630719 53 66 23
11.14374135290604 58 72 30
11.79967645080304 58 70 23
10.215324690821435 50 59 12
10.215324690821435 50 59 12
10.729013028998846 55 69 24
11.049493532855402 44 57 14
10.267624326149997 39 51 5
11.14374135290604 58 72 30
11.14374135290604 58 72 30
11.70233298674799 59 73 27
11.015836330805989 57 69 23
10.438832264594764 51 63 14
9.921921313271982 51 63 14
12.000660319197912 59 73 28
11.715554707503582 65 80 41
11.640066649087002 60 76 32
9.598238467943096 52 62 19
10.93372258757061 52 64 21
10.209920049195878 51 63 20
9.864992459133084 48 60 13
9.95117838067972 50 62 19
9.84870404696747 51 63 20
10.643939801743437 54 66 21
12.101915934059123 54 68 22
10.601588797276252 52 64 17
12.068301693384392 56 68 23
10.835577521600195 52 64 19
10.177486011488485 52 64 17
11.144201361234591 53 65 20
10.381316827378397 53 65 22
9.318958623926337 54 66 21
9.827947935690284 52 64 21
9.676077386399228 59 71 27
10.250927441657545 63 76 30
10.451370098733015 57 69 24
9.9872094901456 62 76 29
9.085838369066684 62 76 29
9.374946340266577 62 74 29
10.51493884485423 55 67 22
9.396324156951573 64 80 36
9.940603812852393 64 78 33
12.657953935296787 63 80 38
12.142500322213706 62 74 27
12.80829092973216 56 68 23
12.80829092973216 56 68 23
13.304408351416118 65 83 41
12.32016263247474 64 76 31
13.304408351416118 65 83 41
12.896166243973855 60 72 27
13.03595147341343 59 71 26
13.03595147341343 59 71 26
13.304408351416118 65 83 41
12.924250900558413 62 76 33
12.430268092000315 63 78 35
11.99945283491782 67 82 41
13.011343074107938 66 82 44
11.355063863063458 65 86 49
11.736691989088712 64 84 45
11.638821754620759 65 83 43
11.638821754620759 65 83 43
12.825076416132852 68 85 47
13.849643428451143 67 84 48
12.36826357166346 63 80 36
12.36826357166346 63 80 36
12.36826357166346 63 80 36
14.825101798499931 66 86 49
8.938923573074707 68 88 49
9.332070139526474 63 82 42
8.938923573074707 68 88 49
9.274731282831864 66 84 45
9.188528236167885 71 88 50
9.529954341444192 64 80 36
9.536967424104915 69 87 47
9.019372721832395 64 78 35
9.374566490478221 68 83 41
9.158500905751861 63 77 32
9.011953109883063 60 74 28
9.296402476986273 60 72 25
9.260683507613779 61 73 26
9.195004123167365 62 75 28
10.014237640967668 62 74 29
10.42615004416461 55 67 34
9.993730110114551 41 51 13
10.825302758457568 33 43 0
10.352780197308764 70 82 50
10.825302758457568 33 43 0
11.486776825976467 62 76 34
10.801040843857836 40 51 12
11.51685120139488 51 65 27
10.556459873714301 71 84 56
9.89155689463065 70 82 54
10.033941549950308 54 66 37
10.97803342260634 43 56 22
10.67788101834313 41 52 17
11.005732924023857 59 73 47
10.028583196743437 50 62 36
9.617990319481603 69 83 55
9.946796985933252 63 77 50
10.158619863491422 67 81 53
9.68102546389102 67 81 54
9.674792517945669 68 82 55
9.507107552690934 67 81 54
8.574739123113627 67 84 55
9.369361679485275 67 82 52
8.878869932833501 70 91 57
8.88827624052446 70 84 55
9.370908069144694 70 84 55
9.675471664921146 73 85 61
10.543106645071388 65 81 49
10.318201295965677 68 83 49
9.51040368580292 69 83 52
10.228785029710279 65 82 48
9.299288038677359 69 83 53
9.025075442273856 66 80 52
10.369771969738265 69 82 49
9.83609104020667 67 80 47
9.068377500516293 67 82 53
10.420456887837338 68 83 54
10.420456887837338 68 83 54
9.783188334601675 66 80 51
9.761619821462897 70 84 54
10.278755492353064 69 84 48
10.554543347003039 68 80 55
9.27980747239194 64 78 49
9.299288038677359 69 83 53
9.79551231558125 67 82 53
9.739574923262438 75 95 56
9.739574923262438 75 95 56
8.902997945648282 72 93 54
9.429218271207326 73 92 58
9.802943113860273 73 91 57
9.815020284454775 79 99 60
9.815020284454775 79 99 60
9.802943113860273 73 91 57
9.76647409188323 70 91 54
9.47044259343068 73 90 57
9.519579307677644 73 94 58
9.990491813853554 75 95 58
10.15334536609296 72 86 51
10.489417879300989 69 86 48
9.85720986962752 72 86 55
10.32665918447483 72 86 55
10.288866030953187 70 86 54
10.177081958596812 72 86 57
10.733844788057526 70 87 51
10.431060020726331 72 87 51
9.128381653603201 71 85 55
9.85720986962752 72 86 55
10.015552726323465 70 85 46
10.426874277168587 69 84 48
10.590020359461452 70 87 53
10.436841328831441 72 87 53
10.590020359461452 70 87 53
9.887161297442917 70 87 56
9.887161297442917 70 87 56
9.606282060362215 80 99 66
9.751570054905335 72 91 59
10.795343545936303 72 86 56
9.887161297442917 70 87 56
10.710115102952228 69 84 55
10.840619402551448 68 82 54
10.258228990428576 69 83 53
11.233070329028552 69 83 55
10.594889110504315 74 95 60
10.594889110504315 74 95 60
10.594889110504315 74 95 60
9.610825198043726 72 93 58
11.249752974706714 70 84 53
11.189382568341975 70 84 54
11.189382568341975 70 84 54
10.875163216293211 70 84 55
10.727611033846557 68 83 53
16.935930452032284 52 63 65
16.28869107750234 54 64 66
10.476940331179891 64 81 40
20.46939919268311 36 44 20
9.189006190906039 63 83 41
9.678421913747508 65 82 44
10.264610366142925 62 80 39
9.391301679857369 63 82 41
9.217512206560581 64 82 41
9.391301679857369 63 82 41
9.433384709779748 66 86 47
9.510568274699889 71 91 52
9.16723186604735 65 85 45
9.76736995841564 71 91 54
9.752404362510568 65 84 45
9.433384709779748 66 86 47
9.427219174244174 67 83 51
9.516679811320612 68 88 48
9.420587006566452 67 81 50
9.645251086179915 67 82 51
9.41441308976929 67 82 50
9.721876778757794 68 84 52
9.314065578039923 69 83 52
18.12603150654914 58 71 55
17.777877921463038 63 78 62
17.502591533865736 68 81 67
17.92472246485062 66 79 67
17.338641163950946 69 82 69
17.303650459054275 66 79 67
10.041844043337436 54 66 21
10.365747971977791 51 61 16
9.869037111001973 51 62 11
10.642226555531053 50 61 12
10.233879496929134 50 62 16
10.511677319390486 41 52 9
9.96861433614119 50 61 10
10.588480960375188 29 40 0
9.80128009639559 49 60 11
11.356339863424468 64 81 41
11.356339863424468 64 81 41
10.89650522458748 51 63 20
10.44175795581601 52 62 22
9.889865262845744 49 61 18
10.04682264200937 42 54 7
10.512372270329976 52 64 19
11.144201361234591 53 65 20
11.230856326221996 60 73 28
9.102051849895746 55 67 22
9.374713907055414 62 74 29
10.00900343933023 53 65 22
9.085838369066684 62 76 29
10.41926940607082 63 75 32
9.894138513615887 60 74 29
9.339146475908306 63 77 32
10.900456972431709 62 78 34
10.159921994888053 62 76 31
12.45602452887976 59 71 26
12.917615107021442 56 68 23
12.142500322213706 62 74 27
12.776535251317926 58 70 25
12.361202686223814 63 77 34
11.355063863063458 65 86 49
12.714956608937271 68 86 46
11.99945283491782 67 82 41
12.011437688650055 65 80 40
12.407976812440587 69 84 46
12.82292437455981 55 68 23
12.16152511053183 59 71 26
9.107655549300206 66 81 39
9.230977240302973 60 73 26
9.353460738126673 63 81 41
9.166039620523167 65 81 41
9.620048693760538 66 82 43
9.617990319481603 69 83 55
10.262465653931873 72 86 57
10.97803342260634 43 56 22
11.463914922407884 70 85 48
9.758185243503886 60 74 48
10.13906439446106 50 62 30
10.095030507535784 35 48 24
9.948034579502895 54 67 39
10.019947006616055 37 48 7
8.88827624052446 70 84 55
8.574739123113627 67 84 55
8.369638434905017 64 86 53
10.230201510399448 65 77 53
10.02468242606327 65 79 50
10.453599451698791 67 81 52
10.408872860058333 69 82 49
10.216340537404426 64 77 51
9.038433175786183 70 84 55
10.030697957302404 66 80 53
9.075026956383049 69 83 54
9.299288038677359 69 83 53
9.739574923262438 75 95 56
10.79635899633937 69 83 50
10.314969819533196 70 85 51
10.438438327944347 68 85 51
10.632417443385718 72 86 56
10.57862201231287 69 87 47
10.590020359461452 70 87 53
9.024854313563647 71 85 54
10.647919474435701 70 85 46
10.850206392612957 72 87 55
11.136190810739764 70 85 55
10.577173643694326 82 102 69
9.789957328087207 73 94 59
10.710115102952228 69 84 55
11.390543379463207 70 84 53
9.877018653159602 74 95 60
10.429591160034354 72 93 58
10.028380828136845 69 83 53
10.369289255863643 76 96 56
9.19580538003376 64 84 43
9.320305966839152 66 81 49
9.204414361798129 64 82 42
9.587815830841985 72 92 52
18.210673435768182 62 75 64
18.0009077470712 57 72 59
18.002882572262433 74 87 73
9.669615906365577 59 71 28
10.578183600425145 44 55 6
11.432745420153989 58 72 27
9.954170220154666 41 53 5
10.537773877066574 43 55 10
11.582793858978699 57 69 21
10.675833809129175 52 62 17
11.119191385978155 54 66 19
11.715554707503582 65 80 41
11.093280986984846 59 71 23
10.10706506252774 60 74 27
10.72251601486978 54 66 21
10.463743316435195 64 76 33
12.101915934059123 54 68 22
9.889865262845744 49 61 18
11.107689249670852 54 66 21
12.430268092000315 63 78 35
11.988664691526978 61 75 32
12.682967241724945 69 87 45
11.638821754620759 65 83 43
12.407976812440587 69 84 46
12.35309154839858 64 78 33
12.466408236360861 63 77 32
11.615318229535346 62 76 31
13.198288452247944 66 84 40
14.784996004340869 67 87 50
8.855525679448707 65 80 40
9.267754879907654 65 80 39
8.84796867189143 63 78 34
9.02751039141779 66 86 47
11.463914922407884 70 85 48
9.674792517945669 68 82 55
10.797405289060185 59 72 43
9.585667385866445 56 70 43
9.993730110114551 41 51 13
9.141588436823065 71 85 54
8.369638434905017 64 86 53
9.335260397907934 75 96 58
9.369361679485275 67 82 52
9.176817499386695 74 95 58
9.134268099177618 73 94 59
10.015552726323465 70 85 46
10.832177421983014 71 87 53
10.234038561479014 67 81 52
10.223465466518167 71 85 54
9.072465749871473 69 87 56
10.318201295965677 68 83 49
9.686661847999812 64 81 52
10.258228990428576 69 83 53
10.028380828136845 69 83 53
10.672117971892735 69 85 54
11.196848016491609 71 85 55
10.538697204890765 70 86 55
9.887161297442917 70 87 56
11.233070329028552 69 83 55
10.676207564960098 72 86 57
9.268934041998879 63 83 43
9.19580538003376 64 84 43
9.642841336399082 64 82 42
9.746440638840717 68 87 50
9.739802116663254 64 82 45
9.624735418106766 69 84 52
9.566493695603926 71 91 52
10.498495368526164 67 81 50
10.116276428121868 66 82 49
11.09675082372481 51 63 20
11.638821754620759 65 83 43
10.478718448441473 51 63 17
10.41359344596102 46 57 8
12.657953935296787 63 80 38
11.907095305157053 62 77 36
10.9029716630719 53 66 23
12.927628061817847 59 71 26
8.486660375170024 62 74 25
10.264517657000734 65 79 52
9.20154894491135 67 81 54
10.51388793660444 35 47 10
9.43143212628736 69 81 57
17.42604899419022 49 59 61
10.821034154224858 72 87 48
9.040763004630794 73 86 59
10.875163216293211 70 84 55
10.538697204890765 70 86 55
18.40174229165583 68 81 66
10.239019946613297 64 82 40
9.538113304491189 68 89 50
9.53491388487518 66 83 51
9.566493695603926 71 91 52
9.752442078137582 51 62 11
9.619263715164358 50 60 15
12.825076416132852 68 85 47
10.320179478657096 72 88 55
8.92034923677002 69 83 55
9.987692313372563 41 54 16
9.85720986962752 72 86 55
10.934651838583134 45 58 16
10.365351257748799 65 79 48
9.299288038677359 69 83 53
9.47044259343068 73 90 57
9.734278382898635 69 83 52
9.489072564250602 68 88 49
10.043745287639293 68 85 52
12.41294873509164 58 70 25
9.417106045153583 61 75 30
9.648413917985753 68 86 47
11.196848016491609 71 85 55
10.052831145830496 67 78 49
10.336360624469753 68 85 49
17.72908476852298 65 78 67
14.825101798499931 66 86 49
9.757140487626653 44 56 9
13.1674733550614 65 83 39
9.860364034707393 59 71 26
9.46092413776533 64 83 43
