11.062299146740722 36 51 12
11.197244194440577 40 55 15
10.601915695624102 38 53 13
11.460895407636919 36 51 12
10.070896448892134 34 52 9
10.275888864109831 39 55 10
9.572319876461194 40 56 10
10.337582534340775 39 55 11
11.093571374244272 39 53 10
10.325065082124496 41 57 12
10.005789259612637 39 55 11
10.28973710338984 41 57 13
10.435121784600677 42 57 15
11.093571374244272 39 53 10
9.714890723205375 40 56 12
10.288691607953789 37 55 11
10.846269432665567 42 57 16
11.771444844559548 39 53 13
10.706469240763052 40 55 14
10.991300293015883 36 54 10
10.981909196413216 38 53 12
10.694383567985788 42 58 13
10.914194145503014 42 58 14
11.116862420796572 40 58 15
11.084132767946592 37 58 12
10.349269590509799 37 55 10
10.961004568044716 39 58 16
11.382986308268917 38 56 12
10.822686549010234 35 56 8
11.172817245991594 34 53 7
11.149985257423682 38 56 12
11.172817245991594 34 53 7
11.038338743438583 35 56 9
11.284292102003366 41 59 15
11.308009383619977 41 60 17
11.815182237247878 43 62 18
11.82521290930019 38 58 14
9.666275864220143 36 51 17
8.85119870280304 35 52 15
10.64343985645907 31 48 10
9.815323057088163 37 54 16
9.929947118240298 42 59 21
10.882406462830767 38 55 17
10.828083676639364 29 46 8
11.45323379525576 30 47 9
10.510099252243933 39 56 18
10.026615482381562 43 60 22
9.24303723468153 39 56 19
9.193851637285206 40 55 20
10.962122363760585 42 60 16
11.265785399366871 44 62 18
10.522617038933836 47 65 25
10.962122363760585 42 60 16
11.647648458427804 48 66 24
11.164884128755906 45 60 19
10.81613389359169 45 63 21
11.370463989209183 44 64 22
11.368906519984462 46 64 20
10.332515919069193 50 68 28
11.21332004138965 49 67 25
11.661982224590854 46 64 22
10.496620266088257 42 61 20
12.21549295027282 47 65 28
12.136272070025463 45 68 32
11.005926398224426 46 63 27
10.821044312513266 46 63 25
14.071477134917798 43 64 27
11.179149361036545 44 59 23
11.627607132279989 46 61 27
11.333642559924 53 68 32
11.768044423177464 49 63 28
13.4851560358694 53 70 34
13.45732660543011 48 68 31
13.503697472125523 48 68 31
14.454102852309745 52 72 38
13.814856406261832 55 76 41
14.157000994497542 52 72 37
13.915296164362402 56 76 41
14.074816644599878 55 76 41
13.594662248687017 52 73 38
14.357432898985225 58 78 44
13.62351098183436 51 72 35
13.459502900035009 56 77 44
14.23049123767197 47 68 31
14.115830645484047 44 65 28
12.219841063918865 46 67 33
13.32164325848985 47 68 39
13.459502900035009 56 77 44
13.7988559079919 52 73 42
19.422103572495264 50 70 30
19.305897934926232 43 63 23
19.150799224668052 44 64 25
19.183412548267285 46 66 26
11.05694983666487 36 54 7
11.882692664273456 36 54 6
11.387114301473792 39 56 12
10.742582978910924 37 56 8
11.46271465204335 38 57 14
11.368104539602712 37 55 7
11.486466690653337 38 56 11
10.89034050664616 40 56 12
10.612960577541768 41 56 15
10.568037901748053 42 59 21
10.331562313112595 45 62 26
10.480188473325809 51 70 35
10.65197910877056 44 63 22
11.001037486417992 41 60 19
11.044199061283088 39 58 13
10.412682515792643 42 62 25
10.50490958719677 41 59 19
11.589152156253867 39 59 20
10.57058200168487 42 60 18
10.550101068845311 40 57 14
11.589152156253867 39 59 20
11.324613804713426 37 56 12
13.106849807052207 45 65 31
11.56561100242803 41 61 21
11.73575485385268 41 60 20
12.12637537695061 42 62 24
11.156959081051367 43 62 22
11.810622885302225 43 61 22
12.591239248427945 45 66 31
11.925308471017926 48 65 39
11.38522618970169 59 72 53
11.81284393304748 51 64 43
12.020213269721614 46 65 37
12.230237023716844 52 65 45
10.272153025602591 46 64 35
10.073813176331935 45 64 28
12.363141453593807 47 67 33
12.763937415276084 48 67 38
13.367160105653806 50 71 40
12.965240940878875 45 65 32
12.375589981572062 47 66 37
11.815119997194161 46 66 33
12.443944746717252 38 47 25
12.303966386334684 47 55 34
12.048224833964925 41 49 29
12.004247869517858 47 57 31
12.566758405124041 38 45 24
13.904006489080045 44 55 24
11.867192010162011 42 55 25
12.712806772005091 43 51 31
12.342197296231685 45 54 29
12.06565539672756 45 54 30
12.753017028033144 38 54 35
14.25033384201214 42 57 26
14.73989368772121 41 61 28
13.164693071230282 42 61 31
13.05246713830928 39 55 31
14.864605784712433 45 67 34
14.06491409697636 42 57 25
14.309579092984505 44 62 30
13.948892518829304 42 55 23
14.575873662596077 45 65 32
12.543586752017628 45 61 39
12.495070164736074 45 61 37
13.192675423034744 43 61 35
12.606029836469649 44 59 37
13.407987913810384 46 66 38
11.32018529997172 24 39 2
10.741859215915586 34 52 11
11.241227715305971 37 52 13
11.23225210570964 29 47 7
10.021777900496414 35 53 13
10.946312581587515 37 55 11
11.383727535201073 38 50 12
9.76555296751043 39 55 11
10.275888864109831 39 55 10
10.325065082124496 41 57 12
11.426254867263705 36 54 9
10.386546013216082 36 57 11
11.084132767946592 37 58 12
11.194154467318885 36 53 8
10.752106452411788 38 56 12
10.505121946485106 39 57 13
11.003270658640242 36 54 9
11.048026438451494 37 54 8
11.514575732384051 42 60 16
11.308009383619977 41 60 17
11.13934657822726 39 57 12
9.294037569660443 37 52 18
10.222406867356437 39 56 18
9.142464802522182 42 57 21
8.859542429417802 41 57 22
10.765911185868928 43 58 17
12.339575051950343 45 65 23
11.125374700224185 47 65 25
11.626745190320033 44 62 20
11.319572025845428 43 59 15
10.997878728843366 45 63 21
11.663500558427158 46 63 25
10.802317042111989 43 61 21
11.663500558427158 46 63 25
11.49805161823493 46 65 26
12.13481289051968 48 67 30
10.858475587751489 46 65 23
13.7526381191019 55 73 40
13.23118375261486 44 65 28
11.619328565202096 43 57 23
11.459618981434783 46 66 26
13.259487827287572 45 65 28
11.2767828636048 48 63 29
13.814856406261832 55 76 41
13.798016570813603 55 74 40
13.157613858382273 51 72 38
13.504555101881934 48 69 37
14.271330814317093 52 72 37
13.279216566876519 48 69 35
14.102683198433947 58 78 43
13.503697472125523 48 68 31
19.267940290817045 48 69 29
18.587378838916287 55 76 37
11.330522944312817 36 55 9
10.998238763669214 36 55 8
11.342543590934923 36 55 6
11.37399108444477 36 55 9
10.611799959860681 55 70 46
10.766357045935441 51 69 37
10.59677099687829 38 55 10
10.677534770489103 40 59 16
11.193541472573974 39 59 17
10.967328466662401 38 58 14
10.3175375904871 40 60 17
12.12783557162908 43 63 28
12.728364739737286 47 65 37
12.137607865777083 43 63 24
11.766482532168821 45 66 34
12.28054765602137 43 62 27
12.279105621422692 43 62 24
13.074919281236207 48 66 38
13.063137196723652 46 67 35
12.054300176104567 46 61 38
10.940831229142809 40 59 14
10.073813176331935 45 64 28
10.691946013959342 40 58 17
12.486373196260672 25 32 15
13.760252887554653 41 57 28
13.120643429307894 45 52 28
15.106512211241167 43 66 33
12.813057678794573 41 54 28
12.427604096244734 38 46 30
13.797795156666337 44 53 29
12.268752398497403 41 54 21
12.256323934472123 25 33 18
12.753017028033144 38 54 35
11.759864719857587 40 54 23
13.843025581093075 45 54 28
13.262801444621603 42 53 26
12.153005785667638 31 39 25
14.491868750159567 43 63 29
12.712753970955776 55 67 50
11.799542825592763 45 59 39
11.605219951712002 54 67 52
11.624295951089183 29 44 5
10.846269432665567 42 57 16
10.082203254774864 39 54 13
9.956349517285425 39 55 11
10.752460490549838 39 54 13
10.774061575748583 38 53 10
11.449678085796537 35 56 9
11.493833358411786 37 57 12
11.038338743438583 35 56 9
9.817127002578918 40 58 19
9.928163672164716 41 58 20
9.255355450116104 43 60 25
11.100089199576114 30 47 9
11.021581705662237 42 59 21
13.259487827287572 45 65 28
13.62351098183436 51 72 35
11.3887282205202 49 67 25
13.32164325848985 47 68 39
12.136272070025463 45 68 32
10.917514094931354 45 64 24
13.4851560358694 53 70 34
10.802317042111989 43 61 21
11.3887282205202 49 67 25
11.45498230423721 45 63 21
19.338249691408507 45 65 25
10.844933994878357 40 58 18
10.22618611792009 48 65 37
11.728667642931136 45 65 29
12.207111202612863 41 62 23
10.988643267342617 43 61 20
12.375589981572062 47 66 37
10.410981764700974 40 59 20
12.95139853556857 51 70 42
12.257585324960601 48 65 40
12.268752398497403 41 54 21
12.073627933190089 46 59 28
12.126178795312189 46 59 26
10.742290318138307 36 50 11
11.846478233729338 37 49 12
10.64958653749951 36 53 15
10.68206706790227 41 57 13
11.08308784303324 38 56 13
10.28973710338984 41 57 13
9.128054535842493 36 52 18
9.914895402637839 33 50 12
11.236503119725173 43 57 25
13.445423971973453 50 71 35
13.278344382826182 44 65 28
11.265785399366871 44 62 18
14.371579479487156 49 70 33
11.164884128755906 45 60 19
14.074816644599878 55 76 41
13.45732660543011 48 68 31
10.802254902658818 36 55 8
10.214057539980793 39 56 12
10.660582030218885 40 58 18
11.324613804713426 37 56 12
12.525281732213736 47 66 35
11.81284393304748 51 64 43
11.490687654798732 41 60 21
14.195557324913562 43 60 27
14.686943149663042 45 66 33
12.141732257364463 46 62 42
11.846478233729338 37 49 12
10.576035913882732 38 53 11
13.858753468813426 53 74 39
11.156959081051367 43 62 22
12.830048228696082 46 67 34
11.250071132261368 39 55 11
12.981676850215196 43 62 32
10.285860905469875 48 65 29
11.529346904006253 36 55 7
11.57938043531688 35 54 8
13.222401243111268 44 62 36
10.457378395020157 41 57 12
11.72715774638434 45 63 25
