17.485978174974203 52 67 26
17.296612415748207 77 91 50
7.971264564488058 61 77 33
7.971264564488058 61 77 33
7.39682600254697 61 75 32
7.860099473409062 62 76 31
7.396738992064585 59 74 32
8.022874061813399 59 75 29
7.357064852024603 59 73 30
8.039137898461613 62 75 32
7.4525010272952406 61 74 30
7.12729483559002 62 77 33
5.394861816948499 55 69 27
5.991619912946559 61 75 34
6.17160054423911 59 73 32
6.3242454770780645 51 65 25
5.8278915022252775 53 67 24
5.8912686617862215 58 72 30
5.4644736276011106 60 75 33
6.674153443486178 63 77 36
5.4644736276011106 60 75 33
6.295418236768993 59 73 32
6.773011364665825 60 74 33
5.949025013041616 58 73 32
5.736559444971975 58 73 32
6.902478866303149 63 78 37
6.763731354416966 62 76 35
6.210861331941391 69 85 47
7.340681621607793 67 82 42
6.581702877178974 60 74 33
7.606916149014148 64 80 34
6.767058996033906 64 84 43
6.949418851198237 62 80 36
7.683563590745133 60 78 30
6.961589523744517 67 87 45
7.430104695140186 64 84 42
5.944470115493436 74 97 64
6.112976889096448 75 97 64
6.4014275384354535 72 93 54
6.4414920913224885 72 95 60
6.277064213028764 78 95 61
7.049480504132861 79 100 67
6.163454129751077 73 88 52
6.277064213028764 78 95 61
7.219813823405203 78 98 63
5.714494481928993 60 74 33
7.260006560438564 62 78 37
7.260006560438564 62 78 37
7.480090725040157 63 79 36
6.264349835302632 60 74 33
7.436015528000877 61 75 33
7.056604129909525 62 77 33
6.659073236332941 60 74 32
6.659073236332941 60 74 32
6.782183782664348 59 73 32
6.782183782664348 59 73 32
6.277848770620084 61 77 34
7.18698666736101 60 76 33
6.860477073918819 62 78 37
6.914396052107555 62 77 36
7.467920434159087 63 77 36
8.113081022924947 65 85 44
7.079532215289752 72 92 54
7.350814895360394 64 84 45
7.440774528217651 64 83 42
7.440774528217651 64 83 42
7.540723007176449 64 84 44
6.876899922364539 68 88 48
7.172805249413887 64 83 43
7.535150556207448 65 83 41
7.76383661543231 66 84 42
7.0675646484206585 65 83 42
6.250085702717442 78 99 65
6.349869621313351 73 96 63
7.325619501499031 66 86 50
7.895273416547961 72 93 58
7.314869682840626 74 95 62
7.647969516847236 74 97 64
6.977054868053776 74 97 64
7.187726614550426 73 98 64
6.601372366716132 72 95 64
6.988232254326451 72 97 65
7.247289094775873 77 98 65
7.7039744981642615 77 98 63
17.729807229937197 45 60 19
17.673278621000318 75 88 49
17.724472356442618 76 91 50
7.807331623672956 61 76 32
7.569654324142825 60 75 32
7.860099473409062 62 76 31
5.817839900478843 56 71 29
5.578328149464966 55 70 28
5.48941032256012 55 71 28
5.978579578180933 60 74 33
6.291845386217504 60 74 32
5.934778199568607 51 65 23
5.8278915022252775 53 67 24
7.242361836665676 61 79 35
6.864579099587783 64 82 40
6.4505719604292535 77 98 67
5.861109596340177 74 97 64
6.371341920691412 74 97 64
6.343149647155188 74 95 58
6.343149647155188 74 95 58
7.513527278743173 64 80 35
7.710409998258575 62 78 35
8.10541484247426 65 80 39
6.277848770620084 61 77 34
6.860477073918819 62 78 37
7.107219054916322 61 76 35
6.747476820329362 63 77 36
7.436015528000877 61 75 33
7.683731114730459 63 79 34
7.18698666736101 60 76 33
7.568343862318851 64 79 35
7.265701454686355 75 96 58
7.474386964384344 64 80 36
7.6722741521785185 64 80 41
7.074439238907675 76 97 62
7.421460058888933 71 93 58
6.4359942289803 74 99 65
7.7540386922989635 57 72 28
7.678094808399895 58 75 31
5.532015827018471 58 73 31
6.356632705459013 57 72 31
6.371341920691412 74 97 64
6.98983563466095 59 75 33
6.250085702717442 78 99 65
6.752816396379428 59 75 32
9.106221016005184 64 80 39
6.041469339111247 60 74 33
7.238473902726992 59 74 32
7.272113065327117 63 76 34
7.568343862318851 64 79 35
7.421460058888933 71 93 58
7.10996482755262 62 76 35
7.611691976388986 75 95 60
7.296174669938991 74 97 64
9.093286396506834 70 91 54
7.805252974574757 69 89 53
17.599947316411143 66 77 39
6.069974569998763 61 75 32
6.871314679775947 63 77 36
6.997504098655136 61 81 38
7.219813823405203 78 98 63
7.02123121678277 79 99 65
6.812205294113745 73 98 65
6.874248306411435 59 74 33
7.569654324142825 60 75 32
7.769671512164758 63 77 33
5.978579578180933 60 74 33
6.612185842327377 71 91 51
7.384836798429484 63 82 38
6.949604072164267 63 78 34
6.336727252329148 60 74 32
6.800738604047043 75 96 63
6.876899922364539 68 88 48
7.909792081223104 63 81 40
7.162288697880573 58 74 30
7.079532215289752 72 92 54
