24.662464206619465 61 82 35
12.829312316905831 66 90 55
12.395808450308065 49 67 26
12.306317513343114 35 50 8
14.159451994688022 73 94 52
14.319382458005608 56 75 25
13.954673906841688 57 76 24
13.78435173868611 63 86 47
14.159451994688022 73 94 52
13.107912495605776 50 68 25
13.431638269672359 46 61 17
14.324586895535841 54 74 35
12.993769882520501 33 50 16
12.99642269379669 50 67 19
12.93254950185832 30 46 12
15.525435118344749 14 23 8
13.959581526702733 52 66 21
13.654930814271493 45 61 9
13.959581526702733 52 66 21
14.61816682589488 77 86 56
14.164117112194935 57 70 15
13.656104100085537 55 71 19
14.20777037931705 58 70 21
13.420448650625872 61 73 26
14.15067052685795 56 68 17
13.424210692247584 61 73 22
15.05504092381702 58 72 24
11.479301051121626 57 68 72
12.170566139773472 55 69 66
15.04359956447453 1 8 1
15.652552992943226 1 5 1
13.758836083886973 76 85 81
14.57196330338361 0 7 0
15.641559973533496 0 2 0
15.942919132693028 36 43 37
15.032161224022564 0 3 0
14.894833412435142 56 70 50
13.828683311128845 59 73 46
14.629627479396039 61 76 41
14.583614336285118 55 69 58
14.013208661015165 57 71 56
14.242603164843365 61 75 47
14.741440368614132 60 70 28
14.334573657528562 58 72 28
14.535244880096444 67 76 73
14.741440368614132 60 70 28
14.892675786287104 60 68 20
14.568349240476133 58 71 42
14.02809590081541 61 76 36
14.304458633613812 58 69 34
14.21744734003657 61 70 57
14.78913545568291 59 72 41
13.988477030631774 57 73 51
16.05479706615104 69 84 31
16.385392269511325 65 82 26
16.385392269511325 65 82 26
15.600505492675705 67 84 30
16.333795332319795 66 83 27
11.271628037809982 57 68 73
14.727133642642166 64 80 37
12.415225327742421 24 39 39
12.756203259885357 42 56 54
12.803405935183948 31 43 40
14.060858591164099 60 81 43
15.020990722945017 54 76 52
14.553650231006715 61 85 47
15.67157039511256 58 77 54
14.449412704176131 48 66 47
12.738895728922552 65 86 51
12.679170924610391 61 81 46
12.072996350184402 52 68 26
12.395808450308065 49 67 26
14.380607460125773 66 85 42
14.082618470588814 58 79 39
12.915947021625866 47 65 20
13.027523911576191 48 66 23
14.119194181493363 55 67 16
14.60074335549429 42 56 9
13.942316467022415 35 50 2
13.635603625338181 55 67 16
13.586396502315896 61 73 22
14.770664483487174 59 68 22
14.715748927323972 59 69 24
13.826359311502118 61 75 30
15.280187928522075 1 7 1
14.242603164843365 61 75 47
14.741440368614132 60 70 28
15.464156179362035 0 4 0
14.405122416515848 57 69 64
14.930818026254261 57 68 41
14.914677301204453 50 57 54
16.76823208231563 62 79 23
16.333795332319795 66 83 27
11.365869919037499 57 67 71
11.470115658340164 58 69 73
14.20261278967885 63 79 37
13.803621074879437 60 77 38
13.541259155047669 60 77 44
12.505232744899194 57 71 75
12.31487279692978 52 68 69
12.531261378642624 42 56 55
14.27790632534977 52 70 49
12.614819087361697 43 58 17
14.66675359629988 61 81 35
13.612626433152803 48 64 24
13.431638269672359 46 61 17
14.119194181493363 55 67 16
13.492381357063035 38 54 7
13.81922237777614 59 71 20
14.018602742149618 59 71 26
13.933430504865541 58 70 25
14.547073950304254 4 10 6
15.18382658373152 57 68 49
14.52925547765007 58 71 32
14.892675786287104 60 68 20
14.741440368614132 60 70 28
15.032161224022564 0 3 0
16.818496277433624 65 82 28
15.427601871551115 57 77 52
13.553470504762549 70 94 57
13.933430504865541 58 70 25
12.95965826559077 57 69 66
14.336815275780179 58 71 50
11.943058015247043 57 68 73
12.828568955177973 55 73 54
24.652695852760818 61 79 32
13.368323073358951 50 69 28
14.61816682589488 77 86 56
12.744978238308255 56 69 67
13.827355557099736 56 69 62
15.056673830820841 59 82 47
12.857674116804823 38 56 9
14.174415093584587 62 84 46
13.439235210481009 59 70 67
13.667957145069995 58 79 39
