12.623199580944965 3 3 4
12.663574589933049 6 6 3
12.617575049700243 3 1 6
9.903859357009171 45 45 42
9.795876124735 56 57 49
10.336159983829074 50 51 40
10.439261024462436 55 56 49
11.287341286304477 60 59 59
9.77063441053297 52 56 41
9.89836394043668 55 59 40
9.626577726670572 41 43 21
9.990119874772077 24 25 16
10.076372684379042 42 41 21
10.329290183055098 42 41 23
9.42328179775469 40 39 23
12.297150019286004 29 32 20
12.700419906161914 34 33 14
11.002768287189824 41 46 17
10.591689941715336 41 46 17
11.91412752519414 41 41 15
11.79375502054205 34 35 19
12.285253477274344 41 41 15
12.281019861833336 42 42 16
12.16855274052151 33 34 18
12.413577758123644 19 19 17
11.703222478116697 37 37 15
10.305271575010527 43 46 17
10.777785434091058 42 45 14
10.73109517201689 44 44 12
11.407405987354645 44 46 15
11.662340279416991 44 44 14
10.496446316567884 44 46 11
10.51525975933982 60 62 40
10.102394562347342 54 56 34
10.102394562347342 54 56 34
11.040112641488971 52 53 28
10.45991102233346 54 55 31
10.411088171244431 53 53 29
11.383559446516559 54 54 29
10.998595801519109 53 52 28
11.240271761176864 55 55 30
12.26470770133642 2 2 4
12.111306828422544 9 8 11
11.642058679384085 19 17 15
11.922495944416227 40 43 37
12.28336094801527 45 47 36
11.23816655931984 23 25 28
12.515729904579333 47 50 44
12.714990651783078 18 18 18
11.949643221233627 24 24 26
12.359701679725283 41 44 35
11.064136576454455 19 21 25
12.356182361366805 8 8 10
11.922495944416227 40 43 37
10.978790860102032 29 31 37
11.496854223986324 44 44 46
13.053966213742711 23 23 20
12.748520089679383 33 33 28
11.88797206615007 33 33 35
12.118814134967238 46 47 37
11.801560583297816 62 59 60
11.910915636940045 53 54 47
11.927806878417655 52 50 46
11.495178117285475 57 58 52
11.844031723769987 59 59 57
12.728054379637587 41 42 35
12.484446353982243 41 42 32
12.333778774505166 44 45 36
12.523334561326346 52 54 33
13.040978276085538 58 60 34
13.429484332930919 53 55 33
13.030979099989429 56 58 34
13.532962740809621 34 35 29
13.499345127857662 55 57 37
13.269903969338413 55 57 32
12.834141107510401 50 52 31
13.642345411020491 54 56 36
13.269903969338413 55 57 32
13.415350192523519 56 58 36
13.179062399766485 54 56 32
12.437521497845134 52 54 29
13.238572850257086 48 49 38
12.990873694246385 35 39 42
13.247560000787615 27 29 31
12.288192981339817 46 47 34
11.107998287355274 26 28 31
12.781075011473678 39 42 39
13.094831385563523 27 33 33
13.550519419634456 32 37 39
13.247560000787615 27 29 31
13.146674712300005 47 52 50
13.147558440606257 27 31 36
13.425422782243182 38 42 48
12.780521341623336 35 41 43
12.29633108850516 38 43 43
12.780521341623336 35 41 43
13.437457855753584 55 58 39
13.958839804090303 50 53 34
13.269925586962504 49 53 40
14.18303044959743 61 63 39
12.963173895277594 61 62 37
12.9595122422864 50 54 35
14.113170788038255 60 62 40
13.958839804090303 50 53 34
14.258342128724466 57 61 41
12.878410769527308 48 50 32
14.397120660105287 59 62 39
13.269050008399008 49 53 37
13.957175027920188 52 56 35
13.730214845693304 58 60 39
13.433904124112974 54 56 35
13.045529692762862 60 60 37
12.665632147164088 55 61 60
12.779256806741932 48 53 40
11.985444081119466 50 55 43
12.748642436816475 50 55 44
12.567211499483237 51 55 51
12.207970910616515 49 53 47
12.53664376965019 50 54 36
12.431859110363435 51 56 45
12.537006073222189 50 56 56
12.748642436816475 50 55 44
13.712082781588535 51 55 36
13.181825219451332 56 59 39
13.633753946862388 53 57 38
10.322003565944213 44 46 22
10.068903038767765 42 44 18
10.182827721872606 41 42 24
10.451834330803168 44 46 19
10.322003565944213 44 46 22
10.216582262757226 44 46 19
9.867095390538102 44 47 18
9.92575038257746 44 46 20
10.472892144412398 45 47 24
17.79273442613874 59 61 34
17.567146476227467 56 58 31
11.446797040160156 44 47 16
11.786026977365896 43 46 13
11.012112586305339 46 49 18
11.186951910419651 45 48 17
12.333709937220522 48 51 20
11.797369181333305 58 60 34
11.408722010591966 58 60 34
13.426023298651138 61 66 42
14.243399091618047 68 71 47
14.032022471519715 62 64 40
14.178024728736258 62 67 42
14.178024728736258 62 67 42
14.032022471519715 62 64 40
14.178024728736258 62 67 42
11.843887388960948 55 57 32
11.349991261074338 57 59 35
10.81873543201898 56 58 34
11.641279349352223 53 55 31
11.17600415275835 55 56 32
11.20987744871484 55 57 33
11.420141680729675 56 58 33
13.246757379263087 57 62 39
12.15550378620487 56 60 32
11.483042996112893 52 56 27
12.298703714970213 54 57 28
12.113516855592913 54 59 31
11.90115715924373 58 61 32
11.83127241753819 56 57 33
11.917087328261657 59 60 37
11.586185960486462 57 57 34
11.510881947268297 55 55 30
10.57497040333452 51 55 34
21.184538796583716 63 61 56
20.621809633627993 49 48 30
21.040779439495974 49 46 22
21.024005460746142 46 45 29
21.212201470947043 136 136 132
21.1318110619407 4 5 3
19.70971008314306 15 15 15
17.667876761705205 35 29 10
21.717355488237473 34 24 6
21.072054209490748 32 23 5
22.152726204334165 30 22 3
21.573936118447083 48 44 19
21.893092027636726 47 44 18
17.74919017396051 36 31 14
17.703063409436414 36 31 12
13.284205868208097 24 25 15
9.795876124735 56 57 49
10.123451904859245 55 60 48
9.625812813178108 37 36 19
9.89668947870282 32 33 26
12.12913411759839 8 8 6
9.788627152241634 49 48 32
11.580657976568869 33 34 20
12.656132108704856 32 34 16
12.159047270754899 42 42 13
11.621937038481683 37 37 15
10.869781429194564 44 46 15
11.226460606577678 45 46 12
11.072687449670187 54 54 30
11.553416010783993 55 54 31
10.874225921134554 53 53 27
10.45991102233346 54 55 31
10.051835365127996 52 54 32
11.273951962725569 54 55 30
11.102652628289562 22 24 26
12.401198242200373 25 25 24
12.28336094801527 45 47 36
11.88797206615007 33 33 35
13.053966213742711 23 23 20
11.910915636940045 53 54 47
12.369625037301363 46 47 40
11.844031723769987 59 59 57
13.04397699386819 32 32 29
13.642345411020491 54 56 36
13.198828808757463 56 58 33
13.014551151652777 44 47 38
14.137755379788782 50 51 38
12.791247117221674 50 51 34
12.687626888447735 52 54 36
12.927406684482895 51 52 38
13.532962740809621 34 35 29
13.112909052910888 57 59 33
13.112909052910888 57 59 33
11.080221562979013 30 32 38
12.53942374598986 42 45 40
12.677394267892982 39 44 41
13.147558440606257 27 31 36
12.964442618111075 41 47 48
12.346719185492349 39 45 49
13.269925586962504 49 53 40
13.664085814671422 53 55 36
13.572385775940232 44 49 45
13.807996496032574 56 59 38
13.437457855753584 55 58 39
13.20332581171534 57 58 37
13.512531612665414 53 55 34
11.928935707759255 50 55 53
13.862621180988423 52 58 59
12.238988411923295 51 55 48
12.567211499483237 51 55 51
11.953768704007452 51 56 46
13.09394409863625 45 50 41
11.985444081119466 50 55 43
13.633753946862388 53 57 38
13.262823366150744 53 56 35
12.370151653628865 47 50 20
10.182827721872606 41 42 24
10.561226365481609 46 48 22
9.865917822881448 44 47 14
10.451834330803168 44 46 19
10.231604231053705 41 43 20
12.293875812826462 52 55 25
11.092898603915378 44 47 13
11.83321204095482 46 49 19
11.459488955718047 59 62 37
14.392189401758143 60 63 40
14.098073879636297 67 69 46
11.10858471283502 55 57 32
11.070754424766644 57 59 35
11.227823388071714 57 59 36
10.9837320947617 53 54 29
13.176439146848898 56 60 38
11.789740824280543 58 59 36
12.384540509685642 55 58 29
12.42083309421431 56 59 31
12.338522252803001 52 53 24
11.571440697769312 59 61 36
12.5497240688179 55 58 29
12.505831652543225 57 60 31
11.483042996112893 52 56 27
11.630076818176262 57 58 34
20.555388245688455 50 49 32
10.568255840291247 49 53 31
21.04112938591469 48 46 24
21.06699770073928 7 8 6
20.326577548243137 34 35 27
21.566900970919118 31 22 4
21.341261585391848 49 45 20
12.891245806713593 5 2 7
11.91412752519414 41 41 15
11.30690602089493 53 52 29
11.084453322156095 53 53 28
11.714124953459661 56 56 32
11.185141210456262 40 40 18
9.431788113164432 55 59 37
10.336159983829074 50 51 40
9.883079176048886 41 40 21
11.036249458727122 28 30 36
12.625778755465241 16 16 16
12.714990651783078 18 18 18
13.030979099989429 56 58 34
12.16601326794665 55 55 51
13.260077422944775 56 58 35
11.187053446598105 20 22 25
12.45624749408208 56 56 58
13.95715447474664 58 60 34
14.18303044959743 61 63 39
14.258342128724466 57 61 41
14.471318213182292 57 61 40
13.28331822466552 56 58 37
12.990873694246385 35 39 42
12.88797925806925 38 43 48
13.037338475168141 49 52 42
13.181825219451332 56 59 39
12.333709937220522 48 51 20
10.561226365481609 46 48 22
10.44961085219439 44 47 13
17.51351951735155 60 62 36
11.40386531682686 45 48 17
10.354593373012156 44 47 18
11.17600415275835 55 56 32
11.44024729349347 57 60 35
13.72504397746491 58 63 39
12.208028181287993 58 60 34
12.338522252803001 52 53 24
21.396624119671234 126 127 120
17.269980639264027 34 28 8
12.623199580944965 3 3 4
11.226460606577678 45 46 12
10.920719105808123 54 53 52
11.593460595781346 77 77 77
9.824918890356242 42 44 21
12.081790912142003 33 34 22
12.223698283531041 10 7 10
12.65954447774426 35 36 30
12.864574312677789 50 52 35
11.690843266223824 28 30 36
12.245006978877022 13 15 17
12.15234536292371 10 10 8
12.437521497845134 52 54 29
12.317444265752108 43 44 29
13.572385775940232 44 49 45
12.755120088242109 51 55 48
12.781075011473678 39 42 39
10.984196798914452 30 32 38
13.011001789813555 50 54 39
11.52891248934766 50 54 50
14.037080257902115 61 63 38
11.695920093897424 35 37 43
13.663235495027388 53 57 36
9.773677707478274 43 45 20
12.293875812826462 52 55 25
13.72504397746491 58 63 39
10.853723782221316 56 58 34
11.483042996112893 52 56 27
14.178024728736258 62 67 42
13.266401302649847 65 70 45
20.804744021704796 13 13 10
20.98563186608214 50 48 37
20.784467258031835 47 46 26
17.812919246007237 52 46 27
10.176035874577291 58 60 37
10.448906189119159 42 45 14
10.433341883475945 54 59 45
12.814090561218869 32 34 20
10.960127441541577 72 73 73
12.085132967440826 37 37 15
13.664085814671422 53 55 36
11.77102738540644 29 31 35
13.037338475168141 49 52 42
12.878410769527308 48 50 32
10.594176966906609 44 47 18
21.040779439495974 49 46 22
12.864574312677789 50 52 35
11.102652628289562 22 24 26
12.79588736201028 49 51 31
11.869042361653447 56 57 50
12.748520089679383 33 33 28
10.957036766807388 43 46 17
12.698154809063961 0 0 0
13.499345127857662 55 57 37
20.832171101133728 48 46 23
12.082223774325781 46 47 34
