12.06961424845056 9 16 0
12.24272239751207 21 29 8
11.276578791530977 4 10 0
12.407258668390886 13 22 2
12.573500518896344 2 10 0
12.320195616549071 29 39 19
12.313990920725464 29 38 19
12.320195616549071 29 39 19
11.557263911182659 22 28 6
11.557263911182659 22 28 6
11.275210074974288 18 23 4
10.114652957011032 21 27 6
10.728825776811 28 37 16
10.074954408451674 13 18 0
10.008796955283072 15 21 1
11.730179557830567 31 36 13
11.289121525815032 11 17 0
11.564052075619273 16 23 1
10.931421551008539 23 31 11
11.028425321619682 34 42 21
11.115200827114531 34 43 21
11.027584007818218 33 43 22
11.12225879585603 32 41 20
11.028425321619682 34 42 21
10.939926006895993 30 39 16
11.484365225492537 28 38 15
10.554375480944465 31 40 18
12.083643475840885 29 39 17
12.331676918126306 34 43 22
11.027584007818218 33 43 22
11.028425321619682 34 42 21
10.844514990948403 29 40 16
10.164667717436245 32 40 18
10.655005086907911 30 41 17
11.302114713547036 28 38 15
11.74461425521406 30 39 18
10.444378529310713 26 36 14
10.932750328323152 30 40 17
11.47509814231564 32 42 20
11.60875857846321 30 39 20
11.451962567575459 31 41 20
11.45764524663937 29 39 16
11.468723449680692 30 42 21
11.48989093013803 28 38 15
11.750046073516353 24 38 14
11.887008204568934 26 36 13
11.95149854586981 31 41 18
11.310015837892356 27 37 14
11.58221833394434 27 37 16
11.539964302665796 28 36 13
11.84461506388188 27 35 12
11.794971516495592 31 41 18
12.037027448384498 34 39 13
12.037027448384498 34 39 13
11.451043902669884 29 39 16
11.81145957860329 33 43 21
11.703570345264186 29 39 16
11.281810763135452 28 38 15
11.635307878534679 34 44 23
12.553447854053246 35 44 24
11.199647393088979 30 40 18
11.81145957860329 33 43 21
12.244076444498509 33 43 23
12.468314444051602 33 42 23
12.468314444051602 33 42 23
11.78441443150465 29 39 16
14.10785823779568 27 41 18
11.776694071068214 31 41 20
11.636486692577188 29 39 16
11.744027478310862 29 39 16
11.685903272526472 34 44 25
11.601266651122238 29 39 16
12.000971491692361 32 42 20
12.171832429552301 29 39 16
12.034147713578285 30 40 18
11.675031148884653 30 40 18
12.360892305033055 31 41 22
11.71779361541386 27 37 14
12.167677237665735 29 39 16
11.535829572755198 27 37 14
12.305969086671805 26 37 14
12.102060557349999 27 40 19
11.908864180862437 27 37 14
11.670699079075542 29 39 16
13.402192932951085 29 43 19
13.501332597605481 27 43 19
13.797262683540495 26 42 20
13.57689106734135 27 39 16
14.247921996352913 36 41 12
13.334827040110373 28 41 20
13.726268491542339 31 41 17
14.04402380003458 33 42 16
14.413499344736943 28 43 21
14.57450410339414 28 42 15
13.99649281052429 29 42 21
14.57450410339414 28 42 15
14.201073470455592 30 42 15
14.472013143702473 30 39 12
12.407258668390886 13 22 2
12.573500518896344 2 10 0
12.388766070976695 25 35 10
12.388766070976695 25 35 10
10.434384469981143 28 36 13
10.456726518922071 32 41 20
11.473832174133443 24 32 11
10.927831508510701 19 27 5
9.312892760587804 16 22 4
10.554375480944465 31 40 18
11.302114713547036 28 38 15
11.214296976797698 31 43 22
11.301933168161671 28 40 17
11.60875857846321 30 39 20
11.34293350064043 27 37 16
11.45764524663937 29 39 16
11.689015689285172 30 39 21
11.815284007005339 30 40 18
11.74019844159274 27 39 18
11.66390355764588 27 37 14
12.044695685638532 35 44 25
11.97320883233286 32 42 20
14.170403691354702 27 40 17
12.099896183873609 32 43 22
11.675031148884653 30 40 18
12.01817541376873 29 39 16
13.336045091923785 27 42 20
11.695825252996867 27 37 14
13.909202988587023 27 41 17
12.112785635811825 29 39 16
12.261133917506283 27 37 14
11.852774045654831 28 38 15
14.383282532976038 26 42 20
12.86602411806556 32 42 18
13.271300279885686 28 44 22
14.04402380003458 33 42 16
14.413499344736943 28 43 21
13.75340426398072 32 41 14
12.24272239751207 21 29 8
12.313990920725464 29 38 19
10.90408359070221 22 28 10
11.116404669375282 25 32 11
11.82394925797168 24 32 10
10.461866838885822 29 40 16
11.566287766991968 32 40 17
11.4853517280987 33 43 23
10.558092509550027 33 41 19
10.458311802949254 29 40 18
12.331676918126306 34 43 22
10.655005086907911 30 41 17
10.558092509550027 33 41 19
11.887008204568934 26 36 13
11.877274130612152 27 40 19
11.20646908548141 28 38 15
10.92953619396369 33 43 22
10.92254154401971 32 42 21
11.281810763135452 28 38 15
11.451043902669884 29 39 16
12.70063059227454 32 41 23
12.128633343259889 29 39 16
11.281810763135452 28 38 15
11.48006940147281 29 39 16
12.187603357888186 32 42 21
12.111613972363347 27 40 18
11.980734973081338 28 38 17
13.861209697455651 29 43 19
13.99649281052429 29 42 21
13.085288597406231 25 37 14
14.032989901182946 31 41 15
13.271300279885686 28 44 22
13.240213492420136 28 41 21
11.267322913871922 38 44 18
12.407258668390886 13 22 2
13.04996470856644 29 39 18
10.06849136582495 11 18 0
11.159388533932434 29 39 16
11.750046073516353 24 38 14
12.214945030917157 32 42 20
11.632457903467007 14 20 1
11.181646877884738 25 33 13
11.105810453584404 29 37 16
11.028425321619682 34 42 21
11.359603345104643 27 37 14
11.703570345264186 29 39 16
12.034147713578285 30 40 18
11.20646908548141 28 38 15
12.313070807482251 34 44 24
11.630645357842061 27 37 16
12.237833155603873 34 43 24
11.926815034545 28 38 15
10.73854581148244 32 42 20
11.41620259916047 27 37 14
