17.19682418940567 49 66 30
12.775924763264314 47 64 27
13.908981307986052 47 64 28
13.434999812111968 47 64 27
14.137067119908913 47 64 27
13.996820584401465 43 63 24
19.998414883180672 6 13 4
19.561388725934776 29 40 17
20.30724650784604 8 16 6
19.368898513441042 4 10 0
14.099616560116024 52 69 33
13.184788434701607 52 69 33
13.584917265671779 51 68 32
13.787759579588855 50 67 31
13.296719508875649 52 69 33
14.01911263188919 50 68 31
13.64100291477339 45 62 26
13.761018475154744 44 61 25
13.889098999172383 39 54 13
12.922335099803528 51 68 32
13.337243726228452 43 60 22
13.310549919725865 28 46 5
12.991991922856878 47 64 27
13.716225530202806 40 57 20
13.6807677469795 50 69 26
13.595655766293897 39 56 15
13.605079597471812 53 71 27
13.09534159423173 44 62 19
19.812780128194177 54 75 44
15.655750029323938 51 71 29
14.259003837470004 50 67 31
14.133890240396918 51 68 32
15.112616515129687 53 74 29
14.382271600762845 47 65 23
14.527000073380927 53 71 29
15.44845772529004 48 66 26
16.972846201644714 44 61 23
16.959653454421833 42 59 21
18.150643254721924 42 59 21
14.140012464186562 48 66 24
14.133504793696831 43 60 24
11.113424392064413 44 61 23
10.470980817876312 43 58 19
10.470980817876312 43 58 19
10.155223340945286 38 54 8
10.869881207823177 44 62 22
10.799508575785378 36 52 1
11.330340369816561 39 55 6
11.395777056087098 43 59 7
9.930542931815268 33 49 3
11.207302490374497 40 56 4
10.959767666087094 40 56 4
10.487290866778071 34 50 3
11.330340369816561 39 55 6
10.465755791073454 32 45 0
10.578653715323915 41 59 13
10.161781274692018 29 45 0
10.811205208533828 45 64 13
10.378977026813386 34 50 0
11.062064901146405 34 52 0
10.094266286902714 36 54 10
9.740043916902696 52 70 24
10.344162270256332 47 65 17
10.511365985900255 48 66 18
10.418268936102384 50 68 24
10.001512706826 47 67 23
10.511365985900255 48 66 18
10.396897215903056 45 66 19
10.657513478020986 47 68 21
11.940597671098667 41 57 5
11.536496475399307 39 57 3
11.722579869855354 40 59 8
12.618800596709718 43 61 13
12.456681468443783 43 59 11
11.597959193314836 39 57 8
12.072572496505263 41 59 10
11.874990342363668 46 65 14
11.80438577434115 46 64 13
11.902590112563947 36 55 4
12.080337908050899 40 56 5
11.070047045625213 51 72 23
11.027036796905971 55 71 26
12.111986407650578 53 69 18
10.739302953885405 48 71 17
11.075936627611098 49 69 27
10.982311090367379 50 70 26
10.38800853929358 48 69 22
10.994274394910873 58 70 27
10.829007925109343 55 71 27
11.349878843030792 55 71 22
12.1146782884385 51 67 15
11.496238254098746 48 70 21
10.829007925109343 55 71 27
10.994274394910873 58 70 27
12.20727025355029 54 70 25
12.20727025355029 54 70 25
11.381139012729241 54 71 26
11.826176605535064 53 69 24
11.894368646882972 54 72 28
12.45103781286322 50 68 22
11.087307571710442 55 71 27
10.940940542684071 57 73 27
11.102095165685848 55 71 27
10.754062499327087 55 71 27
12.340794967171762 53 71 23
11.914994441607371 56 72 26
11.863542425603379 56 72 26
11.712869066744247 56 72 26
12.784921366972924 55 71 25
12.298195863369923 57 73 27
11.979959501305988 56 72 26
12.358919180590787 53 72 20
12.545911471095511 55 71 27
12.340794967171762 53 71 23
12.778320824089986 61 77 33
12.471934542807494 60 76 32
11.859756551416593 59 75 31
12.268239169274924 60 78 34
13.21111406637558 57 73 25
13.264303179581143 58 76 30
12.786480201730399 57 75 29
13.313334139955051 57 73 25
12.897656381718608 56 72 26
12.575410421732368 58 74 26
12.397309562336988 58 74 26
12.634801505903479 54 72 25
12.974010251611299 59 77 29
12.570656795197673 58 71 26
13.678476990431184 58 78 29
12.996797222541227 58 72 27
12.996797222541227 58 72 27
13.507586093865493 50 70 29
13.060831239614501 52 70 28
12.886880107850768 50 70 30
13.675999983924136 49 69 25
13.264801200374396 55 76 29
12.536969233478938 51 72 28
13.813019926973295 54 77 29
12.872141946873779 54 76 31
13.484260301205582 55 78 33
13.429004209341906 54 77 32
13.395599004956825 56 77 30
14.448465204649448 56 72 28
13.564009584231558 58 74 30
13.36763580624605 58 76 30
13.319347510134925 61 79 34
12.803042461836608 61 82 36
13.818208895351896 55 73 31
12.853270604491499 59 77 33
13.057382363436375 57 75 33
13.68671254336303 56 76 36
13.532466418993941 52 74 30
14.220814534627625 55 73 31
12.828645760019482 60 76 32
14.455681915282915 55 73 28
14.701215377435513 58 73 28
14.059803365735364 59 75 29
13.687583526865001 60 76 28
13.07295987580101 57 78 29
17.487947225375958 45 62 24
18.166638407283468 49 69 30
17.775306909522996 55 75 35
18.657222899301964 45 62 24
18.068602987270207 52 72 32
17.53421391291558 54 76 35
17.731587594412943 53 75 33
18.46768297248992 52 76 33
14.183334188483709 53 74 27
13.414274466815234 52 70 28
15.178734628323614 52 72 33
14.190328451648433 54 76 29
14.697330959045528 55 77 32
14.763005182769104 51 73 30
14.620118643944556 50 72 31
14.40481374873915 53 75 34
14.540751144373996 50 72 27
14.962657074638068 50 74 33
14.822183105039441 56 78 37
15.040278926375349 56 76 34
13.754896611809999 72 100 59
14.75905125669674 77 103 62
14.27965377202431 66 94 53
14.08621276400232 68 96 54
15.249292608023087 76 104 63
15.803959449336336 59 84 44
15.534396395922961 57 82 42
15.550895458767577 54 78 35
15.217315184118881 54 78 35
15.299658806544308 52 74 29
15.249292608023087 76 104 63
22.19784790486251 55 80 40
22.19784790486251 55 80 40
22.11768781988777 55 80 40
11.495764368708477 53 74 27
11.925054219582496 58 78 34
11.859788405809997 58 78 34
12.260768864649064 63 81 41
12.284848131563198 58 74 28
12.323911321562848 63 81 39
11.835851601283983 59 75 31
11.824739766380912 57 76 34
11.618205924703803 59 75 29
12.068128282257097 57 73 29
12.722163202775572 63 83 41
12.94869438408523 60 78 34
13.33375329142258 59 86 44
13.136390965762352 61 81 39
13.514573077106405 59 76 32
13.349008298965371 58 76 31
13.172900541635448 60 88 46
12.908494386523051 61 81 37
13.303075333722148 59 74 33
12.197268566004212 59 75 31
13.165886159852782 60 80 36
14.245980863893907 59 87 45
14.024418084816512 66 94 52
13.006020284479916 60 78 34
12.833896553646523 60 78 34
13.684885774191494 61 81 39
13.849632806849053 51 71 31
15.106142196259713 51 71 31
15.291039580092841 51 75 32
14.122063881419642 50 74 31
13.419211656037627 52 74 30
13.419211656037627 52 74 30
14.376016294098175 53 77 31
14.47000952091885 58 84 41
14.007443701108974 54 78 33
15.191778535519083 61 85 42
14.368661894505163 51 73 32
14.911127274956073 56 80 36
14.952121115116029 61 87 43
14.51224947300183 69 97 55
15.191778535519083 61 85 42
13.844821823134748 50 70 30
14.902308681038397 59 83 38
13.287223542780131 61 83 38
13.02266364463714 63 83 40
15.149848794938473 54 70 24
15.38852128900606 53 69 23
14.761817695696788 52 68 20
15.378185835344002 53 69 23
13.722402473452405 45 62 24
13.501880131596357 47 64 28
13.858266740860692 48 65 29
13.472311797567789 50 67 31
13.287345094884962 48 65 29
13.9587310971554 44 61 25
13.617030210294802 41 59 20
13.238217878110227 51 68 32
13.512712579646108 44 61 23
13.25511506849036 52 69 33
13.64575522042079 32 48 12
13.164082997367485 52 70 28
15.377138655374782 50 68 26
17.005357461796546 41 58 20
17.99704179721727 40 57 19
10.639732910188592 34 50 4
11.323854148118375 43 58 19
11.49747200867558 44 60 8
11.782952870326419 44 60 8
11.733668838280067 47 63 12
10.48093660672582 30 44 0
10.799508575785378 36 52 1
10.648710543764569 44 60 10
10.094266286902714 36 54 10
10.154862287877677 47 65 19
10.272028585301365 50 68 22
10.418268936102384 50 68 24
10.657513478020986 47 68 21
12.024475570496469 43 61 12
12.165515988479171 39 58 5
12.482476596277923 44 62 14
12.096491233431282 45 61 9
11.409843538434643 37 53 3
12.281312850245854 40 61 8
12.281312850245854 40 61 8
11.420438108058283 56 70 24
11.52191539884872 55 71 27
11.335414499401454 48 71 17
10.829007925109343 55 71 27
12.37309815327594 49 65 13
10.369058695993006 49 69 25
10.816861839604611 48 70 21
12.566798477347843 47 68 15
11.546031213670778 57 73 27
11.334933890372044 57 71 28
12.802416851918382 55 71 25
11.646414240670698 57 73 27
12.472920643219311 56 72 24
12.127314903239242 55 71 26
11.712869066744247 56 72 26
12.281604951828113 61 77 33
12.128540239842211 59 75 31
12.7654751264939 61 79 35
12.157234935100396 58 78 34
11.670739589600387 59 75 31
13.21563732428945 59 77 29
12.575410421732368 58 74 26
12.829209257223066 57 75 27
12.814265761117545 58 75 28
12.887430775146138 56 73 25
12.946567535899588 59 77 29
12.63165866900567 49 71 28
13.334495353373269 49 69 28
12.715678343881274 51 71 27
13.612949632126577 54 78 32
13.182192555862533 54 76 27
14.123366376939734 59 73 28
13.396110452643933 55 75 35
13.902194968918383 57 72 31
13.335628160251943 54 76 33
13.463183962049387 55 75 31
13.454434768011208 61 75 29
13.408351991862137 57 72 31
12.737583136444233 57 77 33
13.551908652396097 56 76 34
13.430024540937897 59 79 36
13.462184361853781 59 77 32
18.166638407283468 49 69 30
17.443507704820657 45 62 24
18.068602987270207 52 72 32
17.874950988384082 54 74 35
17.731587594412943 53 75 33
17.489891950337636 52 75 32
14.624578617844577 54 75 28
14.763005182769104 51 73 30
15.10446208542097 53 75 31
14.822183105039441 56 78 37
14.005631791391595 81 109 67
13.980731345615835 60 88 47
14.708584982303885 58 83 40
14.726009315680509 54 78 35
14.708584982303885 58 83 40
15.200454046802724 58 83 43
14.870071234604497 54 78 35
15.70118538478136 51 75 32
11.495764368708477 53 74 27
12.477741781112819 59 75 32
12.415381703626009 59 75 33
12.073079774828761 56 77 31
12.7205964863482 59 78 34
12.738180319774765 60 78 34
12.472950931666606 57 73 29
12.260768864649064 63 81 41
13.136390965762352 61 81 39
13.447246400734455 61 81 39
13.566572500875415 60 79 35
12.908494386523051 61 81 37
11.742147788630005 60 74 33
12.958871648764154 61 77 33
12.562357238861573 59 75 31
14.376016294098175 53 77 31
14.279147513746608 59 86 43
14.902308681038397 59 83 38
14.821695377714535 51 71 31
14.700085257670723 68 94 53
14.025739097230893 54 77 32
14.793734984573458 56 81 36
15.208649290982814 53 77 34
15.437900427966868 50 74 33
13.586321049253542 51 73 31
13.942396578840171 50 70 26
13.639553925695546 60 80 38
14.72644890500179 57 82 38
15.006662874659405 53 69 21
13.590352196131667 48 65 29
14.154558426588059 52 69 33
13.644053521555659 50 67 31
12.891830844256436 46 64 20
13.016249697065774 49 67 26
14.513830767053102 46 64 22
13.70436141893703 52 73 26
14.686042587643023 53 74 27
14.078867717902254 51 68 32
10.811205208533828 45 64 13
11.344811182832979 44 60 8
10.769212445935269 48 69 20
10.811205208533828 45 64 13
11.683742998974955 43 59 7
10.209605394283063 30 46 0
9.257940460236515 39 55 9
10.180083804645912 44 64 20
11.395455308732576 36 55 2
11.099648523661918 56 72 28
11.730576971933402 40 57 5
11.49340152877957 50 72 23
11.926935745479346 54 70 24
12.160154138802714 43 61 12
11.398406397323953 53 71 29
11.323330504499028 51 71 27
11.326209825328549 49 69 25
11.502439567148693 53 69 25
12.74633575398249 58 71 26
10.925934837821003 58 74 28
11.76501215493864 57 73 29
11.893910624088981 55 71 27
12.403530043143723 55 71 25
13.626904593952936 58 74 27
12.564922567143503 58 76 28
12.371192871289352 58 75 29
12.358919180590787 53 72 20
12.457549767228619 54 72 23
12.63165866900567 49 71 28
12.451743755250199 53 75 30
12.837287756669829 54 76 30
13.282046294847662 57 78 29
13.811026182443145 55 75 35
14.02278901494279 58 74 26
13.79816660757687 57 78 29
18.50782616097419 45 62 24
18.025595047104346 51 71 30
17.63522028933235 53 75 34
14.76742200294178 55 77 30
13.164218310138889 53 71 28
14.32602495387892 51 71 31
14.200170551517513 74 102 61
13.646854572652463 60 87 45
13.257011717398584 59 75 29
11.824739766380912 57 76 34
11.587585315035788 61 79 37
13.280842325374651 61 81 39
13.28081387941817 61 78 34
15.240644897392123 66 92 48
15.787788013296725 55 71 25
16.395631353034634 50 69 18
16.203176210406703 54 70 24
13.667051312121503 49 66 30
13.344273209963008 48 66 23
13.697386687106311 31 47 6
13.412418342228822 52 69 33
13.16160574809658 52 70 28
14.89110681512007 52 70 28
10.227822344072393 47 65 19
10.941517014747268 38 53 12
10.304278724512583 35 51 4
12.580250071080817 39 57 8
11.914994441607371 56 72 26
10.64526807371218 55 71 27
11.538499991575137 55 71 27
13.310246074925818 48 68 25
12.799285656443981 52 74 29
13.612949632126577 54 78 32
13.188707438537511 50 70 30
13.202314170199852 64 84 42
14.452302685847155 78 106 64
14.319096972774132 51 71 31
14.40481374873915 53 75 34
14.461395697107918 68 94 51
13.735140717093403 52 74 27
13.646854572652463 60 87 45
15.320668013080374 55 77 32
14.188030387351596 53 75 32
14.90279377011252 65 90 49
13.664266562855664 40 58 17
13.844693162325118 51 69 28
19.552831599589037 6 12 2
10.511714793898307 31 45 0
11.062064901146405 34 52 0
12.223370656848376 54 69 28
12.779234528382318 53 75 30
13.36763580624605 58 76 30
14.210755309087233 51 74 31
13.251574492523748 61 79 35
22.11768781988777 55 80 40
14.90279377011252 65 90 49
14.153628759735197 50 70 30
18.025595047104346 51 71 30
13.007539846919647 52 69 33
18.150643254721924 42 59 21
15.018690603558467 44 62 22
11.349878843030792 55 71 22
11.381139012729241 54 71 26
13.802864802106646 57 75 31
11.502439567148693 53 69 25
13.068940394365939 56 72 24
11.324301866794139 36 52 7
12.482476596277923 44 62 14
10.136514217956169 29 45 0
12.538780776528371 59 77 33
14.954327022840776 54 76 31
9.392674792046089 38 54 8
