18.231314559738124 67 81 34
18.231314559738124 67 81 34
10.64657204043125 42 50 1
9.813693045413409 33 43 0
9.755984955126717 45 53 3
11.588601595805013 69 77 27
10.462023732770245 36 44 0
11.369664691981392 64 76 25
10.312086361372364 64 73 19
10.696478140188978 66 75 21
11.623347005028076 65 77 24
10.906473153179155 64 73 21
10.441431988071177 64 75 20
10.672270019785843 56 66 14
11.867076196726224 63 75 21
11.727364968533054 61 72 18
10.717265701665822 63 76 21
11.82741910353752 64 76 25
11.82741910353752 64 76 25
10.63155858223695 62 75 22
11.01668603817695 63 76 21
11.849400672028093 74 87 34
11.308321385867297 65 78 25
11.976491757475621 63 76 23
11.122404362305394 64 76 26
11.940626032737706 73 85 34
12.15338243617758 73 85 33
11.122404362305394 64 76 26
12.113992067899295 68 81 28
11.779445646852281 73 85 33
11.327697742992855 64 76 25
9.483792117056979 34 42 0
10.073951286355035 49 58 5
10.63290917017482 61 70 19
11.068976708969569 80 89 31
10.472230649635401 75 86 30
10.798191469940228 38 47 0
11.24149484834794 72 83 32
10.657959246498569 71 79 29
9.697106426620598 51 59 10
11.781823081918422 47 60 7
10.62913141994297 48 60 5
10.604013243276446 44 57 4
10.141890835487619 44 55 4
11.820686146498058 70 81 25
11.820686146498058 70 81 25
10.435503874017762 56 69 13
10.351111744697379 55 66 10
10.362976773002261 51 62 8
11.075285333405091 53 63 12
12.527757446924491 49 66 13
12.219156712325736 50 66 14
12.071480589212765 58 73 21
11.74591064423329 54 69 15
11.717705261770952 62 76 26
11.771934776362322 50 65 10
10.302195358150422 74 85 34
10.923698694959986 74 88 41
10.645673644110593 67 79 30
12.46516095987686 75 88 35
12.709363278564979 71 84 33
12.450588485860223 75 88 31
12.450588485860223 75 88 31
13.11360051767163 73 86 33
11.275242912757406 75 86 34
11.5284233225654 74 82 32
11.268543108290823 75 84 30
11.890200838852909 72 84 33
11.880669911702883 72 82 31
11.996258327791004 77 89 38
11.92783710395552 74 86 37
11.817158110618925 75 86 32
12.500163325706668 76 89 32
11.992309184589939 77 88 37
12.179852932512642 73 88 36
12.500163325706668 76 89 32
12.269541466640316 76 91 38
12.357665700650742 77 88 32
12.500163325706668 76 89 32
12.269541466640316 76 91 38
12.84358496743071 77 88 32
12.493351407925271 75 87 35
12.179852932512642 73 88 36
12.262601438282687 77 92 35
12.752143634728437 78 92 32
12.566366843064657 77 90 32
12.336982624075429 77 91 35
12.46444393881924 74 84 29
12.46444393881924 74 84 29
12.454260800991957 64 79 27
12.640032134441077 62 77 21
18.471648580182794 81 96 46
18.7449207796993 77 92 41
11.787211643628497 68 80 31
16.635384140794603 80 96 52
11.638207156193817 81 98 54
12.226922529992715 87 106 64
19.869147655822548 36 42 7
18.158447601683374 31 34 4
11.557244987123573 62 74 23
11.158820573216303 61 76 23
10.912157946098832 75 89 39
11.373069727314455 73 86 38
11.528440366032793 79 91 43
12.057241863229896 65 78 25
11.31713297774897 62 77 24
10.75460235536616 70 82 31
10.894472467846665 63 76 21
10.894472467846665 63 76 21
11.241653506178622 61 73 24
12.322395695405238 63 75 24
11.940899713996162 73 85 33
11.762733071428473 75 87 36
10.851406911166025 75 89 36
11.787627839863141 75 88 30
11.55341975217525 76 89 33
11.429497508264557 76 90 38
11.537695777691063 75 88 32
11.295254675493961 77 89 38
10.986464255826089 74 89 34
12.143536030310017 72 85 30
12.443437140866513 55 67 23
11.57856524619963 79 91 42
11.555511035071765 74 86 35
11.01990359086734 75 87 40
11.50996091107645 71 86 33
11.50996091107645 71 86 33
11.429434450539334 79 90 45
11.70283891812268 67 77 35
12.365415312108363 78 88 49
11.127763027607578 74 86 40
11.210392360737078 79 91 44
11.186579414764624 78 90 43
11.091539484580352 73 85 39
11.239870868575425 76 88 39
11.709560549724289 78 90 42
11.46304378862454 79 91 44
10.905023452126988 79 91 45
10.708583624591409 78 91 44
10.471336059590774 78 92 45
10.54311777320833 77 90 43
10.92827175884183 80 92 45
10.205707521605072 80 92 45
10.279344313885089 79 91 44
10.60077773222052 80 92 45
10.893303133586556 80 92 45
10.882016353306696 80 92 44
9.950996637120303 80 92 43
9.901879540974068 79 91 43
10.396970096519626 81 93 47
9.746619072109226 80 92 46
10.001073327837595 80 92 47
10.84112176924694 80 92 43
10.17915275351732 79 91 42
10.54265726916515 80 92 45
10.395814983883518 78 90 40
10.13114184835157 79 91 42
11.956764225392767 74 89 36
11.489771357550584 73 88 31
11.956764225392767 74 89 36
11.932222339538969 74 89 32
12.144856879373625 75 91 32
11.207087883780687 73 88 31
12.337247512827132 73 88 33
11.637377929213708 74 89 37
11.877774269890088 76 91 40
12.2962934444203 81 96 44
12.627137669237078 81 96 41
12.0741506224137 79 95 43
12.313198588721761 80 94 46
12.889848616804473 82 97 47
12.491232385129399 77 93 41
12.491232385129399 77 93 41
12.185862334074823 81 93 46
11.169904422454657 78 90 43
11.417124760322372 79 91 44
12.599246567616486 81 93 44
11.38929891168085 79 91 44
11.619489578004037 77 89 42
12.039645311416834 82 97 47
11.14024077595246 80 92 45
11.689238744461953 80 92 45
11.899061615012881 81 93 46
11.271837890913636 80 92 45
12.69805590856276 81 97 47
11.830890340056069 81 97 47
11.592779182683422 80 92 45
12.16739436845748 83 95 46
12.269353373781172 81 95 50
11.5759964725236 81 93 46
12.375989026249451 82 98 50
12.44117379740705 81 95 50
12.64525302702812 81 97 49
12.177489846603983 81 95 48
12.177489846603983 81 95 48
11.804316755801693 82 94 47
11.793901849037422 82 94 49
13.34878229464501 81 97 49
12.382543389264173 83 102 58
10.676877679059936 82 94 45
11.070447397807422 81 93 44
11.063623575906027 79 91 44
10.847784301316892 81 95 48
12.046051563712227 79 95 45
12.252846308005134 82 98 50
11.341242839333779 81 97 49
11.460939382187926 79 95 45
11.328205822203483 79 95 47
11.344571768906857 81 95 48
11.52279601915339 83 95 48
11.291774461105023 81 93 46
10.976305667595195 80 92 47
16.56426146292638 57 68 58
17.13960035864934 58 72 46
16.868462039546507 57 69 47
10.821753315683871 75 87 38
10.475922533059627 70 86 40
11.014941030466778 74 89 46
10.341030746470144 78 94 48
10.474693417159768 74 87 40
9.559220399625852 73 89 42
10.14705216477264 79 94 53
10.561523292471414 82 98 52
10.862061399566748 83 99 55
10.693485686061463 83 99 53
11.594092523285285 80 96 50
11.514913599586116 79 96 49
11.758092008105148 78 94 46
9.791158942659104 33 41 0
10.247544234394192 37 45 0
11.181532816217837 64 74 26
11.212094048716791 65 77 26
10.921781716304533 56 67 14
11.404579211177102 62 73 21
11.044132689095983 61 72 19
11.820219493871114 63 76 23
10.639562568779308 63 76 23
10.74106816952594 65 78 25
10.9334715067922 66 77 25
11.919219301254286 75 88 31
11.099419691872605 63 77 23
12.113992067899295 68 81 28
12.249294354160032 69 81 32
11.400711759435824 65 76 25
12.160384796848465 71 83 31
10.073951286355035 49 58 5
10.479591017596107 47 58 6
9.874235928433649 34 42 0
10.640009228354328 51 62 11
10.79469404579635 31 41 0
10.868552487744674 75 83 33
10.62913141994297 48 60 5
11.856035673320715 48 61 6
11.915300844736713 69 79 23
11.55166898511842 62 73 19
10.766232348632723 43 55 4
9.97724915568927 41 52 1
10.618251302079447 66 79 29
11.031475488270548 77 89 40
12.94983276779934 67 80 28
12.523853235997363 75 88 31
13.133920070409834 75 88 32
13.353165395214157 74 85 33
12.391549197863508 74 87 32
11.275242912757406 75 86 34
11.650749336401564 76 88 39
12.246866266365194 74 86 36
12.336982624075429 77 91 35
11.992309184589939 77 88 37
12.269541466640316 76 91 38
12.823685644669842 79 92 33
12.75881738438867 78 91 35
12.269541466640316 76 91 38
11.992309184589939 77 88 37
12.8656379209556 60 75 21
18.255884551259292 78 94 46
18.7449207796993 77 92 41
18.086101486541377 79 97 51
16.635384140794603 80 96 52
12.344927326773677 81 98 56
10.916937115664485 85 101 55
18.759670141174936 38 40 10
19.146462442609828 31 37 2
11.57856524619963 79 91 42
10.695215754946386 76 89 40
11.098051683528164 73 88 36
11.704550286227521 73 85 36
11.407270758063271 82 94 48
11.077549680737382 69 80 31
11.27917080608611 77 89 38
11.573498273887253 72 87 35
11.836326878738133 77 88 46
11.429434450539334 79 90 45
11.511501248505542 71 83 38
11.337201730458478 73 88 34
11.187730321115714 78 90 44
11.816755945980738 72 85 32
11.321177454916413 76 89 34
11.183267901465443 72 87 32
10.81174295644617 79 91 44
11.298307914789133 74 87 30
17.975460711382752 20 22 0
17.975460711382752 20 22 0
10.301589096983996 79 91 43
10.251724418414607 79 91 42
10.460360714470099 79 91 42
10.193659439571936 80 92 45
10.3630784780225 80 92 44
10.053462230293704 81 93 47
10.459593951311575 78 91 44
10.84112176924694 80 92 43
10.837638199188103 78 90 43
19.88980152295878 62 71 15
12.202920463521401 79 94 41
11.956764225392767 74 89 36
11.417124760322372 79 91 44
12.202920463521401 79 94 41
11.897305406359079 80 92 45
12.491232385129399 77 93 41
12.722446020002282 79 94 45
11.637377929213708 74 89 37
12.689703649174007 82 94 47
12.44117379740705 81 95 50
12.16739436845748 83 95 46
10.976305667595195 80 92 47
12.476243459911782 81 97 49
11.5759964725236 81 93 46
12.177489846603983 81 95 48
12.385914484785497 81 97 49
12.16739436845748 83 95 46
10.714503200531206 82 94 45
12.382543389264173 83 102 58
10.4425261350291 81 93 46
11.793901849037422 82 94 49
10.914296658965457 80 92 47
12.688374624451049 81 97 47
12.69805590856276 81 97 47
12.78617992613736 82 97 46
11.582174058953086 80 92 45
12.046051563712227 79 95 45
17.13960035864934 58 72 46
10.914948261933773 76 88 42
11.186140855693276 86 102 58
11.371163651017588 79 94 44
12.00343592075338 78 94 46
12.00343592075338 78 94 46
10.723624489199068 34 45 0
11.838071906486785 64 75 21
11.04143958122017 69 77 27
11.842214426315133 75 88 31
11.06556487056002 74 83 29
11.135030646786483 65 74 19
10.288379502618362 37 45 1
12.15338243617758 73 85 33
13.224784985209007 50 68 16
10.470771740629088 47 58 4
10.435503874017762 56 69 13
10.840284711263605 48 61 5
12.803117678010729 49 67 14
13.730690215484675 50 67 16
9.967594690468045 70 86 40
11.086530844419485 74 90 42
12.262601438282687 77 92 35
12.500163325706668 76 89 32
12.75881738438867 78 91 35
11.795527309495997 76 89 35
12.554785909557788 71 82 30
12.391549197863508 74 87 32
12.586672989188825 77 88 32
11.951109773788001 72 81 29
12.490643922803795 65 78 22
12.374028828857455 72 82 27
11.566692411633852 82 99 57
12.344927326773677 81 98 56
11.413602813311085 77 89 39
10.965100406650889 74 89 37
11.55341975217525 76 89 33
11.538116568279712 62 75 23
11.55341975217525 76 89 33
12.506922117958927 62 73 32
11.263571148667152 79 91 44
11.127326719114954 79 91 44
11.340468293858022 77 89 44
10.398591985522371 80 92 45
10.627115184374134 80 92 45
10.905023452126988 79 91 45
10.31514610963503 80 92 45
10.54311777320833 77 90 43
10.719680924970158 75 89 41
11.629779678648111 76 91 39
11.842696803450266 81 93 48
12.144856879373625 75 91 32
11.830549562306347 78 90 43
13.190069885967345 82 97 46
11.54556636486962 81 93 46
12.185862334074823 81 93 46
12.269353373781172 81 95 50
11.988502533338336 82 96 49
12.23926927847404 81 95 48
11.288429961749546 80 92 47
10.943031742941988 83 95 48
12.076151728280216 80 92 45
11.512960942416202 80 100 55
11.048585269288871 82 94 47
10.948022255166526 80 92 45
10.994069418887259 82 98 50
10.847784301316892 81 95 48
17.496542074524772 56 66 68
10.656083829188704 71 82 32
11.514913599586116 79 96 49
20.43243520938901 68 80 31
11.023455711385862 65 73 23
11.572098943567239 74 85 36
12.249294354160032 69 81 32
9.52874301910277 31 40 0
13.21628201058633 75 87 33
11.71756615125853 76 87 33
12.493351407925271 75 87 35
13.196089280711588 74 87 33
17.511952015435984 78 93 41
11.270619491797945 63 77 24
11.393039948293604 74 86 39
11.618245603831651 66 78 29
10.553169075347315 78 90 40
11.187296351368875 80 92 45
11.017208460284412 80 92 45
9.950996637120303 80 92 43
11.830549562306347 78 90 43
12.198112844788685 74 89 32
11.763418546246129 81 97 48
12.889848616804473 82 97 47
11.2322046529131 53 69 17
11.842214426315133 75 88 31
10.639562568779308 63 76 23
11.275242912757406 75 86 34
18.471648580182794 81 96 46
11.852120071213514 84 102 60
11.098051683528164 73 88 36
12.271836464971924 63 78 26
11.923873911207226 62 74 23
11.614440459553517 72 87 34
11.389020991014087 74 85 41
11.801593623025976 79 97 51
11.93444061792574 76 89 36
12.012597405017312 83 101 55
18.31728948276682 76 92 44
18.255884551259292 78 94 46
10.893303133586556 80 92 45
12.382539919299083 75 91 35
11.658329559518824 56 72 19
11.74591064423329 54 69 15
9.99936390296325 38 49 0
11.992309184589939 77 88 37
11.128246427294675 74 84 33
12.096804335540702 50 66 13
12.717834794769164 74 89 32
11.26640767200715 65 77 26
