16.556028921707558 41 53 45
16.439178579789328 41 53 49
16.523704654344506 38 52 34
12.349687300230206 33 46 19
12.349687300230206 33 46 19
12.93467421432118 39 52 37
12.809763438517203 38 51 34
11.62247957160151 35 50 9
12.16022496518042 35 52 22
12.398811801673594 38 52 24
11.988684385188611 37 51 22
12.16022496518042 35 52 22
11.634735374066672 38 53 17
12.40455771115812 36 51 15
11.701431432060227 31 46 9
12.017466188010193 33 48 10
12.38338542652623 31 45 6
12.575073635651169 20 33 0
10.879074490724141 31 44 7
10.993555646557832 30 43 8
12.437834695833363 28 43 4
12.486612414931816 32 47 8
12.206012803483182 35 50 9
10.673777434068482 33 47 8
11.467640056044207 31 44 9
10.555828756321823 32 46 8
11.982153406639103 32 47 8
12.80136839619529 37 50 15
11.928863695765308 35 50 11
12.441372831809447 37 52 11
11.774687223799155 32 47 5
12.394968788174554 34 50 6
12.005800899526037 33 49 5
11.817413726225242 36 50 11
11.698933457840278 36 51 12
12.262260023233523 36 51 11
11.585271777373368 35 50 11
12.739064092814957 38 54 10
12.7025593058609 39 56 12
11.649657427425282 35 50 11
12.450282839066825 37 52 13
13.723957336003185 39 59 15
13.18255475928731 37 55 13
13.73210728907863 38 57 13
13.303891417769705 39 59 19
13.76293078957028 39 59 15
12.814152575907956 36 54 12
12.819712327302062 40 59 19
12.61115539733443 29 44 3
12.179418945818776 34 49 9
12.129405928482903 28 42 1
12.179418945818776 34 49 9
12.540613497740187 34 46 6
12.651135491324494 26 40 1
12.316239002095703 31 45 4
12.752195269783057 30 45 4
12.825082634414349 36 52 8
13.08379681810691 29 44 3
12.605772520420812 38 54 8
13.484844091629002 39 59 15
12.631468779901349 37 53 9
13.479558681923145 40 56 12
13.38095660102011 39 55 9
13.236031031790292 40 58 14
12.51322676605664 39 55 17
12.145352409077734 39 54 16
14.774865283532634 36 49 29
14.43255434606754 36 50 27
14.185393374470511 38 51 38
14.275595965398399 35 52 23
13.84363249439455 34 50 23
12.701701620519442 31 44 19
12.40574301850512 31 48 18
12.411725108714183 44 64 27
12.863891463478248 29 45 16
13.309476197830547 32 49 20
12.017006475245097 39 58 23
12.01972031418893 41 62 25
13.043472233131979 40 60 25
13.043472233131979 40 60 25
13.627524046555374 36 53 23
12.615391356497167 38 55 19
13.366003049352868 38 56 14
13.627960099493105 43 59 19
13.57514603386987 41 58 20
12.931022777691318 41 58 23
12.950496286104658 39 56 22
13.570041766187432 42 60 15
13.828134093005364 42 60 14
14.260358677277862 43 63 21
12.615391356497167 38 55 19
13.027560587541542 40 57 19
12.230078370392144 40 57 19
13.328167494114759 40 60 18
13.664234618493758 43 63 21
13.065502137228897 48 68 29
12.041908568292099 39 54 15
12.632371026517111 39 57 16
12.614678051974725 48 68 29
13.645707124379785 43 63 24
14.078611569682728 42 62 22
13.493138471603721 39 59 19
13.13345126274554 40 60 21
13.399955262200631 40 60 21
13.73426590637608 39 61 20
13.685416215582023 37 54 22
12.229018644220902 43 64 26
13.065350530568344 48 68 31
12.93094618624316 46 66 29
13.66691743623343 39 56 25
11.700274897982784 38 59 23
12.151490306731596 35 54 27
11.302298226575248 43 63 27
11.45945849267783 44 65 28
11.672359160685112 33 52 21
11.754263935008044 36 55 25
15.087148571833138 43 65 23
14.73284690259811 39 59 15
14.737615647243333 41 63 23
14.324640803881133 42 64 24
14.542335923517745 39 59 15
14.12862662884317 44 66 26
14.423689801155302 46 68 27
12.260146042642734 48 69 32
12.531755384680295 46 67 32
12.843817395901606 50 71 34
12.307219396699791 51 72 35
11.73288956226245 41 61 25
12.798795170380089 49 70 33
11.932829870115773 49 70 35
12.375649215334455 46 66 30
12.893095596883809 50 70 33
12.375649215334455 46 66 30
16.58405362685345 40 53 40
12.516360299034796 36 49 14
12.970525743876355 39 52 35
12.361302239302557 37 51 22
12.188323641875 22 37 0
12.07693001557685 31 44 7
10.673777434068482 33 47 8
11.96772869487279 36 51 10
11.973681473557477 35 50 12
11.609727694241197 37 52 13
11.883203027682653 35 51 7
12.450282839066825 37 52 13
11.048711392457346 34 49 10
12.430025695609924 36 53 11
12.30586363631001 36 51 10
11.774687223799155 32 47 5
12.276257989219978 37 52 10
13.381882325667243 37 55 11
13.75775221474677 37 55 11
13.147281427720122 39 57 16
13.187959201398087 39 58 18
12.77786230935028 40 58 18
13.61982054363054 38 56 12
12.129405928482903 28 42 1
12.540613497740187 34 46 6
12.28400348965801 28 43 2
12.540613497740187 34 46 6
13.219795116432952 33 47 6
12.825082634414349 36 52 8
14.559722486961375 39 59 15
12.366985492102073 38 53 17
11.328159466739674 39 59 23
12.869660598370345 44 64 27
12.22286610668503 30 49 18
12.649647786398209 39 54 16
14.496556991889333 39 51 32
11.743272143948795 41 61 25
13.90282835210376 36 53 23
11.888448379093102 34 53 20
13.174328526038913 32 48 22
11.850667752604675 38 53 19
13.664603221800224 36 53 21
13.084624123980838 42 59 27
12.654725280493485 42 60 21
13.519859948034837 39 56 24
13.51993320324223 38 55 20
12.694490138766449 41 56 17
13.794439845334354 44 62 19
13.387132317583257 45 63 19
13.570041766187432 42 60 15
12.535075649924002 49 70 31
14.116535760674967 45 65 26
13.752674095314642 39 59 19
14.131571708239333 40 62 21
13.293206043072832 43 63 22
12.830593032673073 43 64 27
13.773138282158325 41 62 23
13.060198688883384 38 58 15
14.547167120195997 45 66 26
15.087148571833138 43 65 23
14.78346350049611 39 60 17
14.970906345758118 40 61 18
14.357090791932936 40 62 21
12.798795170380089 49 70 33
12.782269030039412 49 70 33
12.531755384680295 46 67 32
11.714859846502952 41 61 24
12.531834415883367 41 62 26
12.16427854219424 39 61 25
13.199543645864212 40 60 24
12.033279363736685 36 52 22
12.837592214159226 37 50 15
12.814152575907956 36 54 12
11.87683616028814 24 38 1
10.555828756321823 32 46 8
12.817057995649245 29 43 5
11.990454156492246 29 47 7
11.93131353122446 30 43 7
12.188323641875 22 37 0
12.209340534238294 32 47 6
13.445064567248297 39 57 13
13.445064567248297 39 57 13
12.631468779901349 37 53 9
12.651135491324494 26 40 1
13.123237330615087 38 55 21
12.632371026517111 39 57 16
12.595478391232298 40 57 19
12.61452102712039 47 68 29
12.93094618624316 46 66 29
13.73426590637608 39 61 20
13.752674095314642 39 59 19
11.908871152170118 32 51 21
11.971516534664723 36 54 23
12.324302200525933 49 70 34
12.277375014390019 45 66 29
13.000722302730185 33 46 29
12.516360299034796 36 49 14
11.973681473557477 35 50 12
12.282793853868503 36 51 12
11.655772651029919 36 52 12
12.521221172197027 29 42 5
11.467640056044207 31 44 9
12.927925095721374 36 51 10
11.725645079825425 33 49 7
13.236031031790292 40 58 14
12.428756393014153 32 47 6
12.540613497740187 34 46 6
13.084624123980838 42 59 27
12.931022777691318 41 58 23
12.332024202261875 41 56 17
13.399955262200631 40 60 21
13.29014970500292 40 61 22
13.060198688883384 38 58 15
12.44638295270242 32 49 19
13.08485119834486 41 58 20
12.51322676605664 39 55 17
12.392797527745842 48 68 31
11.821165949126627 35 54 23
12.403991974286027 39 54 13
11.692840806871644 36 50 11
13.366003049352868 38 56 14
13.199543645864212 40 60 24
11.05648900789418 41 62 26
11.0258795320182 34 49 10
12.40455771115812 36 51 15
13.723957336003185 39 59 15
13.271068476820155 41 57 11
12.877664457444544 36 50 9
13.776087465665062 45 65 26
14.602171221527868 38 51 41
12.988662952447326 50 70 31
11.932829870115773 49 70 35
