10.28215036568569 45 57 62
9.089174294369375 36 49 37
9.166618391926862 31 44 29
9.183200386785277 35 47 14
8.645145916399684 30 45 14
10.376890710748413 8 19 18
10.982259374711923 8 18 18
11.075779313652333 8 18 18
11.743418273922268 10 21 20
12.060157918063938 4 14 13
12.060157918063938 4 14 13
11.346177939553476 10 21 19
11.549222596233882 8 19 17
9.966725790461666 3 14 16
10.352317493202186 10 20 22
10.02337542760714 8 18 20
9.881304260219908 0 5 1
9.907749697180094 5 15 16
9.222471321333934 58 69 58
9.628589690721272 44 56 51
9.83932379807279 0 6 1
10.758379397200013 7 19 17
9.594839794958258 4 16 13
11.0965220926239 0 6 6
10.359132231529559 15 22 23
9.638684662251675 31 42 37
11.304051985612928 0 6 3
10.135355148197887 0 5 0
10.458212692494387 19 30 16
9.60822800562687 32 45 23
12.069202114742147 9 19 15
11.7931947781881 8 19 12
10.170402113620273 37 49 27
9.64519054144307 45 58 27
9.64519054144307 45 58 27
10.001806106825946 56 68 29
11.128554803965587 10 20 18
11.942330326564278 8 20 5
11.220855513558071 7 18 11
12.16946685150359 59 73 50
11.676369637834785 58 77 48
11.423376066917118 7 17 14
11.676369637834785 58 77 48
11.979554534273447 61 76 50
11.87112169213248 60 77 48
12.540655579758427 61 73 52
12.40126495761857 25 37 22
8.182368214742256 54 73 48
8.575391898440419 54 73 48
8.791795137645794 60 78 60
9.006473749695994 52 71 45
9.162120414166228 49 68 43
8.633097520227015 54 75 42
8.795354107338053 52 72 47
11.452750281005368 55 76 45
8.351931153287772 56 70 28
9.022035131432942 55 73 32
9.205870674266286 56 70 30
9.222396964569588 54 69 29
8.906977685024769 57 71 33
8.906977685024769 57 71 33
10.283061594358616 58 72 34
9.618023206553968 57 71 32
9.022035131432942 55 73 32
11.539723337191566 58 80 44
11.539723337191566 58 80 44
12.872885293090684 63 86 50
12.8272778425038 63 86 53
13.547411477136365 61 84 49
13.663984654965315 59 82 48
13.504082301680652 61 85 55
13.504082301680652 61 85 55
9.682198755119627 33 43 10
10.231754757630867 40 51 15
10.254695320848246 50 61 22
10.326444012557987 54 64 20
10.843397928285972 47 59 15
10.577515281574538 55 67 20
9.884584538245326 54 66 19
11.05104130846719 51 63 16
10.278236476285098 55 67 20
9.938539985477867 53 65 17
10.110140623985655 54 65 26
8.897671458255 58 70 26
9.50807776212459 54 69 26
9.019277987581376 55 68 23
10.496427115778186 54 66 19
10.174123805989812 57 69 27
9.709676094908938 57 68 25
9.686627088738401 54 69 22
10.145934991181496 54 66 19
9.019277987581376 55 68 23
9.245166752408092 53 69 24
9.0058698051751 57 69 25
9.618705439795495 56 68 22
10.05001807344455 54 67 20
9.737763872590964 54 68 20
9.719383167767857 54 70 27
9.68064010018642 54 71 25
10.30831229735372 65 88 55
10.539885364627665 66 89 59
9.182286621285364 60 75 33
10.143978997686483 56 72 28
9.732496692384753 59 75 35
9.894120010772136 54 70 23
10.929172867877105 67 84 48
10.929172867877105 67 84 48
9.714795624546982 66 85 46
13.220466758715226 63 87 58
13.189119009189952 64 86 53
11.408126525106155 66 89 60
10.168529745317912 0 8 7
10.636925720158484 34 43 40
10.652465835704255 8 20 17
9.90326326151866 57 67 65
10.409875195779295 10 20 15
9.444210309563982 62 77 64
10.001049417485804 60 75 65
9.765869173281189 50 62 55
10.162153956639374 41 55 46
10.308378821157984 58 70 63
10.623034902075378 29 41 36
9.847085682464627 57 68 66
9.953723331700632 59 82 55
10.692299380939282 57 76 58
10.074591057304314 57 76 58
9.656899114229718 56 74 54
9.891506311610174 60 78 62
9.953723331700632 59 82 55
10.309028671818899 9 17 13
10.526142533495412 33 45 42
9.479895531294124 55 76 50
9.49191399127305 66 85 60
10.14516201435165 59 79 58
9.18991925396864 58 76 57
8.926137390271082 60 84 59
10.075255987209541 58 76 60
9.092998835804295 63 83 59
9.9249223719815 56 76 56
9.491928440410303 56 78 57
9.995893530827832 56 77 54
9.310365305834308 55 77 55
9.501357684891103 58 76 57
9.479895531294124 55 76 50
9.513349031214716 56 77 55
9.995209599784044 63 86 57
9.491222644211037 57 77 54
10.016222713745174 63 87 61
9.82114505516584 72 88 82
10.06392055682983 56 74 64
11.567990425677449 54 70 47
13.681484275585799 49 64 39
15.421787393953592 56 71 51
9.975481672957546 64 83 58
10.634982653277955 65 84 56
11.378070667383447 58 74 50
10.802580791814474 59 77 56
10.055005237973171 60 78 58
10.942497271691991 66 89 58
10.958826698941602 67 87 54
10.848445895407844 67 86 55
11.148481846952752 55 74 49
10.329376847797931 55 74 48
10.645710040628698 67 87 59
10.004806690665252 68 88 58
17.693725933957893 51 65 72
9.15685943459806 43 56 45
8.952784555970782 34 47 15
11.939709439414376 9 20 18
10.609929704471007 5 17 15
10.214822387116747 9 19 20
9.374532433809454 57 70 57
9.33986453923161 0 7 2
9.83932379807279 0 6 1
9.881304260219908 0 5 1
11.78128262403084 9 19 17
10.327010569430431 10 21 19
11.591712035055597 2 10 6
9.633334835194834 57 68 29
11.790540740150428 8 17 15
9.77192092827909 25 34 34
9.571619360952253 40 54 26
11.565094522274206 58 78 46
12.132814015670279 53 65 48
11.565094522274206 58 78 46
12.16946685150359 59 73 50
11.48783987037718 6 16 14
11.917773756818367 5 16 10
11.599844274708856 7 17 9
12.540655579758427 61 73 52
8.575391898440419 54 73 48
8.795354107338053 52 72 47
8.80908271859072 55 75 49
9.895462282864681 56 70 30
10.045583555662635 58 71 37
9.621290809090622 56 71 32
9.205870674266286 56 70 30
8.830816186685317 60 75 43
8.57764163106821 54 71 29
8.906977685024769 57 71 33
9.442215494432697 56 71 34
13.346106336346168 58 81 46
13.217592479391717 56 79 45
13.46442250010526 59 83 45
13.504082301680652 61 85 55
10.293041142598424 53 65 20
10.1346786141279 54 64 18
9.667643302491731 56 68 21
10.168601702934982 52 63 17
9.655135553409279 56 66 22
9.362260748241116 54 70 23
9.625239072361447 54 69 25
10.145934991181496 54 66 19
8.897671458255 58 70 26
9.504771238663617 56 69 27
9.73453536677826 55 67 21
9.934702430157419 56 68 21
8.845988987340824 55 69 25
10.642744079311347 69 88 54
9.732496692384753 59 75 35
11.022535451126316 67 88 55
10.823935837395505 67 82 79
10.652465835704255 8 20 17
10.293609537953973 50 60 58
10.67324513818504 56 71 60
10.38535361211425 17 29 23
10.308378821157984 58 70 63
10.812560411939799 58 76 62
10.074591057304314 57 76 58
9.850943447448149 54 68 63
9.981346773609001 32 40 37
8.790268735263528 60 80 57
9.679338884759952 54 77 50
9.501357684891103 58 76 57
9.617875830429973 65 88 62
10.004847815834827 65 82 69
9.772947810546048 58 79 58
9.310365305834308 55 77 55
10.164547128790437 63 87 60
9.742223260712 58 82 58
10.39460369243409 85 99 99
9.892860738148254 60 78 70
10.93798813540867 58 74 52
13.13522832849708 50 65 38
9.984440527427473 64 84 57
10.607399951234738 60 78 58
10.529712441564977 55 74 49
10.921614993843507 66 83 60
11.205330361161261 66 89 60
10.222683658874717 66 89 58
11.219072884325852 59 76 44
10.654105326462986 68 87 57
10.231426060312828 67 89 58
10.462349946934317 60 77 55
9.363186245438206 38 50 43
9.594839794958258 4 16 13
9.681520996098667 27 38 11
9.856249397599784 28 42 10
10.092438127643709 53 68 28
9.438885898877254 58 72 35
11.964220986245158 5 16 4
9.700463485309442 55 68 27
11.880332887068617 14 25 15
11.339280946729177 56 77 43
8.9994299453255 55 70 28
12.356449561257998 64 77 53
13.504082301680652 61 85 55
13.9326336362123 60 83 48
10.19430187761106 48 58 20
9.941702242283434 52 66 16
9.68338153358627 54 66 21
9.305684230872982 55 67 22
10.424479756435927 70 85 74
9.777536123334885 58 76 56
9.188461210817195 54 74 49
10.308378821157984 58 70 63
9.479895531294124 55 76 50
10.0454561052101 56 76 53
9.479895531294124 55 76 50
10.378666236581253 14 27 23
9.888341872199192 47 61 49
9.565412206056315 58 78 53
9.522053554365126 57 77 56
11.849233089049832 57 73 45
10.58521084920772 62 77 59
9.975481672957546 64 83 58
10.82369272618723 67 88 62
9.391789540946716 28 41 24
9.977626509329511 31 44 25
12.664015747744735 36 47 34
11.011757794048924 9 19 19
8.629471632876124 62 79 60
13.818327001509008 63 86 51
9.68064010018642 54 71 25
9.02276242891006 55 69 23
13.189119009189952 64 86 53
8.897671458255 58 70 26
11.022535451126316 67 88 55
11.239402513081153 66 89 60
10.115581631892931 52 74 51
10.59013162779915 6 14 12
9.92423354994371 62 85 58
9.981278070182709 65 84 50
10.294911062832371 0 7 7
10.697745849423965 1 8 4
9.863175080775822 54 74 48
13.77584996290071 62 86 55
11.68305589588442 9 19 19
9.442215494432697 56 71 34
12.437126680228754 40 53 35
9.628589690721272 44 56 51
15.350211083053136 50 57 25
10.642744079311347 69 88 54
10.41411508453929 63 82 50
9.656899114229718 56 74 54
11.594435244335047 8 18 18
9.023504866981378 54 68 20
9.73453536677826 55 67 21
11.547659147439369 54 70 44
9.22725683370495 62 77 38
10.30831229735372 65 88 55
8.811288349742933 54 72 33
9.672092480275335 65 83 42
10.898911798871277 64 76 73
9.82056535900707 51 66 27
9.657898427220855 32 43 9
9.9249223719815 56 76 56
9.575454398924425 59 77 57
