16.191509099476384 63 81 35
12.814502021536459 28 44 0
11.927295690195486 57 70 11
12.984469808004032 41 53 2
11.927295690195486 57 70 11
11.837049644902615 55 68 11
12.814502021536459 28 44 0
11.963430245359516 55 66 9
12.518995826385096 52 65 12
12.667542673788867 42 59 9
11.48370098645683 57 70 13
11.516384565353668 57 71 15
12.637932487608632 41 57 4
12.185438053328564 55 69 15
12.761428478314118 52 67 11
12.363317982130374 42 57 2
12.29783012007706 57 72 16
12.45359335600805 54 70 16
12.637932487608632 41 57 4
12.388582711989862 49 65 11
11.91048069840013 50 66 11
12.134815603951283 45 60 15
11.926787332809457 43 59 11
11.936399151835232 30 45 1
11.936399151835232 30 45 1
12.165849749710233 46 62 13
12.124454893837047 44 60 10
12.231694239053958 42 57 6
12.443842101513903 35 50 0
10.795255089760385 54 70 18
11.414778863537302 57 73 21
11.608810266474677 49 65 12
11.391662278300009 50 66 14
10.996367641550796 53 69 17
12.057214159499056 47 62 7
12.206303471275676 49 64 8
11.398972861080583 49 69 27
11.697665188564057 49 66 25
11.751264093398175 48 68 30
11.69101130606783 50 69 22
12.11801791480002 47 66 28
11.47958870267198 49 65 16
12.88364664111218 53 68 13
11.485725205135504 62 74 26
11.737958535549385 61 72 21
12.369166088008315 56 71 15
12.599837846702448 56 71 17
11.748192479348312 61 72 18
11.786176841885212 63 74 25
12.000174525915392 57 71 15
11.838344544658135 58 72 20
11.452262680262393 60 73 24
11.864727204726744 61 73 22
11.790339587650665 59 72 18
11.786176841885212 63 74 25
11.790339587650665 59 72 18
11.452262680262393 60 73 24
11.680831078691472 58 75 23
11.54541179011555 62 74 25
10.633304508640315 62 77 27
10.633304508640315 62 77 27
10.780412636758046 61 76 26
10.669335863287115 63 76 26
11.508547486483309 63 76 27
11.491703347797344 59 75 24
11.387566771643042 62 78 26
12.094983028662975 60 75 23
11.717153359226057 59 75 23
11.38767325920827 63 75 26
11.316433674688993 63 76 27
11.437954748290048 61 75 27
11.66465157617206 65 77 26
13.181350265564664 56 71 15
12.520123341378751 56 71 17
11.598557890243367 59 75 23
12.584437673737886 47 66 39
13.960096392401349 58 75 49
13.780050251903024 57 73 52
12.398412247433626 50 70 34
12.469710618426626 49 67 44
12.92851970931005 51 66 56
11.424279015781458 57 68 12
11.315886046206586 62 73 21
12.135415172998803 60 72 13
11.690115021499626 61 71 14
9.86834762460713 62 74 25
10.038663886938883 61 76 29
9.18264046638602 59 77 31
9.399346314184218 60 76 54
9.783904452174548 57 76 49
9.183370761024475 56 74 34
9.897056616958968 54 71 33
9.81637019134352 45 60 50
9.87409960347122 63 80 60
9.836518956835018 11 23 18
9.780259121537018 58 75 65
8.517334161633247 57 80 45
10.378038114501187 50 69 44
9.223119370288526 39 54 44
9.202356332127303 32 46 42
8.62789550435363 63 83 44
8.451928015205178 62 82 43
9.787526827039422 63 81 61
9.970612445324933 65 82 72
9.39763867102029 47 66 36
8.354235818443124 61 82 45
9.107192908663011 53 74 39
9.71231307107556 49 68 34
11.807893639682117 62 73 16
10.733098753670117 62 74 25
10.391361048761532 64 76 25
11.03670789054387 62 74 25
11.807893639682117 62 73 16
10.516173099130533 63 75 24
11.420089021822537 61 74 16
10.428871465091595 63 76 28
10.28299705806526 62 77 27
11.648921212615909 62 76 28
11.691426195209853 61 76 25
11.005321607817342 63 77 29
11.855261851702426 61 75 23
12.137330701706409 60 75 25
12.137330701706409 60 75 25
11.981450350943518 61 75 23
11.780814467683056 62 75 21
12.071172407729103 61 77 29
11.616610534358387 60 74 29
11.77732076312039 62 76 31
9.812953721273312 59 79 35
10.002684878886875 60 80 38
10.383320703742736 63 83 41
10.08387567013266 60 79 36
10.383320703742736 63 83 41
10.405798774545016 61 79 33
10.095786471604526 60 76 29
10.159589028653837 57 77 37
9.397205613126749 62 79 31
8.757285092454671 60 78 31
10.639729161572406 61 82 43
9.872061850529654 57 76 35
10.338769769246285 63 79 32
10.253317331040742 64 77 28
10.422147073684686 53 74 41
10.787993032810816 60 80 40
10.61167927455335 56 76 35
10.050060620745638 65 83 54
11.061979075935984 60 82 41
10.890467884979909 62 77 27
10.99931177887629 62 76 29
15.827128954737601 62 82 40
13.049123711563757 62 80 41
12.526171790465007 62 83 43
13.749443357090849 66 89 54
13.501187167044009 64 86 49
12.6209171053212 62 83 45
13.418461594741158 66 89 54
8.493267166804447 67 88 57
10.361441122582889 64 85 46
9.725147122129743 64 85 46
8.95109907034825 68 91 58
8.817006618577608 67 90 56
9.815882191482231 65 86 51
9.226597070799343 68 89 56
9.205841876316098 65 86 51
9.998448596752903 63 84 47
13.639935327191564 68 87 60
13.60311608970501 59 79 41
13.813770277510745 70 93 61
13.040425080866232 66 87 51
14.276285593253782 70 93 62
13.040425080866232 66 87 51
14.276285593253782 70 93 62
14.415613239133712 63 83 53
14.402253675216283 71 91 62
14.650814332843614 66 86 52
14.2706641147247 67 87 57
13.696582577774864 69 90 64
14.524925111859217 73 95 68
13.927719427272082 75 99 72
13.572336268853002 76 99 70
14.184512429235234 64 85 54
10.327650697398452 60 83 50
14.413688809420085 76 96 69
9.49551671293538 61 81 45
10.429610497552236 64 83 52
9.160898231955054 54 76 41
9.494810427075729 62 83 45
10.033632519033368 55 76 45
9.70247455274049 64 85 47
8.516546754488909 63 84 50
8.883362959856107 58 79 46
12.802731349870056 70 88 64
12.866336049112643 58 74 58
11.447772701378867 68 86 63
10.957162897489884 59 79 54
13.245728022441082 67 84 62
13.921957203639078 69 87 62
14.227803926998584 72 90 63
13.682520972934764 66 86 62
12.4621295394894 62 78 57
14.282119701394253 69 89 65
13.00906530439446 66 84 62
13.916279732563662 59 76 59
13.35620968760075 72 90 65
13.379007789231549 73 92 66
14.190469723014651 75 94 69
14.084563345011125 71 91 66
15.606263316799067 64 82 35
12.955396782975939 24 39 0
12.205696418071204 48 61 8
12.868120968318355 29 45 0
12.14466218102429 55 68 11
13.03678232965839 37 51 1
11.527502213664645 56 69 9
12.34326132938247 55 68 11
12.667542673788867 42 59 9
12.010185036125309 57 71 15
12.06128336173045 43 59 3
12.43427824916785 49 64 7
11.253575046913035 58 71 14
11.884559832918875 41 57 8
11.868453714240992 39 54 7
12.247322679379918 43 58 8
12.594000567646104 39 54 2
11.592321033678285 48 64 11
11.097273085673532 54 70 18
12.057214159499056 47 62 7
11.414778863537302 57 73 21
11.347927701685393 50 66 15
11.114496785422274 54 70 18
10.95105451397174 50 68 18
11.871902793886376 50 70 31
10.710002113809589 46 65 24
11.740096984433643 52 69 24
11.377491302952512 56 72 24
11.370756708481668 62 77 26
12.243612441126087 59 73 22
11.592530246135942 56 71 14
12.105015311557572 62 74 25
11.316433674688993 63 76 27
11.615038268919934 59 75 23
12.057314732886542 55 70 16
11.232196554433356 61 73 23
10.615300086117326 62 77 27
12.663764038712548 57 72 16
12.563910690674684 48 67 36
13.290237099204614 50 67 53
13.172630846170991 51 67 48
11.742709492520756 58 69 12
10.038663886938883 61 76 29
9.410698267634004 56 74 32
9.410698267634004 56 74 32
9.410698267634004 56 74 32
9.827922826493298 55 71 53
10.16222906793879 33 48 38
10.374024577877275 14 26 22
10.086535526572545 61 76 64
9.323289012627628 15 29 28
9.515311301152218 10 21 21
8.990169614039187 60 78 41
8.820808846681082 62 82 45
8.256053074307166 60 82 46
8.884117855818475 52 73 38
9.20875534748599 63 82 53
12.166998989529164 60 73 13
10.62821964895793 62 75 26
11.493292485283247 61 77 31
11.35472599526641 60 75 23
11.198683597934979 61 74 18
10.409108544987756 63 76 26
11.981450350943518 61 75 23
11.321575743544361 62 74 20
10.002684878886875 60 80 38
9.566247181950107 62 78 29
9.169543608346627 58 76 33
9.651110241342684 62 78 30
9.50979882234425 62 82 42
10.00979109132256 62 84 44
10.678964939861118 63 81 36
9.638649954273163 63 79 32
9.789114435754735 60 80 40
10.268602270083004 60 79 35
9.825192959193794 62 78 30
10.246477730475629 57 78 37
9.66804105184769 53 73 31
10.240190700131215 55 76 41
14.748000020671576 63 81 40
13.749443357090849 66 89 54
14.748000020671576 63 81 40
15.500679585098291 64 85 47
13.58078349818932 69 92 58
9.586200040536337 63 86 52
9.53735054416143 63 86 48
8.351827243877265 67 88 54
9.73314502369126 65 88 53
14.711200401919806 68 87 57
13.979532760616115 63 83 48
13.741099810422051 73 95 65
14.11392284713882 74 97 67
14.650814332843614 66 86 52
10.524417443788641 62 82 43
8.783901109754218 62 83 46
9.268691591411812 61 82 49
8.896263603694093 65 86 50
10.805089075597362 63 84 45
10.429610497552236 64 83 52
12.360762635779013 53 69 58
12.667605026359384 64 82 59
13.646130361191597 68 87 63
14.282119701394253 69 89 65
12.264385937266425 67 85 62
14.168977336231336 76 95 67
12.410889101237357 74 90 66
13.529720225851081 67 85 61
12.998677334659362 44 58 6
13.03678232965839 37 51 1
12.911600157287243 60 76 24
12.637932487608632 41 57 4
13.109009797365811 52 67 11
12.926500406400265 50 65 10
11.29756754336127 59 72 17
11.780766122894962 48 67 22
12.369858276971486 47 63 15
11.807174736025425 47 64 17
11.54541179011555 62 74 25
11.153591143078724 62 73 22
11.333324312344677 63 77 26
10.744753772358786 60 76 27
11.38767325920827 63 75 26
11.11471499197702 59 72 21
12.409532224411858 47 66 45
13.743917876821296 54 71 59
10.30365277121529 61 77 29
11.315886046206586 62 73 21
10.24844103655383 71 88 78
9.668734683490976 57 76 43
9.861921061828214 60 79 52
9.060570764852491 54 74 32
8.749765358022689 55 76 40
9.343988384582923 50 71 37
10.757187722893402 46 65 37
10.62905890855836 60 81 42
10.934741200030924 62 75 27
10.275524584504781 61 82 44
11.648921212615909 62 76 28
9.812953721273312 59 79 35
10.28299705806526 62 77 27
12.095737994140384 60 75 25
10.391361048761532 64 76 25
12.452888846088902 62 76 29
10.42279052005956 64 82 53
13.58078349818932 69 92 58
13.291433274663925 62 81 41
13.291433274663925 62 81 41
13.475859883126727 74 98 72
14.184512429235234 64 85 54
14.021086999586393 75 98 70
9.104983518766758 61 84 50
9.580306299408553 62 81 48
12.701538197329262 59 74 56
12.792387351397938 67 86 61
13.476177560030767 70 90 65
12.81024323330201 53 67 13
12.29783012007706 57 72 16
13.571958202869357 39 55 6
11.648400706467875 48 67 23
11.327319357338204 48 68 23
11.90300497934641 64 75 25
10.894134689752288 61 77 26
11.485725205135504 62 74 26
11.43806076674666 64 77 27
9.896378988284662 61 77 31
9.384637690312122 39 54 40
9.397205613126749 62 79 31
10.787993032810816 60 80 40
10.981544719503532 59 80 39
9.02917908569545 65 86 51
14.100191442676321 66 86 59
10.872889307752143 63 78 28
12.880103290911434 63 79 40
12.731717699052568 62 78 59
12.651965683211776 66 82 59
11.527502213664645 56 69 9
11.838344544658135 58 72 20
12.344601362030083 60 73 20
11.508547486483309 63 76 27
12.227880089103394 59 74 20
11.286925021779421 59 72 20
9.16222987789748 51 71 36
9.517071738932035 55 72 38
9.752778112279282 68 91 58
11.875518745364767 60 73 15
11.03670789054387 62 74 25
14.434816843311872 74 97 70
12.793362241199034 63 85 47
13.741099810422051 73 95 65
11.321575743544361 62 74 20
14.2706641147247 67 87 57
11.60516774057825 71 88 68
12.908379754595128 67 85 62
12.238951920086336 49 68 28
12.37491343882224 58 73 18
14.02345706076525 60 79 55
13.589136240935321 64 88 51
8.49563564221689 60 81 44
10.006706770136077 10 25 17
13.8638337596411 64 85 58
12.736903341180726 53 68 12
11.825432952901926 46 65 25
10.361991712048415 63 75 25
13.040425080866232 66 87 51
