22.294866926140166 36 50 9
23.322151097531457 28 42 2
22.294866926140166 36 50 9
23.8410934571179 28 43 4
24.031996585901485 28 42 4
24.213635505185774 30 45 5
24.286315878762903 33 47 9
22.532963211660572 38 50 8
21.653470634894994 39 53 11
23.71098924284599 38 53 14
21.121323755600045 39 53 15
21.642499511870565 39 51 14
21.276383382008813 39 53 14
21.85734891457054 40 54 16
10.510577247478595 47 65 23
11.952294455500253 49 63 22
12.402344557670336 44 60 16
11.538839225997778 50 66 22
12.011311749338107 49 63 24
12.011311749338107 49 63 24
12.324162234932679 48 62 21
12.285119739617842 47 62 19
13.175640662240982 48 62 19
13.73811727634864 47 62 20
14.224951007010961 49 64 23
13.974593237774949 49 64 25
14.02905024391613 51 66 28
14.115894855587248 52 66 35
13.793116541864578 49 63 22
14.224951007010961 49 64 23
13.775132513182092 51 66 28
13.848287205373671 50 65 26
13.719303748739854 51 66 29
11.579467710447162 48 62 20
11.571367031374868 46 61 20
11.648924298425225 48 63 21
14.294000929221719 55 70 36
13.974235948372428 53 68 32
13.898565296673583 64 81 48
13.399103316489366 63 78 46
13.399103316489366 63 78 46
13.880961594795341 47 61 35
14.158840861698188 49 62 38
14.523008455898706 45 56 38
14.091555689890956 59 72 49
14.003461584421048 52 65 45
14.161283007184311 30 40 30
14.066577286810645 23 33 23
14.19137896534276 51 66 33
13.823449261102674 47 60 34
14.570438558869862 54 68 41
14.19343516751097 47 60 36
13.369094735266543 52 66 37
13.46502382730449 51 67 37
13.88600245962195 48 66 35
13.483051176611635 53 67 38
12.913306191960341 54 68 41
13.18263524811408 53 67 38
14.063139274868137 50 66 35
13.244471288230523 53 67 37
12.935518908674185 54 68 38
13.03463931476485 54 68 37
13.806257424057323 47 63 33
13.45548837183941 54 68 35
13.806257424057323 47 63 33
13.599301978036246 53 67 38
12.935518908674185 54 68 38
14.126696925150258 48 65 35
14.273174390038664 56 69 40
14.269615654649355 58 70 54
13.829536454681222 50 65 39
13.850279823191403 49 63 36
14.105977330174433 46 60 34
22.706977625683276 41 54 19
24.315652702193805 36 51 13
22.40917266884581 42 55 27
22.40917266884581 42 55 27
22.180908565804696 47 60 27
22.673594157499423 43 56 28
22.940579480835915 36 47 36
22.315526410643038 37 47 36
10.437337634915117 37 55 13
10.280588720113231 35 53 12
12.371593312880567 34 49 10
12.189803177445079 32 49 11
11.519568331310646 33 49 10
12.441417632171916 42 58 14
11.210732295958115 31 49 7
10.952075922528625 33 51 10
11.634562532706777 40 55 14
12.573608576663137 44 60 12
10.747195155671104 29 47 3
10.395978854510359 31 49 5
12.129914462309447 44 59 18
12.506888385306771 44 59 19
11.611153174850866 36 51 11
14.265744782145433 44 59 17
15.456875244437162 55 72 40
15.454339451250585 50 64 26
15.756345872223488 51 64 27
15.758833068877541 55 70 36
15.456875244437162 55 72 40
15.423222753312205 52 67 33
15.725826765831462 52 67 33
15.091251250198326 63 79 54
14.522197132503907 59 75 48
13.33467104198368 60 77 45
14.76256758762214 70 86 62
15.011969529337772 64 80 56
13.662543926342048 62 79 49
14.923359945830075 58 75 46
14.604137930810962 57 74 44
13.836459063570457 63 80 50
14.923359945830075 58 75 46
14.15271190122829 74 91 62
14.3173210013552 48 63 22
14.3173210013552 48 63 22
13.169308285519696 52 65 31
14.532515298637591 48 63 22
13.132778569018242 53 67 36
14.923076516704047 51 64 29
13.213622090272583 46 61 21
14.925702568757627 54 68 38
15.637107615870212 55 70 36
15.239174186726885 52 68 33
14.946649161414896 47 61 20
15.729003716665748 51 65 26
15.12965739773022 49 64 25
13.28714632231011 56 70 45
13.26473904735194 61 74 55
14.786002793268826 56 69 56
13.60119458790846 58 71 58
14.497642628195877 61 74 53
14.738413550945344 60 73 51
15.733986361190013 57 74 44
15.52873743468977 59 74 50
15.30138880766904 67 83 57
15.893316804176541 62 78 54
15.134837358489227 59 75 50
15.907286250822034 58 72 47
16.044575127202297 60 73 54
13.240582330263395 38 55 11
13.677441468960634 57 70 49
13.552393166263286 55 69 45
14.449365867361148 56 69 57
13.361503071522623 44 60 16
14.253097543497633 57 70 54
14.255738255159772 53 65 51
14.355031556726894 29 39 31
14.177072807378245 49 66 35
14.485891347342474 48 64 38
15.652481922430459 48 64 36
13.535822708715653 51 65 36
13.66178333060645 51 65 37
14.214407070866534 51 65 35
13.400908505837933 51 65 36
13.099814179927483 51 66 39
14.093386427883349 50 66 35
14.131677139074226 55 69 43
13.8149427802552 56 71 41
13.8149427802552 56 71 41
14.003847089020384 51 66 41
14.196251641307244 49 64 40
14.438614395873373 55 68 53
16.316815872594965 47 60 44
15.40736270355375 50 64 39
15.302290540064673 53 66 48
15.166770361761852 50 62 53
15.289652076672835 51 65 42
14.844111063147299 51 65 39
16.026023699480255 54 67 47
16.311987864432673 55 69 46
14.893735803775643 53 65 56
24.30790647109165 32 46 7
21.45457102593556 41 52 13
21.276383382008813 39 53 14
21.642499511870565 39 51 14
12.324162234932679 48 62 21
14.400986888948593 49 64 25
13.848287205373671 50 65 26
13.793116541864578 49 63 22
14.831136032179575 48 63 23
11.380241641895939 48 62 20
11.546530316309013 43 58 17
14.062158082429784 64 80 46
13.302698863637042 62 79 47
13.568719258474706 60 74 43
14.062158082429784 64 80 46
14.294880271648282 12 23 7
14.305282367851781 31 41 33
13.852747089207549 53 66 43
14.091910004743122 45 59 34
13.812322831826194 48 62 35
12.993915771445366 53 67 37
13.50432677553659 52 66 37
14.04271033792952 50 66 35
13.208936168191574 55 69 37
13.647230183421133 49 66 35
13.88600245962195 48 66 35
14.147004582044772 48 65 35
13.208936168191574 55 69 37
14.237693327001459 50 65 35
12.913306191960341 54 68 41
13.872822781559988 52 68 38
12.930881619420763 52 68 38
13.347603583085075 52 66 37
14.3702328103776 49 64 37
13.942898687505728 49 63 36
14.269615654649355 58 70 54
14.289720205824885 52 64 46
22.767505801474716 43 56 23
22.734430834449693 41 55 19
22.605367834038972 32 43 28
22.92417281800253 38 50 30
22.464773416358735 48 61 30
12.73556753888582 37 52 13
11.420727040716027 32 50 10
11.597937481366943 33 51 11
10.317121301943839 34 52 10
11.441067508454065 35 50 10
13.849149508968143 46 62 16
10.5781880039007 38 56 12
12.436631588516356 43 59 13
14.728791585189994 45 59 18
13.74832532503932 45 60 19
12.843925582162816 43 60 20
15.725826765831462 52 67 33
15.758833068877541 55 70 36
13.462513850264818 59 76 45
12.679011825663219 49 63 22
15.252863128852914 44 58 17
16.497068897542047 50 67 35
16.085007144530437 51 67 33
16.11727790488835 55 70 36
15.022949971670936 47 61 20
15.444958106754438 57 70 52
13.475438754054956 59 72 51
14.322794753506562 55 69 46
14.497642628195877 61 74 53
16.39133623245935 59 72 51
15.300408298203296 60 75 52
13.836121476660328 58 71 54
13.339971081881052 53 67 37
13.284225087614429 46 62 18
12.846227170342285 41 59 19
12.88738779842903 43 58 17
15.537297327580779 53 66 44
13.938381232854093 55 69 41
13.528125374659025 51 65 36
15.768143135827858 50 64 36
15.83706579040174 50 63 43
15.652481922430459 48 64 36
15.354239735620785 47 62 40
14.319488758404326 56 69 54
14.297385102051269 49 66 35
23.49092515423102 21 36 0
24.298133911730694 31 46 7
11.928250924659325 43 57 16
11.952294455500253 49 63 22
13.736997405235185 56 71 36
11.571367031374868 46 61 20
13.808849153519219 55 69 38
13.793116541864578 49 63 22
14.165843037945258 57 70 50
14.157781224300761 14 24 12
14.200771884078208 48 62 34
14.197279841195714 44 58 31
13.483051176611635 53 67 38
14.154365365274586 49 66 35
22.152769405460166 47 60 28
22.34346059716809 41 53 33
10.764237981839555 33 51 9
12.592877052081041 40 57 19
14.249436992205993 44 60 13
11.17712087635874 30 48 4
15.756345872223488 51 64 27
13.959707260129596 64 81 52
14.775656903365029 61 77 51
15.322697429644027 63 79 55
14.890849705346264 52 67 33
13.172283976845927 55 69 44
15.270665920960878 52 66 31
15.367304430048518 50 64 24
15.273232209234893 53 68 34
14.407868904829279 58 71 56
15.083353032253555 58 71 54
15.733986361190013 57 74 44
14.403999296964521 48 64 36
15.075756554133985 52 65 50
14.513852023852237 49 60 53
14.297385102051269 49 66 35
14.093386427883349 50 66 35
13.305298152213016 53 67 42
14.662596324751311 55 67 58
15.19580808313453 55 68 52
15.786047256877191 50 63 45
12.37917517033461 42 58 13
14.277725413038672 52 67 30
14.365709426703937 45 58 34
13.03463931476485 54 68 37
13.339971081881052 53 67 37
13.7341414670919 61 74 55
16.384980416108093 58 72 49
15.885917212898907 50 62 25
15.30138880766904 67 83 57
15.30138880766904 67 83 57
15.30138880766904 67 83 57
15.134837358489227 59 75 50
14.703975670105981 49 63 47
14.702588146616531 26 36 30
13.400908505837933 51 65 36
14.399834921476037 51 65 40
15.075756554133985 52 65 50
13.281100271711836 62 79 47
11.682067779470177 47 62 21
13.784084637015885 58 72 43
13.491968459533135 56 70 44
13.275627909739923 49 63 24
14.954354813154682 55 69 55
14.15271190122829 74 91 62
21.858947339275115 36 50 9
23.8410934571179 28 43 4
13.509758578336402 48 62 34
12.913306191960341 54 68 41
13.888103874359203 46 60 34
10.738896070663994 32 50 6
16.526163801271064 51 66 30
11.987868763558016 44 58 18
16.113246453205125 59 75 51
22.05644845900973 38 51 8
