13.110260666985736 36 38 18
12.756605105514636 46 45 25
12.898871268871476 40 45 20
13.273380792069316 37 41 20
13.536139807892988 40 44 21
13.748775892390634 39 41 20
12.236540421322285 36 40 20
13.484529796924718 36 38 17
10.685945703886146 37 45 15
12.344659701830304 39 43 19
11.182107663742743 39 47 17
11.035454901337035 33 38 11
10.031809371713386 3 6 0
11.049206658145415 19 23 7
11.470964323883159 29 34 10
10.951397916564089 15 19 0
10.400853311086083 32 38 13
10.650681163481568 11 14 3
12.537405545028584 12 17 0
11.003949992571624 5 8 1
10.622128009783085 33 39 15
12.491462445112056 29 35 12
10.00148956308378 32 39 15
11.376953300490587 29 38 11
11.310880555148138 39 48 18
10.711299341319364 32 41 13
11.02414366538704 31 41 13
10.664426187786034 31 41 13
10.388851152768527 30 40 13
11.202024488588236 35 44 14
11.58814750590771 34 43 14
10.615161201694574 30 39 11
11.460082948890458 32 41 13
10.24108830630833 31 41 15
11.483344309327688 51 55 34
12.011266452086824 51 55 34
11.225820592457787 51 57 35
10.350142695182026 66 76 51
10.56291484294228 65 73 50
11.2392948402318 61 71 48
9.81185060962261 65 77 53
9.699183987630516 68 80 54
10.56291484294228 65 73 50
11.132172464814513 62 71 45
10.359715062214464 62 72 48
9.644837284329194 60 72 48
11.692657235416931 55 67 46
11.043813495560107 52 58 36
11.518072935129542 53 61 39
11.239035115695636 53 58 41
10.936897307627584 52 57 38
11.980147881249863 48 52 30
12.079752811043043 48 52 31
11.980147881249863 48 52 30
12.252292452253402 48 52 31
11.988418812181152 45 49 28
11.00798809656507 31 37 13
10.934911369252381 31 37 15
10.160024024356689 32 39 14
10.070964727132573 32 39 15
10.08080219500372 33 39 17
10.189249984882853 29 35 16
10.78992042929587 33 39 18
10.863972484834893 33 39 14
10.2993293176127 31 40 14
10.211485041475596 31 39 15
9.79137893740315 33 38 21
10.204237876197483 31 40 12
10.115567853248116 32 41 15
10.233337564692834 33 38 21
9.895523621173814 34 40 18
10.62667777858009 31 40 14
10.550960398421303 32 40 20
11.383837810664986 38 45 17
11.193214927113853 39 48 18
10.470823950945238 39 48 17
10.723348156402672 36 45 15
18.129013634681783 55 55 49
13.273380792069316 37 41 20
14.029632788478056 38 40 19
11.56454795037424 17 21 11
12.057722649380395 19 25 4
9.294078076258982 32 37 10
11.383624987192102 37 44 17
10.69743247613786 31 34 13
10.650681163481568 11 14 3
11.035454901337035 33 38 11
10.406109045328733 0 3 0
9.70711264177547 32 39 14
10.00148956308378 32 39 15
11.686914796518888 36 47 14
11.159466439740982 34 43 14
10.388851152768527 30 40 13
10.942297804572892 35 44 14
10.338461443891415 34 43 13
11.067222098535767 32 41 13
11.299888952188779 36 45 15
11.1192267757435 39 47 18
10.671725853461632 37 46 16
11.806091115895924 34 44 13
12.011266452086824 51 55 34
9.699183987630516 68 80 54
9.644837284329194 60 72 48
10.92088040912762 51 55 36
11.239035115695636 53 58 41
13.39497380581495 40 44 22
12.079752811043043 48 52 31
11.00798809656507 31 37 13
10.245521901655563 33 38 20
10.780730054634194 34 40 17
10.221187265280058 32 38 18
10.070964727132573 32 39 15
9.540492926400116 33 39 19
10.741184830848105 35 43 20
9.783820592057355 32 41 15
9.895523621173814 34 40 18
18.539482709913987 39 40 32
18.240459610870875 40 41 33
13.404502691135912 36 38 18
13.536139807892988 40 44 21
13.135171542785374 43 44 23
13.826810550038738 40 43 21
11.932590993777039 7 12 0
12.297639447851605 35 44 14
11.974338401772217 25 30 10
11.215572011176777 40 47 18
11.049206658145415 19 23 7
10.67611854744443 32 36 13
10.664426187786034 31 41 13
9.61893373480287 68 79 55
11.424534601694047 57 68 45
12.13969076250029 44 48 27
12.079752811043043 48 52 31
11.988418812181152 45 49 28
12.229895100481372 44 48 28
5.2313623000627985 51 52 41
10.550960398421303 32 40 20
10.780730054634194 34 40 17
10.436447674980066 33 38 23
10.211485041475596 31 39 15
12.25727016709132 39 48 18
13.815823793451521 37 40 18
10.24108830630833 31 41 15
11.926226409778081 28 36 11
10.345426323543254 31 37 13
10.89198129018771 34 42 15
10.666188361597229 52 58 36
10.350142695182026 66 76 51
12.079752811043043 48 52 31
10.541561694996204 31 40 14
9.953799880309457 31 40 14
11.477581364001777 9 13 1
10.650681163481568 11 14 3
12.18477591680166 51 55 34
10.925842955752277 31 37 15
11.49857775264805 52 58 36
