9.52757239108267 47 68 17
10.336416099428742 39 60 6
8.947095282557854 49 67 21
9.277171879039585 46 62 14
10.142339973387012 53 68 48
9.571132946834961 52 70 26
9.364232594146332 54 72 30
9.927580584059879 47 64 29
9.880384100026859 49 66 28
8.600479510113733 49 66 21
9.569523380495076 54 72 22
8.598688251572932 49 70 23
8.87811060426386 51 70 24
9.362587458663592 52 71 23
8.935310256414247 52 72 23
10.345202909454535 43 66 12
10.345202909454535 43 66 12
9.477571698505253 53 74 23
9.655068760662317 52 75 21
9.655068760662317 52 75 21
10.231176149297989 56 76 23
10.188668275208192 55 76 24
10.395814199511918 52 75 20
9.917275260745122 50 71 18
9.877265494648205 55 74 24
10.079017007848874 49 69 17
10.265936601653847 50 69 16
10.181790119413664 49 66 13
9.99329673186584 48 67 14
8.722140392567033 49 70 18
9.644200294300637 48 69 15
9.515085612411475 50 69 16
9.226346116455657 49 70 19
10.313830616498892 51 69 21
9.989179815171896 49 68 16
9.279607229688668 60 78 32
10.635451976264962 51 67 15
9.999042099879789 49 68 17
10.230078089264204 51 67 15
9.885324042412794 51 70 19
9.607717724445331 56 74 27
10.108312047542812 51 69 21
10.738247914570097 51 67 15
10.230078089264204 51 67 15
10.161756265356384 48 67 16
10.227698657771661 48 67 14
9.101305264942098 47 69 18
10.305151948683184 51 67 15
9.926679088243725 49 71 20
10.246067278224173 49 70 19
9.735746768202496 51 69 21
9.432301330977259 57 77 32
8.838309131315736 56 75 29
9.735048991300692 55 75 29
9.103232894548032 49 67 21
10.075927733698116 49 67 23
9.975415561099846 52 70 25
9.8117318759791 52 73 19
10.475051075338536 55 75 24
8.760514121217359 50 71 18
9.952679055940248 53 74 22
9.996190502700607 54 75 24
10.534398615928144 53 74 24
10.493119175132753 52 73 22
10.433536833462606 54 75 21
9.154033935977939 50 71 19
8.94674511898496 59 80 33
8.754899242782388 62 83 43
10.090634692427015 64 85 36
10.478077129887136 59 81 31
10.944162656950507 55 77 32
9.734257793224439 59 80 35
10.769021580307133 55 77 33
10.295009950223196 58 79 32
9.900405952855792 64 85 40
10.090634692427015 64 85 36
9.260534713886601 55 76 27
9.640409754891522 60 82 35
9.698148894938848 53 75 27
9.443838616403472 52 74 25
10.138630516100877 54 75 26
9.100694308576665 57 77 28
9.575523018294605 56 75 30
9.784789170392221 56 76 25
9.746227899928396 53 74 25
9.480103719429799 58 80 31
10.694208005634744 57 80 37
9.186091067626746 62 83 44
10.73543166908468 65 87 44
10.207073988686737 61 83 38
9.90957938000394 65 86 42
11.318900003857108 64 84 44
11.415543212333226 63 84 45
10.837279301416801 67 89 48
11.199607965408573 64 86 41
11.597920346681898 62 83 45
11.597920346681898 62 83 45
8.715532545347944 59 78 47
9.384158590893 51 72 21
9.855331865040963 51 72 25
9.560698818428778 51 72 24
8.195961103147907 56 76 40
8.142835760874913 54 74 32
8.400581282097273 49 70 23
9.68150704680228 56 76 34
8.878542207184092 62 81 53
9.259966672475452 56 77 38
9.874127566772177 59 79 44
9.702497703640121 59 79 40
9.87334751372686 59 79 43
9.52939328234181 61 80 46
8.770700703697944 67 82 67
9.142532865518533 56 74 30
9.142532865518533 56 74 30
8.906285171077041 55 75 35
9.376882641674534 58 79 41
9.736217553622522 60 79 46
9.197652021909535 60 81 46
9.365542934733284 58 79 40
9.786880847972824 52 72 28
9.56655868553983 55 75 33
9.611818207790224 55 76 35
10.006150988820224 55 76 39
8.3141317053085 58 78 38
9.225474618421652 56 76 34
8.566725025454929 58 76 34
10.034297368282667 48 65 22
10.380378479910323 47 63 27
9.483352932557253 49 67 25
11.582905919135236 46 61 48
11.095673927191221 46 62 44
11.416892527688738 48 66 32
12.222731471393043 50 66 39
12.222731471393043 50 66 39
11.190693606719591 48 62 46
11.492119883600983 55 73 42
8.939912503468056 48 69 20
8.935310256414247 52 72 23
9.465261845713293 49 67 19
8.83374835033776 50 68 22
9.571132946834961 52 70 26
8.482502209007214 49 69 22
9.723242883674603 53 71 24
10.1927046172013 48 69 17
9.62768764948458 56 75 24
10.24406935970778 56 77 24
10.24406935970778 56 77 24
11.019993852394233 45 61 39
9.815280162898516 49 69 15
9.99329673186584 48 67 14
9.23080326146751 48 69 16
10.205027934349731 47 68 14
9.158526272950175 49 70 17
9.510761695060866 50 70 20
10.181790119413664 49 66 13
9.708628043390387 51 70 18
10.281120911094996 51 72 23
10.313830616498892 51 69 21
10.230078089264204 51 67 15
10.626180367568937 50 66 14
9.759257459538613 53 71 23
10.230078089264204 51 67 15
10.899676571784825 47 66 12
10.376461513697487 47 68 15
9.926679088243725 49 71 20
10.214030747338223 49 68 15
9.75676320729886 50 71 20
10.291586901874522 49 68 17
9.790296157196995 51 72 23
9.471327528491647 55 75 31
8.93156801828059 55 74 24
9.228512227530835 57 77 35
10.433536833462606 54 75 21
9.29877475484997 52 73 19
9.12881241548786 53 74 20
9.952679055940248 53 74 22
16.00646114186799 67 89 44
9.159026728273075 58 80 34
10.030458777381773 56 76 26
10.295009950223196 58 79 32
10.478077129887136 59 81 31
10.188498634143194 65 86 38
10.045999012747997 55 77 29
10.445277479387066 54 76 32
10.478077129887136 59 81 31
10.375925641490598 55 76 27
9.883078315778741 57 78 29
9.431484735728596 63 84 37
10.358617241539594 54 76 33
8.91718929523209 61 83 42
10.796444526005448 61 85 43
9.763009537780615 55 77 34
10.207073988686737 61 83 38
9.148579993664562 66 84 64
9.599680503392586 58 78 39
8.700675933592338 48 69 20
9.384158590893 51 72 21
9.519190456708293 56 77 38
9.828508680009005 57 78 37
9.055991079053458 55 75 31
8.770700703697944 67 82 67
8.81639373782764 59 80 43
9.376882641674534 58 79 41
9.748975321639355 57 77 37
9.625541070929334 53 73 31
8.969610435956326 55 75 33
11.203045968361131 46 62 48
9.60438372443561 48 62 36
9.997469025784282 46 64 26
10.00235258281135 48 61 40
11.512044147155267 60 77 43
12.222731471393043 50 66 39
11.863376166144967 51 65 42
12.049814732453408 52 72 30
11.328284552866823 58 78 39
11.512044147155267 60 77 43
9.203682608288476 54 73 22
9.255995246282199 52 70 22
10.13702281684553 48 69 17
10.194714014960153 46 61 34
10.374844290018885 46 63 28
8.99048796558516 49 70 16
10.281120911094996 51 72 23
9.160708420497203 52 70 26
9.577131576314361 51 70 25
9.61170878408997 52 73 21
8.769963078588836 58 78 34
8.705185614077479 62 82 40
9.229097683324795 60 78 32
10.625756071266638 53 75 29
9.992845563355456 55 76 27
10.2167259406258 62 84 41
10.32369209542724 67 89 48
11.101085039018141 59 81 36
9.118276714827516 53 73 28
9.329860188613086 48 69 17
8.861194811425015 57 75 29
8.81639373782764 59 80 43
9.225474618421652 56 76 34
10.616144674654652 48 62 29
12.222731471393043 50 66 39
9.531613507569963 8 22 1
10.323384151094862 46 62 34
10.271529470007085 49 70 21
10.387423969583871 53 74 25
9.989179815171896 49 68 16
8.910940376147177 50 70 17
10.108312047542812 51 69 21
8.073981823263372 58 77 45
8.212050295319262 52 72 27
9.759869539872847 56 77 38
9.341865847538793 57 78 40
10.33077763911328 57 79 30
8.599133879115113 59 79 42
9.533323303573377 48 66 23
11.38882647618021 47 62 49
9.626615168222452 48 66 21
9.303197199496417 49 70 16
9.414930240894131 53 71 23
8.899320979575506 48 64 18
9.431667992702968 54 75 24
10.24406935970778 56 77 24
9.305247745183069 52 70 22
10.528609939007822 48 67 13
9.41901815590969 52 73 24
10.534398615928144 53 74 24
8.370017124123311 60 79 50
8.142835760874913 54 74 32
9.894974684033471 56 77 38
9.642806255257298 51 69 26
10.000131696796222 65 86 39
9.650807561123292 54 75 19
9.917275260745122 50 71 18
8.94335797572478 36 53 14
10.528609939007822 48 67 13
8.366169385623635 57 78 39
9.642806255257298 51 69 26
9.759257459538613 53 71 23
9.254878135896522 54 72 26
10.918618013347698 50 66 41
