10.995581295076125 41 46 32
11.87273610672226 9 17 17
10.929930711156285 54 59 48
11.655563629623988 69 75 74
11.266679329086724 51 57 54
11.47684794313427 76 83 88
11.227099458013322 46 52 53
10.796901615108395 50 57 51
12.219936222337916 72 79 82
11.379243599909163 106 113 116
10.602656607103292 44 51 56
9.709376860952242 43 47 28
9.142061959949588 37 41 26
10.48115369520438 36 41 27
11.349182274070762 62 69 75
11.00607386039089 61 65 61
11.515569442028145 67 73 76
9.585447386333916 36 42 20
9.595644861711238 37 43 23
11.009947106017242 61 68 71
10.752215246595304 71 78 84
9.873682401432436 35 39 19
7.7920807604693865 28 35 14
8.34149894373577 27 35 15
9.047668748885926 37 44 14
9.382413852085042 37 44 14
10.313508108120041 26 32 12
9.724404774183734 32 38 15
8.185122341107629 34 40 15
10.470135098399863 33 39 17
10.794166472826504 37 42 19
11.431684466662034 32 38 15
11.431684466662034 32 38 15
10.794166472826504 37 42 19
11.117550513640511 35 41 16
11.00339071273674 29 35 10
9.518493712678099 43 47 25
10.521864310045123 36 41 13
9.85339385482863 40 45 14
9.096736263842876 40 47 15
8.86460550457175 39 46 14
9.871896934050438 36 42 19
9.227852600588015 50 52 26
7.49213892611659 35 41 16
7.48082654430653 38 43 16
7.640534194231227 31 37 13
8.002437314265952 31 36 5
8.358805121937333 30 35 5
8.051512145967921 40 45 16
8.04098675129108 40 45 16
9.31901445305164 43 48 18
10.419103041964954 49 54 23
10.037594677759852 47 52 23
10.037594677759852 47 52 23
9.685585600431565 43 48 17
10.397529665051744 44 49 18
10.37629063465053 46 51 20
9.775732777562107 46 51 18
9.366660623751264 43 48 16
8.83589786297878 42 47 18
8.741387238273655 41 46 15
10.022736762114887 47 52 23
9.777073700856581 47 52 23
10.123313243021203 47 52 23
9.980851114291841 47 52 23
10.6916832685082 47 52 23
10.123313243021203 47 52 23
9.685710489250143 47 52 23
10.375143747406103 47 52 23
11.767917839389066 49 54 25
11.01807563480823 47 52 23
11.86083846068738 51 56 26
10.664147609537132 75 81 86
8.579249133417015 44 48 27
10.40303550270422 36 41 45
9.693734796835347 40 45 32
9.234380984285787 45 49 45
9.667956913373605 75 79 74
8.892592054459115 56 61 52
9.934254641063577 49 51 37
9.667956913373605 75 79 74
10.100868722769093 125 129 129
9.301614664737674 46 48 28
8.850109414880325 44 48 27
9.011420600856313 50 54 32
9.214238792701172 51 55 33
9.011420600856313 50 54 32
8.991649398278417 48 52 31
8.993107233611745 50 54 32
8.643297855159778 51 54 32
9.009965728672794 49 54 29
8.991649398278417 48 52 31
8.991649398278417 48 52 31
8.64026389560244 47 52 27
9.104568098199731 55 59 33
10.25909852758678 57 62 36
9.113865269850468 54 59 33
9.517859819210297 53 57 35
9.526753667455045 53 57 35
9.937303415223129 55 60 34
9.742657700465287 55 60 34
9.657025363583555 53 58 33
9.64825160174971 54 59 34
11.856288752801701 56 61 36
12.399160042401997 59 64 37
12.036406760592238 53 58 29
11.800002810362816 56 61 34
11.534490348891051 56 61 34
12.14230888424767 56 61 36
12.278728831019995 55 60 34
18.904695459218345 53 60 28
18.952359000659552 51 58 26
11.97448600899127 63 70 75
11.755079202392094 10 18 18
10.54032289507952 39 44 30
11.611534689500708 41 48 51
10.394718923492158 38 43 29
10.977268948762418 50 56 61
11.221124606104992 48 54 59
8.435971055019658 34 40 17
8.95000665506817 45 49 27
9.5421158362991 56 61 53
11.87273610672226 9 17 17
11.241774138027356 68 75 71
10.835798724284563 57 64 70
11.12623516203819 30 36 15
11.174927671409403 29 33 10
10.226216492164303 37 41 19
10.235775615971795 41 45 23
10.92108995902198 33 39 14
9.85339385482863 40 45 14
9.429739686552558 38 45 11
11.001788585920883 41 46 20
10.556066953232065 43 49 24
9.84614068417771 42 47 17
9.730089951997106 44 49 18
9.31901445305164 43 48 18
8.78537365059938 41 46 17
8.690313572311787 38 45 15
10.290249018577011 46 51 22
10.037594677759852 47 52 23
7.48082654430653 38 43 16
7.640534194231227 31 37 13
7.651610462866422 30 36 14
10.224064230305094 47 52 20
7.759406090093903 31 36 7
9.628129064757823 46 51 18
8.741387238273655 41 46 15
9.624169164394372 46 51 22
8.731693475335884 42 47 17
9.980851114291841 47 52 23
12.430209535172393 49 54 25
10.647618131801849 48 53 26
8.850109414880325 44 48 27
10.931707401335242 125 131 134
9.912081844103374 76 80 82
10.107625489069427 48 51 43
8.255607594424719 47 51 35
8.39864381378204 51 55 33
9.436384774767832 53 54 29
9.20996960298357 44 49 24
8.77703374399958 55 57 35
8.77703374399958 55 57 35
10.070674381637186 56 61 34
9.113865269850468 54 59 33
11.578967119621861 55 60 34
11.800002810362816 56 61 34
12.399160042401997 59 64 37
11.787135428421612 55 60 34
12.293582078623851 55 59 35
18.904001999368056 52 59 27
11.86143385224106 43 50 55
11.266679329086724 51 57 54
11.009947106017242 61 68 71
9.021180530487557 38 42 24
10.831863207052109 58 62 55
11.811961733510476 41 47 50
12.026310287431002 72 79 83
10.661096757209686 39 44 32
11.269407127528561 74 81 85
11.076824106636936 55 61 66
10.498004851789242 59 66 57
10.331187159005381 33 39 19
10.163365852336865 30 36 16
10.705695953279294 55 61 67
10.73475434303033 44 48 19
7.602196122422185 39 44 16
10.290249018577011 46 51 22
9.442897007921264 48 53 22
10.246898262400094 46 51 20
12.34157649461288 48 53 24
10.120722967701957 45 50 17
9.050066913717417 43 48 19
9.410253514163267 102 106 103
9.606018181217598 130 133 132
10.146135650218818 43 47 48
10.107625489069427 48 51 43
10.283494690603764 125 130 131
8.737886212868228 48 49 27
9.452452715252722 51 53 31
9.937303415223129 55 60 34
9.526753667455045 53 57 35
9.657025363583555 53 58 33
8.652568488089361 53 57 35
11.505476273231917 55 60 33
19.85576975230269 55 62 32
10.887507951707228 20 25 10
10.862841715726859 53 59 62
11.764894426141819 77 83 88
10.314063458632765 34 40 17
10.214922904303366 39 43 22
9.76333157894421 45 50 23
10.397529665051744 44 49 18
10.36444838135398 48 53 23
10.41670244511226 47 52 23
10.232462486904963 47 52 23
12.036406760592238 53 58 29
8.525278822380551 50 54 32
10.929930711156285 54 59 48
9.625531201890041 47 52 22
9.733882571550351 47 51 51
8.525278822380551 50 54 32
11.856288752801701 56 61 36
9.368718994369875 43 47 32
11.534490348891051 56 61 34
10.769805364856161 30 36 15
8.98514421846911 52 56 34
8.814245849041013 37 44 14
10.25909852758678 57 62 36
