7.142025363386797 6 10 5
7.083603091376883 8 10 9
7.083603091376883 8 10 9
6.016890125165972 16 20 10
6.580415041475649 25 31 12
6.302702913972505 18 22 11
6.384067473199006 43 52 27
6.932987364331194 45 54 27
7.23031221634552 42 50 26
5.982556486656282 35 44 12
6.253077514924281 35 44 12
6.1350416555985285 35 44 12
6.457461284024733 37 47 17
6.457461284024733 37 47 17
6.2652393735399805 36 45 13
6.127524804892618 36 47 14
5.698230396449875 37 48 15
6.421998772529177 36 47 14
6.115089061859221 36 47 14
6.546491925160588 37 47 17
6.686128216396149 37 47 17
6.421998772529177 36 47 14
6.664155963006125 36 45 13
6.3496128740988045 37 47 17
6.043997002793311 37 47 17
6.372669729221808 35 45 15
6.372669729221808 35 45 15
5.888104485273269 35 46 14
6.486382795477187 38 48 18
7.306377902974969 38 48 18
6.672236776103285 40 50 20
6.532303544423604 39 49 19
7.209784038936786 39 49 19
6.672236776103285 40 50 20
5.863246009649476 38 48 18
6.018754669328737 38 48 18
6.747992594926652 38 48 18
7.209784038936786 39 49 19
6.456597405854647 38 48 18
6.747992594926652 38 48 18
6.456597405854647 38 48 18
6.285955719297961 39 49 19
6.695015727882438 40 50 20
6.351718888621482 40 50 20
6.903211508543642 40 50 22
6.695015727882438 40 50 20
7.162551106492399 38 48 18
7.52580020110085 43 53 27
7.023366171236634 40 50 22
7.023366171236634 40 50 22
6.721266724001295 41 51 23
8.184733315476045 44 60 35
7.4939152590863545 45 58 29
7.594726009135882 45 61 36
7.4939152590863545 45 58 29
7.594726009135882 45 61 36
7.4939152590863545 45 58 29
8.184733315476045 44 60 35
8.175427416677337 43 59 33
7.00759260958997 46 53 26
6.9691173382073615 55 64 36
7.00759260958997 46 53 26
7.07324810574498 68 77 51
7.07324810574498 68 77 51
6.9691173382073615 55 64 36
6.7318240569580565 45 54 27
6.74748516750489 47 57 31
6.707518048982125 47 57 31
6.815646753547566 48 58 32
6.7318240569580565 45 54 27
6.138469034360483 46 56 30
6.691763401791916 47 57 31
6.800142624775176 52 62 36
6.691763401791916 47 57 31
5.955644476792017 47 57 31
6.182116125897347 45 54 29
6.077165739525766 50 60 34
6.902559456987782 55 66 43
7.423447268552121 54 64 38
6.902559456987782 55 66 43
6.2038356494782345 53 63 37
7.31389643467471 58 68 44
7.31389643467471 58 68 44
6.782969409426432 54 64 38
6.355642038172716 51 61 35
6.771737443899514 52 62 36
6.771737443899514 52 62 36
7.050119290409681 52 63 38
7.82310426859586 53 63 37
7.82310426859586 53 63 37
8.397080247856467 51 61 36
8.388009936143208 52 62 36
15.85877544203826 48 56 33
7.142025363386797 6 10 5
6.871653894305181 0 3 0
6.208479407270212 42 50 20
6.384067473199006 43 52 27
6.2652393735399805 36 45 13
6.457461284024733 37 47 17
6.1350416555985285 35 44 12
5.982556486656282 35 44 12
6.708860001989668 37 48 16
6.421998772529177 36 47 14
6.664155963006125 36 45 13
6.532303544423604 39 49 19
7.306377902974969 38 48 18
7.209784038936786 39 49 19
6.747992594926652 38 48 18
5.888104485273269 35 46 14
6.486382795477187 38 48 18
6.892175500637324 41 51 21
6.903211508543642 40 50 22
6.695015727882438 40 50 20
7.594726009135882 45 61 36
6.9691173382073615 55 64 36
7.00759260958997 46 53 26
6.9691173382073615 55 64 36
7.07324810574498 68 77 51
7.00759260958997 46 53 26
6.800142624775176 52 62 36
6.182116125897347 45 54 29
6.691763401791916 47 57 31
6.707518048982125 47 57 31
6.800142624775176 52 62 36
6.138469034360483 46 56 30
6.2038356494782345 53 63 37
6.2085772699944926 53 63 37
6.2085772699944926 53 63 37
6.355642038172716 51 61 35
7.050119290409681 52 63 38
7.82310426859586 53 63 37
15.85877544203826 48 56 33
7.108419200830662 3 7 0
6.016890125165972 16 20 10
6.302702913972505 18 22 11
7.23031221634552 42 50 26
5.851201922934797 36 47 14
5.664302070233528 36 47 14
5.825124199770147 36 47 14
7.010698421199663 38 48 18
6.532303544423604 39 49 19
6.747992594926652 38 48 18
6.372669729221808 35 45 15
7.141263638384136 38 48 18
6.533157411992961 37 47 16
6.903211508543642 40 50 22
6.721266724001295 41 51 23
7.023366171236634 40 50 22
6.7318240569580565 45 54 27
7.31389643467471 58 68 44
6.7318240569580565 45 54 27
6.815646753547566 48 58 32
7.678236994836115 56 66 42
8.397080247856467 51 61 36
6.163754199062493 22 27 10
6.932987364331194 45 54 27
6.127524804892618 36 47 14
6.5240494096361745 36 45 13
6.672236776103285 40 50 20
6.468376617157738 38 48 18
6.456597405854647 38 48 18
6.468376617157738 38 48 18
7.152695193170253 36 47 16
6.781750663471565 37 47 17
6.6855458728995965 43 56 27
8.175427416677337 43 59 33
7.4516855243455495 51 61 35
7.427410336094889 54 64 39
6.3496128740988045 37 47 17
8.091276920362185 45 58 29
7.07324810574498 68 77 51
6.902559456987782 55 66 43
6.115089061859221 36 47 14
6.781750663471565 37 47 17
6.721266724001295 41 51 23
7.594726009135882 45 61 36
7.82310426859586 53 63 37
6.077165739525766 50 60 34
6.74748516750489 47 57 31
