21.737377408352895 22 37 0
12.333522709008694 40 53 16
13.071249445825135 49 62 21
13.357553412491809 63 83 55
12.683117280021131 35 50 15
12.683117280021131 35 50 15
12.424088564763874 62 82 50
13.03808147760024 42 57 17
13.388286612785597 40 56 16
12.942844573644567 33 48 10
13.185033428736372 31 46 9
14.335510004597733 59 74 34
14.198340221114664 58 78 42
14.198340221114664 58 78 42
16.13093901145804 61 73 28
14.044126883076444 52 69 39
13.695557197136596 47 67 31
13.548844715057978 45 58 21
13.964291938247541 44 58 26
13.19724119014431 45 60 25
13.388069542718435 45 64 27
13.548844715057978 45 58 21
15.071330573759491 59 76 47
14.8599167024638 55 71 48
11.805676717252696 3 15 1
12.885253760443852 24 38 0
12.377216575840821 27 41 2
14.714981433684727 55 68 59
14.116516170221837 50 63 57
15.152568729902265 46 59 42
15.319059049570745 52 65 45
15.256672796145569 48 60 50
14.748268203389058 49 61 52
13.768943865877654 53 65 19
14.194763842251021 56 68 21
14.01492381311627 49 62 18
14.32663127860898 50 62 18
13.524957779373738 45 56 16
14.01492381311627 49 62 18
14.067878992202509 57 69 23
13.524957779373738 45 56 16
14.378438498147716 56 66 21
13.592260329905626 52 63 22
14.317770247175217 48 61 36
13.646855708467257 57 70 26
14.361168038482717 52 64 20
14.136223652611736 48 62 30
14.04706193509727 53 67 28
14.372703253668401 49 60 19
14.332092419593655 46 60 20
14.65967428718943 49 62 30
13.858762542121395 58 72 32
14.04706193509727 53 67 28
14.482414319175053 51 65 27
14.011982089410138 50 64 26
14.705549791165492 49 63 34
14.023446303655648 57 67 24
13.599695527983606 50 62 57
12.6298354586219 51 61 66
12.217911339377979 54 63 70
11.756025112557285 51 61 66
13.255077089338474 50 62 61
12.57436034060497 52 62 65
14.340675399925521 53 67 37
13.096262037523527 51 62 57
13.589621225395366 51 63 60
14.017589513211263 53 66 48
13.970937859314219 50 62 58
13.617017119772033 51 62 64
13.967627215257659 50 62 55
14.384353330462258 52 64 36
14.435953400706854 55 69 32
14.479343921494902 54 67 31
14.565859759901993 49 62 43
14.295078168165364 50 62 55
15.134757936702494 58 70 24
13.87998167547843 40 43 40
12.108380455701228 30 38 36
11.983297793631225 44 54 54
11.918578621563265 53 63 68
11.71247013570466 45 54 54
15.70121070067754 55 75 47
15.78718651602049 52 65 55
14.985954491339083 56 71 48
14.85390897431208 56 71 42
15.641880337356644 54 68 43
14.465247890302187 50 65 44
14.094233381415421 56 71 49
14.421691169528025 46 60 44
14.229031291472145 44 67 38
14.585162181154976 43 64 39
21.330433984176665 63 87 57
13.295302457280577 48 60 17
12.380704319325236 65 80 49
14.109800550969307 64 79 39
13.629002373606374 44 59 22
13.874154018083486 47 66 32
12.714589320322263 46 61 23
14.71357344579445 58 74 50
14.100355689729147 49 69 34
14.63425306209417 56 72 51
12.316731855961525 27 40 7
14.751403649941574 50 62 56
15.319059049570745 52 65 45
13.524957779373738 45 56 16
14.361168038482717 52 64 20
14.482414319175053 51 65 27
14.023446303655648 57 67 24
14.705549791165492 49 63 34
14.112757221029282 53 65 26
14.97199719529878 47 62 24
13.892030003566289 50 63 22
11.664279769068443 53 63 65
12.524371767311427 52 62 67
11.443188824135145 54 64 69
14.116642636024768 50 62 60
14.368081099380355 50 62 58
14.361642148081295 50 62 51
13.640837227131716 53 66 55
14.767374391875387 51 64 43
12.81547587803682 38 41 38
15.355121657085885 52 74 45
15.074302429473677 56 70 43
14.522930684559398 46 58 42
15.558429144037362 52 71 54
14.191166064533087 46 63 42
14.495895071795541 42 65 38
16.100634867118362 44 66 46
13.6706147263933 62 75 54
21.3499809896656 60 85 53
21.684916118377267 57 82 50
21.737377408352895 22 37 0
12.41806253237783 39 54 16
12.89439731126211 49 64 29
13.307774049544602 41 56 18
13.95536147962304 62 81 45
13.681336419829266 57 72 32
13.952279243347512 66 81 41
16.13093901145804 61 73 28
14.041812188273083 65 85 56
14.556553906289102 56 73 38
13.434844840570976 45 58 23
14.378438498147716 56 66 21
14.229746122215076 54 68 29
14.65967428718943 49 62 30
14.372703253668401 49 60 19
13.922024706404942 55 67 22
14.011982089410138 50 64 26
14.459509733573308 55 66 24
13.982180365314518 50 63 26
14.332092419593655 46 60 20
13.933923471665198 51 62 23
14.023804528815395 49 63 25
14.482414319175053 51 65 27
11.932569277535702 53 62 70
12.410561765325783 51 62 65
13.272713923742776 51 63 58
14.384353330462258 52 64 36
14.902072872614712 52 65 32
12.75078053424922 47 58 62
14.792468559749171 54 67 32
15.134757936702494 58 70 24
11.805254753536024 39 51 50
16.636045472403676 50 65 51
15.470106082601193 51 67 45
15.159044045431067 42 66 43
14.303639799399106 43 46 43
12.855177995680213 48 69 35
12.67619254841419 57 76 44
14.041812188273083 65 85 56
14.459509733573308 55 66 24
14.880151892863317 49 62 44
13.592260329905626 52 63 22
14.482414319175053 51 65 27
14.435953400706854 55 69 32
14.368081099380355 50 62 58
14.062144041409342 50 62 37
13.972637382478696 56 70 45
15.27690943900622 53 68 43
13.341808635405608 60 80 52
13.768943865877654 53 65 19
15.215381837798189 55 68 43
13.099792899122216 51 62 59
13.886395799106017 53 63 19
14.114922064720847 56 70 32
14.330684681080228 51 65 56
15.425037779625844 49 61 53
12.200338662306452 22 30 28
14.46625239151581 53 66 52
11.784210168946148 9 23 0
13.886395799106017 53 63 19
13.564575702308776 55 67 21
16.126210658400854 68 87 68
13.434952998166056 42 57 18
