14.269545460802078 7 18 21
13.185933554812392 6 17 15
13.33358524717728 12 20 17
13.992683013095245 14 20 18
16.99820598582065 1 5 4
17.87830823842852 4 7 4
14.400596660121142 13 20 16
13.677557738202596 10 18 12
14.077053549395588 5 15 12
13.88113692144263 17 23 18
14.492287812238994 26 34 17
15.46036556004642 46 59 27
15.46036556004642 46 59 27
17.499736547609274 3 6 4
14.675621124801053 65 75 51
17.055595265771164 0 3 1
15.091956653958178 42 63 24
15.429476793805387 47 64 26
15.091956653958178 42 63 24
15.823095544684215 47 60 30
14.11425395220528 1 4 1
13.91433770045751 11 15 10
19.83444233651738 4 10 7
20.26684974469722 5 12 4
20.205375913996654 18 25 18
19.998798477510395 4 9 3
14.656586765420915 4 7 4
14.382427017506535 1 4 0
14.705225477707359 12 16 11
13.92491962501029 3 7 2
14.622312841332935 2 5 0
13.78220096463515 18 22 16
14.546171514049655 3 8 3
14.254887943914332 41 52 20
14.160047018342915 11 17 3
14.80830275333083 16 23 16
14.196799133810902 60 68 49
14.638511005154236 64 74 50
14.326333458492783 40 46 31
14.160047018342915 11 17 3
14.786253068314553 12 19 10
14.899017724876279 58 65 49
14.51031631838156 44 62 20
15.513723856574527 45 61 19
15.076013347756692 45 64 21
14.896198475632172 46 64 20
13.732987895067975 40 56 19
15.143585392241613 46 57 30
14.568596513653812 42 62 21
14.88735885958143 41 56 21
14.47740068312678 45 64 20
14.855278681137802 42 62 18
14.535812851641824 43 63 19
14.158681444968373 2 5 2
13.618679608310343 14 20 0
14.334041909998389 0 2 0
13.860771439853984 0 3 0
14.346162582978156 38 53 9
14.26559166580196 40 54 17
14.14777919708469 57 68 34
14.229017235610703 53 65 26
14.746698122122886 44 61 16
14.520831757903345 43 61 18
14.577881642459234 44 66 19
13.666658712559775 45 60 14
14.520831757903345 43 61 18
13.921783565817282 41 58 11
14.927030236024056 45 64 17
14.983566984837575 45 63 20
14.47303638844456 46 64 20
20.298168719476184 5 12 4
20.59905164433949 0 7 0
19.671369980736188 0 3 0
20.56272759920796 30 41 22
20.171054587844985 6 12 2
20.78859932974633 65 75 55
19.838775775710427 38 49 30
20.46044673813911 40 52 33
20.94131149166739 30 43 16
22.12176765230726 43 56 27
13.738896354696182 33 51 7
13.258938386204829 33 51 5
13.143436363928904 36 52 8
13.270168379436061 36 52 8
13.369876448526602 36 52 8
13.234168644040103 34 52 7
13.519661133393976 46 63 18
12.772321218566388 43 59 15
13.320427462955822 45 60 15
13.544180233019668 32 52 8
13.056785158536432 41 59 14
13.861049257820987 44 62 16
14.041885108775434 38 59 13
14.041885108775434 38 59 13
13.133290352093603 35 56 9
14.334438806373822 42 63 18
17.70119507215924 5 7 7
14.452071138354984 47 67 27
13.439126287272462 46 67 27
13.502167117897454 46 67 28
14.452071138354984 47 67 27
12.74197278848304 47 67 31
14.60013557038768 46 66 26
12.324882740197669 46 62 36
12.96365195679118 47 67 32
12.099885297194072 47 67 32
12.483977895710712 48 65 35
12.944037454170441 47 63 36
12.96365195679118 47 67 32
12.089305297916011 50 64 35
12.413928698024119 46 65 33
12.089609430360252 45 65 30
12.574298362614996 45 64 32
12.64345908733164 44 61 31
12.963935577179145 49 66 32
12.102380272356235 44 63 31
12.33941004669572 40 56 29
12.10645759841992 42 58 25
11.528975137919977 40 57 26
12.647361978636143 44 58 34
12.256087737842131 44 60 29
17.725549423618393 33 40 30
18.044063527976945 5 8 5
15.156686827093079 45 66 25
14.967646136130458 46 66 24
15.292429687635261 44 65 19
15.120757409068226 44 64 20
15.428115700246849 44 64 22
15.487244072301907 45 63 17
17.868593400602112 5 7 7
18.144998022855994 39 46 33
18.348835285885876 2 4 4
15.908255873618355 46 66 24
14.256015607598323 8 18 19
13.596777062761191 8 18 19
13.6427550491446 10 18 15
13.246592569294812 7 17 13
14.84498842656978 10 18 10
14.215206044914165 8 17 7
14.492287812238994 26 34 17
14.675621124801053 65 75 51
15.823095544684215 47 60 30
19.782806320996013 0 5 0
20.008712341355274 0 5 0
20.209896667036414 2 9 1
19.998798477510395 4 9 3
14.064946327342692 3 6 3
14.382670561439724 3 6 2
14.207663766305965 2 5 0
14.510304325962904 2 5 1
14.926772258171175 0 2 0
15.112049146704862 46 65 24
14.51031631838156 44 62 20
14.694853830365306 39 55 20
14.694853830365306 39 55 20
14.662352470736456 42 62 18
13.23347406079771 38 53 9
13.679223622764127 54 67 26
14.26559166580196 40 54 17
12.927819325548432 39 53 10
14.487940013046849 45 63 18
14.599994185724134 39 58 11
14.520831757903345 43 61 18
14.599994185724134 39 58 11
14.146424740382438 44 60 15
15.126551321135915 48 64 20
14.906441705090803 44 62 18
13.970356495516912 44 65 20
19.981693426755726 2 8 1
19.58628860058761 4 13 2
20.65391497652767 31 44 20
20.129093254885674 33 46 22
20.618795270269565 26 40 12
20.450221000256278 45 53 41
13.568384045817776 34 52 8
13.433379119173908 32 50 4
13.48432749684289 39 60 14
13.667062257641145 32 53 7
13.320427462955822 45 60 15
13.35990240490598 33 52 7
12.74197278848304 47 67 31
12.099885297194072 47 67 32
13.502167117897454 46 67 28
13.439126287272462 46 67 27
14.372221877721158 46 68 26
14.60013557038768 46 66 26
13.192899425850182 46 67 30
12.886424983409226 46 67 34
12.734441871204679 44 61 29
12.33941004669572 40 56 29
18.272652437106505 5 9 6
18.31782060549438 0 1 0
15.675505694501826 43 65 23
15.242441711945219 44 64 20
15.151010872856771 45 63 18
15.408435361604134 43 66 24
15.202574841358494 47 67 26
15.834065427691817 43 56 35
15.429476793805387 47 64 26
17.386387091696914 2 4 2
14.075431068566163 5 16 9
14.30759682666097 19 24 20
13.442345204355467 20 23 19
13.359351970950605 41 57 12
13.951354248432102 21 25 18
14.88299125778083 66 75 52
14.926772258171175 0 2 0
15.26371197251487 44 63 19
14.334310555358359 45 64 18
13.68230635126154 41 57 16
14.170822377107346 13 19 2
14.31420815175293 42 53 24
14.622312841332935 2 5 0
21.26213030615137 36 48 22
13.245280842325894 41 57 13
13.631975822980722 35 56 9
13.519797112309837 39 57 13
13.051980453027983 46 67 30
14.452071138354984 47 67 27
11.766601084078895 49 66 32
12.006455737745332 46 66 31
11.75587751931055 50 62 39
12.095731361397236 44 57 36
12.584178453067961 44 67 36
12.335409720591903 43 61 30
18.31782060549438 0 1 0
15.412639412936592 45 63 17
18.144998022855994 39 46 33
17.791637859437174 29 36 32
15.375826139846886 59 72 50
14.445724511662087 12 20 10
14.537245519729616 16 23 18
14.523723871035473 17 24 11
21.216036039423958 61 72 46
13.320703486989832 37 54 9
13.118448537169591 38 54 10
14.88735885958143 41 56 21
14.136986274578403 63 73 44
14.4426894908762 49 59 34
12.566081782156287 44 58 32
11.952890481560667 40 56 23
12.345778816822628 47 65 29
12.573859746450536 47 67 32
12.414076788704204 46 66 31
15.074742292576014 44 64 21
15.62562012327494 46 65 19
15.968006337162947 41 56 19
14.069200613113013 45 63 21
14.219762877060854 0 3 0
12.413928698024119 46 65 33
14.372221877721158 46 68 26
12.484125155444868 45 64 32
14.906441705090803 44 62 18
14.84370931197001 46 66 24
15.064613500044924 45 65 22
13.93287514232156 46 64 20
14.452071138354984 47 67 27
14.349089901383774 0 3 0
12.64302287051542 51 63 40
13.728386951405621 38 54 8
