9.173386462112823 65 81 35
9.488702915768737 61 75 27
9.399072877858057 67 87 45
8.507081358297079 61 77 33
9.398547272239025 67 87 44
9.173386462112823 65 81 35
8.907672084512933 60 78 36
9.280692803542427 61 79 34
8.507081358297079 61 77 33
9.38324907260238 61 77 29
9.178067058945775 68 85 41
8.455177135824323 64 78 35
7.483841899932856 61 75 28
7.418335450400265 58 76 26
8.74449593325377 62 78 34
8.914709095620731 67 89 48
8.74449593325377 62 78 34
9.897946632410079 61 77 30
9.490264665858591 61 77 32
8.682519363889277 67 86 46
8.91044458144977 65 85 46
8.511145291916527 64 84 45
8.39794557825565 64 86 51
7.9730208501150255 62 84 48
6.996961009262313 66 91 57
6.092669535404259 67 90 57
6.934474072443645 67 92 58
6.717923950330076 66 89 56
8.479681423551256 44 64 26
8.84812680355364 55 68 54
7.693177459437423 57 76 25
7.450590367709672 51 69 21
7.724924305772465 49 67 20
7.570327926359645 51 69 19
8.183945360487911 46 66 30
7.457677443560395 56 72 26
7.893950007357033 58 74 26
8.468336834479103 52 72 32
7.693177459437423 57 76 25
9.101768841189696 52 69 34
7.836175138588135 50 68 21
9.045351555742702 59 76 43
9.036328129526444 60 80 38
8.852265250528182 63 79 34
7.763171012911072 60 75 34
8.026213474823198 56 74 26
7.763171012911072 60 75 34
8.381941543635783 57 76 26
7.230263087224285 60 75 30
8.61505668192342 59 78 38
8.07731470875241 60 76 35
9.50497858635596 72 95 64
9.50497858635596 72 95 64
8.582837887275176 64 83 47
9.887410282235296 68 87 55
10.33136345395793 67 87 49
9.232863932211881 50 66 43
9.443431239662786 56 70 52
9.118149547472063 61 77 57
9.334386484139687 65 82 55
8.789519698226654 57 72 49
9.597237090111664 65 84 59
10.054011562174589 69 89 61
6.106853601071873 65 88 55
6.106853601071873 65 88 55
7.257646311700319 57 78 46
9.010073198148067 64 81 61
9.707400444247002 73 90 70
10.349530853940493 73 90 65
10.153960250163033 71 91 65
10.512581151827005 61 82 43
9.285851323585266 64 80 36
8.507081358297079 61 77 33
8.680812294940278 64 82 38
8.507081358297079 61 77 33
9.178067058945775 68 85 41
9.178605290199643 65 83 39
9.383775535106793 61 77 31
9.503831369176133 65 85 43
8.03862473899749 62 76 32
8.395003827364645 61 79 39
9.897946632410079 61 77 30
7.8404901368704545 63 84 46
8.79205588864638 62 81 41
9.127438133663619 62 81 41
8.511145291916527 64 84 45
9.282289551508837 62 79 35
8.15571025727179 68 89 50
6.996961009262313 66 91 57
8.39794557825565 64 86 51
8.586731520645028 46 66 24
7.893950007357033 58 74 26
7.731759926090279 47 67 27
8.097456360186996 46 65 21
7.558925643201332 59 73 27
8.557635933448719 61 77 33
8.372793170334297 61 75 30
9.727360107358054 62 82 42
9.208396901497146 63 82 52
9.872896496132299 77 98 67
9.231205264256088 67 90 58
8.38883068135745 61 79 37
8.07731470875241 60 76 35
9.167281284394392 52 69 39
8.953460919752745 60 75 52
9.49350936342118 64 83 60
10.054011562174589 69 89 61
9.013811726926967 69 86 68
6.357918543138199 65 88 57
9.653499461021458 73 90 68
11.252117061413575 61 82 45
9.383775535106793 61 77 31
9.172847924636029 64 80 34
6.996961009262313 66 91 57
9.0077811011346 47 66 36
8.046516025488645 49 69 26
7.662124179114053 44 63 21
8.982151041701847 53 73 31
8.516205655584818 62 78 36
9.036328129526444 60 80 38
8.442793098992897 58 75 26
7.700041262693169 56 74 27
8.458697892683572 56 74 26
8.90778698269157 59 79 39
9.579705748300809 68 87 56
8.680930195767314 62 82 43
9.272623332664978 57 73 47
9.492988986541084 64 81 58
9.49350936342118 64 83 60
6.18466566306532 67 90 57
8.848227283625324 71 85 68
6.605290186260701 61 83 52
6.106853601071873 65 88 55
11.301757629910279 61 81 41
7.541778456500467 61 75 28
9.488702915768737 61 75 27
9.026733539565589 70 91 54
7.4940755367771255 58 76 26
8.21242436890034 56 72 26
8.671686909003903 58 74 51
7.439632929446324 54 71 23
8.956219242259328 66 83 62
9.119774754586372 66 83 62
7.8404901368704545 63 84 46
8.61505668192342 59 78 38
8.086797355687773 61 76 35
7.541778456500467 61 75 28
8.39794557825565 64 86 51
