9.081143217947112 54 66 17
10.09748469319347 37 51 2
9.925041741113882 39 53 4
9.79423964100377 51 64 16
10.043078652336737 48 63 10
10.310973396505561 44 59 6
11.25634108498322 50 62 11
9.338799689310807 48 62 18
10.117977667670045 46 57 17
10.110094086744567 47 59 14
9.795223012905298 49 60 11
10.817770283323908 52 64 14
9.986534933448366 51 63 12
9.830315949384843 46 57 5
10.739790183427719 54 64 20
10.068757307226806 47 59 13
10.12144135191332 47 62 9
10.99384756407526 50 63 9
10.73236337175592 53 65 18
10.030106912733446 42 55 12
10.499872612169915 57 65 21
11.155484323207245 52 63 29
10.492275979555322 52 62 18
10.576680264859375 41 51 8
9.680286732815569 38 48 4
9.405314333436579 38 48 1
9.886720520350071 38 49 0
8.989822743798488 46 57 9
10.811822038902076 48 60 17
11.224583026248379 52 64 14
10.42583282943679 48 60 14
10.258910596205544 38 51 1
9.42635689876543 26 38 0
11.151154171982029 61 73 23
9.721071398191333 37 48 0
11.288790158624062 53 63 18
11.134812063031147 49 60 9
11.035693637714724 53 63 17
11.069007071475058 46 54 7
10.429018559950578 42 52 10
10.51508071820026 40 50 8
11.737840519284628 36 46 4
10.568915849816738 35 45 0
11.194059630601137 41 50 3
9.940006013166172 37 48 2
10.962294982494015 33 43 2
11.051528622120424 46 58 11
11.3160500399061 53 63 19
11.556113881619842 53 63 19
11.95970516293252 52 64 17
11.505354546125254 59 71 26
12.01048498455775 55 67 22
11.861062210621148 56 68 23
12.020286650105243 56 68 23
11.86587569452266 55 67 22
10.33569776499096 51 63 15
10.160166596340689 55 67 20
9.951456157360612 55 69 21
10.353306201040937 55 68 21
10.246630845257675 57 69 24
9.85238629088176 56 70 20
10.739180651981735 65 82 43
10.32465168671237 61 73 29
10.111451784870635 68 83 40
10.006663693166068 58 70 26
9.858854882617743 57 69 23
10.511436320612754 58 70 24
9.722568050426872 57 69 24
9.973195484236415 59 71 26
9.945358077972754 62 75 34
10.931123945713045 74 90 52
10.473155032275033 75 90 51
10.394419251898437 65 80 40
10.164213143679856 60 72 27
11.153788465916362 59 71 28
9.77285702564409 59 71 26
10.334505714811051 59 71 26
10.292512455887593 59 71 26
10.078632714829538 62 74 31
10.443640023465965 60 72 27
11.76867622202841 56 69 22
11.296170914084517 52 64 16
12.633190742294339 55 69 23
12.497311740436512 55 67 23
11.614195056562078 53 65 19
12.097200931550015 56 68 22
12.097200931550015 56 68 22
11.99780226338312 56 68 23
12.625085278268239 55 67 24
11.510626202983815 53 67 22
12.625085278268239 55 67 24
12.013952136752307 55 65 19
13.085614568789008 53 65 20
12.245000396779163 54 66 21
11.99274475666303 55 69 24
12.852831309482696 55 67 24
12.145542884173736 57 71 24
12.845426870704268 58 72 27
12.229155650501292 57 69 24
12.316837789412943 55 67 24
12.625085278268239 55 67 24
12.464138249821405 58 70 25
12.401120494156922 55 67 21
11.230312649922991 54 66 17
10.781528457634298 61 74 23
11.034624912558257 52 64 20
10.592606851473994 59 74 23
10.881214340477836 59 74 23
10.482575095300257 58 72 25
10.859208838653654 53 67 20
10.590811297394048 58 73 24
11.746718539196847 56 70 29
11.502362180021784 58 73 32
11.582092474149617 56 70 27
19.15545168144203 60 76 32
10.953534540571306 57 69 24
11.269165986716695 52 60 13
11.446927011606952 45 53 7
11.357612314270728 63 75 27
12.253066622100523 54 68 23
11.736327150070368 57 71 26
11.525813104499512 53 67 22
11.244914452662485 55 69 24
11.736327150070368 57 71 26
11.69285824989317 54 66 20
11.882513140741835 55 67 22
11.861066481527299 56 68 23
11.544270894503095 58 70 20
11.69285824989317 54 66 20
11.069063781253881 59 71 23
12.01043693768761 54 66 21
11.205229319298844 59 73 30
11.287058715955727 54 68 23
11.287058715955727 54 68 23
11.212342919243806 61 75 32
11.30823166456007 62 77 35
12.012373257865251 56 70 23
11.808649808912847 78 93 52
11.490094789943164 53 67 22
11.85143792655214 56 70 25
11.780302212091298 65 81 37
11.780302212091298 65 81 37
11.788375689110461 54 68 23
11.788375689110461 54 68 23
11.871604350248766 76 92 51
11.773531779698088 58 73 29
11.490673305772875 64 78 37
11.37653014164657 57 69 26
11.574137341691982 65 79 39
11.788939567481581 61 74 33
11.322643997528266 61 73 28
11.45827059826283 70 87 48
11.596114679712372 70 85 45
11.30491864471861 68 84 45
11.70411553940972 61 73 28
12.430655910934366 58 70 27
11.655578761893944 58 72 29
12.314828892891141 58 71 28
11.670882208679949 57 70 27
12.045516157039003 80 95 56
11.983475286834773 82 97 57
11.655268844629619 60 73 31
11.372601785866848 61 74 32
10.961667793628644 63 78 39
11.609182168998176 56 70 26
12.080867537814761 56 70 25
12.080867537814761 56 70 25
12.004450429189534 58 73 29
9.925041741113882 39 53 4
10.573539023838428 18 30 0
10.828318015973565 46 58 8
10.817770283323908 52 64 14
10.439927534178532 40 52 12
10.30941828618757 53 64 18
10.817770283323908 52 64 14
10.527707123503044 44 58 3
10.1770039960856 47 62 10
10.023753888842629 43 57 11
10.387467826859162 36 46 0
10.694363791116336 39 49 7
9.623522375786871 39 49 5
11.132779494448826 50 62 15
9.595358016911709 33 42 5
9.521106781002755 39 47 0
11.191035592469571 54 64 20
9.77324995101507 39 49 3
11.925339139471161 54 66 23
9.35712060534661 40 49 0
10.863410932468346 47 55 7
10.425486355717064 42 53 3
11.694484598518192 56 68 23
12.259273450623883 54 66 21
11.288790158624062 53 63 18
8.919805516776774 43 55 8
10.409402789372797 66 81 42
9.927395028149574 66 81 42
9.951456157360612 55 69 21
10.353306201040937 55 68 21
10.334505714811051 59 71 26
10.162043227287853 60 72 27
9.882415381895276 57 69 24
9.625099413970746 60 72 27
10.70534925894226 59 71 28
10.63549355773523 58 70 26
10.334505714811051 59 71 26
10.51984689283056 52 64 13
9.637012504465694 56 71 21
12.006030349985288 56 68 23
12.797678112707773 56 68 23
12.072686260220399 57 69 24
12.473583442502484 54 67 23
11.614195056562078 53 65 19
12.229155650501292 57 69 24
12.625085278268239 55 67 24
12.316837789412943 55 67 24
12.409081155513713 55 67 20
12.852831309482696 55 67 24
11.910665924764787 58 70 25
10.774130416981963 59 72 25
11.148066731755002 56 68 21
11.251592382278485 57 70 21
10.570000519771364 53 68 24
10.590811297394048 58 73 24
10.787158548502758 58 73 22
11.509292131188511 59 76 36
12.226044985129855 57 71 28
12.067959463764417 57 71 26
11.54788241109792 53 67 23
11.628936086882018 56 68 23
10.942582854535635 61 72 23
11.628936086882018 56 68 23
11.980874695519894 45 53 7
12.418234957564882 50 64 20
12.070763811813833 53 66 21
11.19784015573669 56 68 23
11.628936086882018 56 68 23
11.455925314735158 53 67 22
11.816703918138293 59 73 29
11.275304672707168 63 81 39
11.85143792655214 56 70 25
11.097896512453937 55 69 24
11.292167985873528 54 68 22
11.179133500487854 61 77 32
11.692368774352564 60 72 28
11.79242292217781 60 72 28
11.299815140078689 66 80 39
11.524739757803232 71 86 46
11.921414548827293 63 76 35
11.633713758470298 58 71 28
11.609182168998176 56 70 26
11.688183819239963 55 69 24
11.616048393219938 59 73 32
11.567142083872254 60 74 33
11.74556280597617 60 74 32
21.703433093198544 66 83 47
10.460016285632635 42 56 3
10.739790183427719 54 64 20
10.574791518034449 51 62 28
10.12144135191332 47 62 9
10.73236337175592 53 65 18
10.579621240408907 48 60 9
10.898183202387967 41 51 7
10.839948183777484 33 43 0
11.369594522034108 30 40 0
10.462846371710347 42 52 10
11.249987065163713 52 62 17
9.279557472783809 26 37 0
10.472280544921391 42 52 10
11.767906616317907 41 51 9
10.079792749610847 26 36 5
9.945358077972754 62 75 34
10.507184534327255 61 74 30
10.111451784870635 68 83 40
10.093784322224968 71 86 47
9.81482673722031 58 70 25
9.840425500878695 57 70 25
9.68381861736159 61 73 29
12.269465187685292 54 66 21
12.08873609318396 54 65 19
12.473583442502484 54 67 23
11.76867622202841 56 69 22
11.57684898458969 56 70 25
11.945678952343545 53 65 18
11.155216783922441 58 70 21
10.767067490760809 62 75 31
12.067959463764417 57 71 26
10.930265251621144 58 70 25
11.67626426812791 54 68 23
11.035314019150595 51 60 14
12.007317669592918 59 71 24
11.894327297006022 56 70 26
11.269597923639289 54 68 21
11.710050001099605 59 73 30
11.773531779698088 58 73 29
11.441231084759295 59 72 30
11.30491864471861 68 84 45
11.596114679712372 70 85 45
11.342846064566345 69 84 42
11.823449629003676 63 78 35
11.871604350248766 76 92 51
12.43294070582967 66 82 38
11.85143792655214 56 70 25
11.30491864471861 68 84 45
9.970490722657454 56 71 19
10.585640663053267 32 44 14
9.68436493694384 48 60 17
10.793873679451437 52 64 14
11.925339139471161 54 66 23
11.784833574461361 56 67 22
9.979729327040296 36 46 0
11.556113881619842 53 63 19
11.632206431221709 56 68 23
10.664816315393084 60 72 28
10.049851440841751 58 70 25
10.236988720588652 58 70 26
10.931123945713045 74 90 52
10.590811297394048 58 73 24
11.638041402210543 51 63 17
12.497311740436512 55 67 23
10.490178752969442 59 74 22
11.793516541956336 54 66 16
11.741499420484454 53 68 25
10.752810966315723 57 69 26
11.777890812432172 57 70 27
11.321737849046027 54 68 23
11.441231084759295 59 72 30
11.261742801148044 62 75 34
11.423424044471208 55 69 25
10.049851440841751 58 70 25
10.527707123503044 44 58 3
10.693035814640899 47 59 12
10.442246720571795 42 54 7
11.06734552729705 63 74 24
11.44851356332445 59 71 28
11.70411553940972 61 73 28
10.330181106136097 62 76 35
9.949935937246348 36 48 3
13.305480187854041 55 67 22
11.519202281336337 52 66 23
11.582092474149617 56 70 27
10.859208838653654 53 67 20
12.696554536729165 57 71 25
11.904273080067929 58 72 26
11.574137341691982 65 79 39
