10.80929357827416 15 22 9
11.84680373711319 12 17 8
11.15177579867703 9 16 4
12.17088385058449 8 15 2
11.326464544263093 8 17 3
10.696007171161071 8 17 3
12.339435878886773 11 18 4
13.181793367918418 0 2 0
12.454671799869255 10 14 8
12.041079085269667 14 19 10
11.698560656464485 13 20 11
14.338955871060456 0 4 0
14.21672318502118 0 2 0
13.003476905309736 12 16 13
12.834361767375395 0 2 0
13.387419186830131 15 20 12
13.440242759902 10 14 9
12.865768015744635 3 7 2
11.780120562051048 12 19 6
12.89124346466534 14 20 12
14.077944541410458 1 4 1
11.279310412898807 12 19 8
11.279310412898807 12 19 8
11.831945497140648 13 20 11
13.048274309531761 15 22 14
13.424249810551217 19 23 16
12.059328832351204 13 20 9
13.424249810551217 19 23 16
13.424249810551217 19 23 16
13.407418843387225 19 24 14
14.069558212884173 13 20 10
13.46503906819231 16 23 15
12.767095004879796 1 5 3
12.357850845924446 4 8 5
12.71542400225948 0 2 0
13.14408707762111 12 18 12
12.654652357061506 16 20 15
12.766924078174622 5 12 8
12.697914018056004 14 18 14
14.016491392393325 14 20 14
12.57404029053571 10 16 11
13.540675468487372 10 17 12
12.851315258726402 16 20 17
13.744585620785582 16 21 15
13.087854386020101 15 20 14
13.048107066200632 15 19 14
13.409580148358296 17 21 14
12.69894468951537 20 27 18
12.511169248307288 18 23 16
12.638125307999585 19 22 17
12.843008113290317 18 21 15
13.331716220309058 18 21 15
12.497746694991886 23 26 21
13.377694704823112 25 28 23
12.640303493737884 22 25 21
12.963776831900232 19 22 17
12.788664789571017 22 25 20
13.515253823371353 18 22 12
12.892382660687359 18 21 17
12.788664789571017 22 25 20
13.627212492978332 17 22 11
13.310911969093517 13 20 8
12.629359298012185 13 20 6
13.996231942651793 15 21 9
13.610632512661383 18 23 12
13.081209932188049 15 20 7
12.407752383584885 13 20 5
13.274594058645866 16 21 9
14.369320639171352 16 21 11
13.140260665447459 15 20 8
11.0498676577812 9 14 3
11.059120387749134 10 16 5
11.86226288459448 11 18 5
13.57458062121249 0 1 0
12.932521554097573 3 7 4
13.820386366139637 0 1 0
12.310293713524356 15 21 10
11.634178419435871 13 20 10
13.105262294570334 14 21 13
13.530572186751307 0 1 0
11.780120562051048 12 19 6
13.407418843387225 19 24 14
12.472316384357676 13 20 10
13.46503906819231 16 23 15
13.596163950683872 16 23 15
13.79869817192209 15 21 10
12.654704383363777 15 21 8
12.61237563883729 9 14 9
12.948161502466125 7 13 8
12.674649550653237 18 22 17
13.541242070843257 16 22 14
13.373119662053279 12 19 13
13.14857017644165 19 26 17
13.098460070712314 14 19 6
13.716870024275009 16 21 10
13.627212492978332 17 22 11
13.098460070712314 14 19 6
13.796597824339736 16 21 10
11.055805685666641 10 16 4
11.156277565512575 7 18 4
12.454671799869255 10 14 8
12.823191498086757 4 9 6
12.692452251867797 18 22 17
12.888399965618971 7 11 5
12.87146438514193 16 22 13
13.424249810551217 19 23 16
13.354054322500575 13 20 12
12.061731699884854 13 20 11
13.373119662053279 12 19 13
12.42730092537688 18 21 16
13.570441691728607 15 20 7
13.667396038040515 17 22 11
12.809511439438127 16 21 8
14.447677678494344 18 23 13
13.024284256074369 14 20 7
10.702141538508492 7 16 2
11.155061983488412 9 16 4
10.907432867822697 10 19 7
12.773555339780442 13 17 13
12.767177335310691 21 24 19
12.961541190540693 24 27 22
12.868873564272967 17 21 16
12.911417464597156 16 20 15
13.515253823371353 18 22 12
12.593934011675286 24 26 22
12.636796403519872 15 19 16
12.734983063181714 14 18 14
13.513270908358034 14 19 6
11.433505907123976 13 20 11
12.360992936142994 1 4 1
13.183042785794248 24 27 22
14.160736469536548 20 23 17
12.831335594497006 0 4 4
11.671139390862368 10 18 5
