11.040169432367499 50 55 29
11.049755259332985 49 54 31
11.149387493801271 49 53 27
19.252613620136767 46 54 29
19.252613620136767 46 54 29
19.267404583004833 51 59 37
9.687117729950748 36 39 7
9.60819953559327 44 49 20
9.468629077277344 38 41 9
10.28175106312408 41 45 11
8.763587566077964 46 51 18
9.037774808434493 41 46 17
9.691550707695253 44 50 14
8.763587566077964 46 51 18
10.045865003587226 45 50 17
9.14919725292248 49 52 23
10.639190718164176 22 27 5
9.911866424086439 19 21 0
9.601334682633501 18 23 0
9.442422766503878 23 28 4
9.753919030545642 44 49 18
8.967547402759385 22 27 1
9.278638258433713 45 48 18
9.385425913776055 38 41 11
9.291447745902376 18 23 0
9.817864815519995 18 23 0
10.097542997833985 45 50 23
9.648827875985747 26 32 6
9.756674276319394 45 50 21
9.396028394466708 42 47 18
9.334147859623327 45 47 21
9.770917039810012 45 50 21
9.263283164434618 48 53 24
9.174554324601123 49 54 25
8.790057093699064 47 54 22
9.500013021381442 48 53 23
10.047137219861872 49 54 29
8.84255500890019 47 52 25
9.650448376426548 49 52 16
9.164007250632805 48 51 19
9.017198712780427 50 55 26
9.991289845379853 49 54 27
9.017198712780427 50 55 26
10.7323414684504 52 56 31
9.102664481627201 51 58 24
9.429632494751242 50 55 26
9.875259418418754 53 55 31
9.610859670427256 54 59 32
9.789040419297312 53 58 27
10.534296521346116 51 55 32
9.252759703724141 54 58 29
10.282630926802902 51 53 32
10.36187563649961 48 50 25
9.809300476449675 51 56 29
9.170792724475543 51 58 24
9.452427081205636 53 60 24
9.929416712764445 53 60 28
9.57527926021784 53 60 28
9.076429146969122 54 61 27
9.47063256910797 55 62 32
9.47063256910797 55 62 32
9.312312346866316 53 60 31
9.18886949192896 60 69 40
8.656416269580374 53 58 29
9.681350313154173 46 52 25
10.151065768780997 59 66 36
9.939438930964434 57 66 36
9.466461028337733 59 68 38
18.041351536810595 40 46 22
18.041351536810595 40 46 22
18.585771357513977 26 32 7
16.853272747698316 16 22 0
17.37128618702554 28 34 10
9.62367672552711 48 53 22
9.457092145903935 48 53 24
10.900236601311626 45 50 21
10.859753749736539 46 51 22
11.653686391654954 46 51 22
10.193179399584556 48 53 24
11.0393783718122 46 51 22
9.750870121863448 51 56 27
10.33801848932206 46 51 22
10.058099887123388 46 51 22
13.080493510077956 52 57 28
13.44944460828834 51 56 27
10.200985074726352 47 52 23
9.960879972126142 47 52 23
10.202942530405654 45 50 21
10.752190417518383 52 57 30
10.420000500966074 52 57 30
9.819578838491452 50 55 26
9.63473406067231 51 56 27
9.471483879495123 50 55 26
9.916563082008144 47 52 23
10.129972863937196 50 55 26
10.64572552294662 52 57 26
9.478124913157083 49 54 25
9.282119782105045 52 56 28
9.403667697558872 51 56 25
9.483986369326486 49 54 27
8.583350435367784 52 56 30
9.316275985428485 53 57 34
8.949715363511778 54 58 34
9.856826584009216 53 59 26
9.85984272837158 53 58 27
9.750088038240365 53 58 33
8.711237276765198 52 57 34
9.615687035175286 53 60 25
8.711237276765198 52 57 34
9.779923689255611 53 61 27
8.988828196382789 53 60 26
9.283868732466638 52 59 24
10.054728339753375 53 61 28
11.170179463907328 56 65 33
9.380005466592825 54 61 27
9.027437371307485 53 60 26
9.16754988392768 53 60 26
9.74093485197722 54 59 31
9.716067560358304 53 61 28
11.070773834768628 64 74 45
11.259386461809228 62 72 44
11.30223850225839 63 73 44
11.30223850225839 63 73 44
11.46597149851201 56 66 35
10.63226231867608 57 67 39
11.423733660197556 55 65 35
11.259386461809228 62 72 44
11.882646333537128 57 67 38
15.273441957426844 57 64 34
15.273441957426844 57 64 34
10.352293116142738 54 63 29
9.708894345803149 54 63 31
9.860499028118578 53 62 28
10.28112533178597 53 63 36
9.53488361889024 52 57 30
9.703553171699403 54 60 33
10.357511172880324 55 62 33
9.703553171699403 54 60 33
10.1011434583479 53 58 30
10.708049105511025 56 61 35
10.672734147173891 55 61 33
10.49376025893611 54 62 32
10.940544044081006 55 60 32
11.017416731669153 61 71 43
11.144725639419262 58 68 40
10.40820611670436 54 63 33
10.740760815800853 54 63 33
11.37760291573516 59 69 41
10.75061361495325 54 64 37
10.071218661644126 56 65 38
10.454836217788202 58 67 41
10.454836217788202 58 67 41
10.47096917799036 57 67 39
10.389029915262103 57 66 36
10.588911109242613 56 65 38
9.182019252312086 60 69 41
11.173150223852664 57 66 36
9.593657229287663 58 67 39
10.030354290451719 58 68 40
10.187569339804146 58 67 38
11.252928950698992 58 68 40
11.151516363806191 56 66 38
11.474388798708212 58 68 40
10.852992365877414 56 66 38
11.30517455994439 61 71 43
10.722220159795626 59 68 40
11.30517455994439 61 71 43
11.008076823446634 59 68 41
10.635383334982388 58 68 40
11.008076823446634 59 68 41
9.976458674103085 55 62 32
9.801685515772036 49 56 26
8.916461786559484 55 57 31
9.431859812209197 53 60 32
9.897132315354641 53 60 33
10.804384592485224 54 61 32
10.794580873130595 53 61 32
10.30780691851155 54 64 35
10.906258598534482 54 62 35
10.6048401055881 55 65 35
9.636373652558786 55 64 31
9.867228304913752 57 66 34
10.50093032858799 57 66 34
9.712312087595322 56 65 35
11.040169432367499 50 55 29
8.972335906921833 31 34 5
10.44666984337495 15 21 1
10.000602998106196 44 49 16
9.278638258433713 45 48 18
9.305305843041436 48 51 22
9.11698458468698 39 44 15
8.977873898178826 16 21 0
9.511906998164338 19 22 0
9.710358460472179 24 29 2
9.495235889631793 45 47 21
10.41863248262911 50 55 27
10.156609498770196 49 53 27
9.34574256342689 47 52 24
10.080383057137034 49 54 28
10.028976707542018 54 59 32
10.192388368367231 51 56 29
10.267853196640049 49 54 27
8.71318314788915 49 52 24
9.682222948897067 52 59 27
9.04659526986942 55 62 32
8.739805332547881 48 54 27
9.578085893899159 59 67 37
9.94576750443345 58 65 35
10.250056818337045 57 64 36
9.525023338212328 55 64 36
18.585771357513977 26 32 7
12.889239651803843 52 57 28
10.017181998979845 48 53 24
10.294989629815916 49 54 25
9.500422621903912 47 52 23
9.704944177307913 48 53 24
10.90721962002039 47 52 23
9.764475142524388 46 51 22
10.34122830975347 46 51 22
10.402517886049218 47 52 23
11.065738359922497 52 57 29
9.67383904609039 49 54 25
10.072602290361218 49 54 25
9.471483879495123 50 55 26
10.879552391728163 51 56 26
9.414919880800229 51 55 30
8.674699090157414 50 55 27
9.196806404448028 52 57 32
9.193572739686413 53 57 35
8.674699090157414 50 55 27
9.483986369326486 49 54 27
9.210152219872777 50 54 27
9.03073052492821 52 59 25
9.290272078020857 54 59 30
9.531656023884969 52 57 32
9.313083802676767 53 57 33
9.531656023884969 52 57 32
9.316275985428485 53 57 34
9.536523481408494 53 58 29
9.794132643185929 53 62 30
9.283868732466638 52 59 24
10.52769573918662 55 64 32
9.417010974938067 52 61 29
9.744296496867815 54 61 27
9.59847645830736 53 61 30
11.1268188441413 56 65 35
9.243114040835366 52 61 28
11.259386461809228 62 72 44
11.531935383626989 58 68 40
11.531935383626989 58 68 40
15.4617683022063 57 62 33
10.352293116142738 54 63 29
11.005021782874634 56 65 33
9.97832833039561 56 63 31
10.383705936242096 52 57 30
9.997359349359327 51 56 28
10.1011434583479 53 58 30
10.49376025893611 54 62 32
10.940544044081006 55 60 32
10.672734147173891 55 61 33
10.418373422160355 56 66 38
11.154221612183626 59 69 42
10.454836217788202 58 67 41
9.793488349060842 59 68 40
10.511049529048478 58 68 39
11.008076823446634 59 68 41
11.474388798708212 58 68 40
11.438538375389347 58 68 40
11.014677883524163 58 68 39
9.443078402350695 53 59 32
10.256321586730715 55 60 33
9.501830831259339 54 57 28
10.516105679145811 55 64 34
10.727176777138535 54 62 35
10.2843104054816 55 64 33
9.564938024428809 59 68 38
10.355498511970254 57 66 34
9.330591599487617 42 47 18
8.903077077298242 37 42 13
9.31986777531245 46 51 18
9.493479834441628 21 26 3
9.330238663330858 48 53 24
9.191496361082576 47 52 23
9.648827875985747 26 32 6
10.428789623147532 49 54 30
10.36187563649961 48 50 25
9.389510504615494 52 59 23
9.948740488476904 49 54 29
9.603322889578681 50 53 18
9.789040419297312 53 58 27
9.52153836964425 54 61 31
8.591533570435061 51 55 28
17.20387555137852 21 27 5
10.579571974188092 47 52 23
10.41587755468693 51 56 27
8.946876665361168 49 56 24
9.517873362216624 47 52 23
9.615823851824649 47 52 23
9.722186249986636 54 58 26
10.770878036571501 57 66 39
9.663109688443816 53 62 30
11.011664370517042 55 65 36
11.423733660197556 55 65 35
8.5710066211941 51 56 24
11.882646333537128 57 67 38
11.070773834768628 64 74 45
15.435181919642082 58 65 33
9.886428974703753 53 61 33
10.823686650419429 55 62 32
10.804384592485224 54 61 32
10.00824551374577 55 61 35
11.144725639419262 58 68 40
9.73313167391956 55 65 37
11.656472386605463 59 68 40
10.878271401064456 56 65 38
10.1011434583479 53 58 30
10.708049105511025 56 61 35
10.216492962812023 54 63 35
10.054400822750443 59 68 40
9.162564706715008 43 48 15
9.601334682633501 18 23 0
9.120245404505908 31 34 5
9.635014191188112 41 46 13
10.267853196640049 49 54 27
10.51854752907508 50 52 28
8.374443907772903 49 53 26
10.486858027497442 45 50 21
9.934900876707637 51 56 28
13.263511925800694 51 56 27
11.259386461809228 62 72 44
10.770878036571501 57 66 39
9.539640896409399 53 58 31
10.054728339753375 53 61 28
9.09612906807589 53 60 26
10.12589985802421 54 61 29
10.533998809315094 58 67 37
10.754567590723699 57 67 37
9.30711471571715 54 59 30
10.612612106781421 57 67 37
11.261466673050823 55 64 37
10.40820611670436 54 63 33
10.40820611670436 54 63 33
10.036593850453377 49 54 28
9.560745057081109 52 59 23
9.389510504615494 52 59 23
10.154983263128944 53 58 32
10.944494946324966 45 50 21
10.480526606574875 46 51 22
9.658976019869254 55 64 34
10.132452875414641 57 66 36
11.045324508115126 57 66 39
10.877096397052922 55 63 33
10.777038879787993 57 66 38
11.117338783856441 61 71 43
9.554522981526528 55 62 28
8.917975561742741 44 49 20
10.639190718164176 22 27 5
10.27082216242283 53 61 31
10.28112533178597 53 63 36
10.75061361495325 54 64 37
10.418373422160355 56 66 38
10.12067645593101 52 57 30
9.185287031177689 52 57 25
11.438538375389347 58 68 40
9.722186249986636 54 58 26
10.534296521346116 51 55 32
