14.234511894841122 56 58 58
12.127190399130527 65 65 61
12.365626785462354 42 42 40
13.06499905311217 0 2 2
11.900529841959498 64 67 64
12.386901838631713 34 36 36
12.409238522266492 28 31 29
12.253539157399475 66 66 64
11.962273996060066 65 66 59
12.253539157399475 66 66 64
12.591388495519771 22 23 23
11.965690773915593 68 68 68
11.965690773915593 68 68 68
12.28560043210731 42 42 40
11.880677738113995 66 66 62
12.987526063283797 64 66 64
13.858840692560413 62 64 65
12.132807089747205 65 65 63
12.240940648486898 66 66 64
12.438646515077117 37 41 28
13.340570965635493 56 58 58
11.57883551708994 26 31 18
13.385931008442629 58 61 56
12.315664398181612 30 35 17
11.02752057790316 29 33 17
11.967136989810564 31 37 16
10.880009153406295 29 34 15
11.915567834350966 32 38 16
11.372346355075663 30 36 14
11.907251223468334 55 55 51
11.885117598754944 57 58 53
13.186665557225039 52 56 49
13.916667093042896 55 59 55
13.779002008057546 56 60 54
13.309658583751474 58 61 54
12.704238446373244 43 48 37
13.883557514298845 34 38 26
13.32372163980361 29 34 22
14.03354704315038 32 36 21
13.43849500775382 42 46 32
12.753338873939127 31 37 17
13.600282893835924 33 37 18
13.727384435128652 33 39 14
13.727384435128652 33 39 14
13.500141112978838 29 35 12
13.228565567453538 33 37 14
12.867981499123276 30 34 17
12.924050615777313 34 40 20
12.682421336625868 30 35 21
13.133058317717506 38 44 22
13.589131470996954 40 46 19
13.133058317717506 38 44 22
13.643235788239025 39 47 22
13.112993914969048 36 44 14
13.689293110727462 37 44 15
13.487896694220488 38 42 18
13.347851323472907 42 48 23
13.104811478021848 36 40 20
14.588201744860608 41 47 21
13.508084083609477 35 40 14
13.664190913824246 41 46 24
12.357271413772114 55 56 45
13.847543135438833 34 38 18
12.277190597758137 54 55 45
13.277087867841834 33 37 15
14.212537725804374 42 46 27
13.046179425836788 38 42 23
13.848527108248387 35 39 20
13.126626163277603 33 37 15
14.173827524310713 48 55 32
14.564648900910068 42 48 26
14.801508708519506 46 55 29
14.382033316913342 38 47 17
14.801508708519506 46 55 29
14.173827524310713 48 55 32
14.246118455530633 50 55 37
14.867999457503604 43 52 26
14.243248734360312 41 48 23
13.918343296927892 52 57 40
14.174788847420594 48 52 33
14.174788847420594 48 52 33
12.70919056923084 39 44 19
12.55444808153211 38 44 20
12.700747985276456 34 40 18
12.211540690102666 34 39 18
12.835697715469113 38 42 20
13.037896561975474 37 43 20
12.690953592590287 40 44 22
13.743326368662062 41 47 18
13.32039350838281 39 44 18
14.757999348502604 41 51 23
14.290301632120638 54 59 42
17.38851243921733 47 57 33
11.541058553474521 46 52 29
11.541058553474521 46 52 29
11.208853166683149 43 48 23
11.770536833106243 45 51 26
12.017063197556366 40 45 20
13.268127890208532 43 48 23
13.268127890208532 43 48 23
13.93763764956069 47 52 27
14.24554283366273 47 53 30
13.23386342126833 49 59 38
12.74694653074089 48 58 35
13.159118254382973 52 60 40
11.794925431740806 52 59 40
13.383119549370116 48 58 34
12.901836833471268 48 56 33
11.033070009885444 51 57 39
11.50955128339543 50 58 36
12.32320586707866 47 55 32
11.794925431740806 52 59 40
12.821622524107784 52 62 41
12.320633640994037 52 57 41
11.793770124954733 49 59 36
12.106213795071051 44 52 27
12.107339287887322 45 51 26
12.14164459274534 56 59 50
12.467830027578714 59 62 56
11.575864941299134 63 63 61
13.696259019592514 51 56 38
13.47442981916927 52 57 40
13.696259019592514 51 56 38
13.282218306843523 32 36 21
13.47442981916927 52 57 40
13.243875481606525 43 47 33
13.243875481606525 43 47 33
12.728260119710235 30 33 24
13.12234274184594 40 43 32
12.522426502632571 46 50 35
12.879933166680276 50 58 40
12.849009188103658 53 59 40
13.08144828740394 52 57 38
12.735691799997827 52 60 42
12.084611058909275 53 58 42
12.26788678953544 50 55 40
12.479289130344366 50 55 38
12.735691799997827 52 60 42
11.936238691514461 51 56 39
12.669976261260691 51 55 43
12.523316881213649 52 57 42
12.669976261260691 51 55 43
13.611917957269764 50 58 40
11.394369338295395 47 53 28
10.691872459374494 46 52 27
10.691872459374494 46 52 27
12.23006960770733 53 58 41
12.23006960770733 53 58 41
11.897367373890548 51 60 42
11.844344107268713 49 60 41
11.897367373890548 51 60 42
11.81915802823014 51 57 39
11.755125286957773 52 59 41
11.004789449501894 49 55 35
11.00067039416276 52 57 40
11.359665545299313 51 56 39
11.275311215568266 48 54 33
11.063069470352415 50 56 37
11.063069470352415 50 56 37
11.359665545299313 51 56 39
11.850469754332645 51 56 39
11.593376609870894 53 58 41
11.65649089177336 49 55 32
18.540550071292607 46 55 29
16.893303497844542 33 35 13
21.381005211206897 30 29 8
20.055436744037173 12 12 0
20.23216862194658 20 19 0
19.73347477307127 36 37 8
12.368932142165624 43 43 45
13.920616377505914 55 57 58
12.23091813149435 64 67 64
12.365626785462354 42 42 40
13.174862098935659 57 59 57
11.02752057790316 29 33 17
11.262229841996236 22 27 12
12.10140399502327 31 36 16
12.133786225089972 55 56 52
11.885117598754944 57 58 53
13.214737432888365 54 58 51
13.33044917317621 57 61 54
12.504132794556607 33 37 18
13.141223166664933 41 48 18
13.347851323472907 42 48 23
13.553923110835544 37 41 23
13.689293110727462 37 44 15
13.977463778932107 38 47 19
12.776760538520556 39 45 20
13.312338550331598 36 42 20
13.193764507432137 41 46 36
12.817564020401775 32 37 21
13.241385311798012 42 47 38
12.78129638008412 26 30 15
13.736188013760797 39 45 21
14.209661222818042 37 42 19
13.848527108248387 35 39 20
13.880043550700211 36 44 14
12.360579004795177 54 55 46
14.141038732262961 41 44 26
13.921528481023257 36 40 21
14.173827524310713 48 55 32
14.057427624246637 41 50 21
14.173827524310713 48 55 32
12.572883061081537 36 42 19
12.835697715469113 38 42 20
12.691327154238872 54 59 42
10.84932112091919 45 51 26
11.684103951927998 44 50 25
11.452893972908162 43 49 24
13.57516097254478 46 54 31
13.517431896858126 47 53 28
11.597285153222744 51 57 37
11.418368054947706 54 59 42
12.402989585674518 46 54 30
13.159118254382973 52 60 40
12.821622524107784 52 62 41
12.133050220253159 46 54 31
11.482444327317422 48 55 33
11.482444327317422 48 55 33
13.513126822098581 42 46 31
12.812830555908619 43 48 34
13.354995328112114 51 57 38
12.768151434462107 32 35 26
12.931085198575857 39 42 31
12.26788678953544 50 55 40
12.153411250290173 50 56 36
12.541797620079688 49 54 41
12.879933166680276 50 58 40
12.49260087512459 51 56 42
13.475514005848696 51 60 42
11.246428224672172 48 54 31
11.452244550402261 47 53 28
11.71423427778268 47 53 28
11.452244550402261 47 53 28
11.824144382710633 51 56 39
12.096104311365803 49 59 40
12.096104311365803 49 59 40
11.956226812594396 50 57 39
11.593376609870894 53 58 41
21.779276100619605 32 31 11
20.11795912224131 18 16 0
19.87204796615951 41 42 12
12.926597688011823 14 17 16
12.804762728080961 28 29 29
13.3876695801428 68 70 71
12.525233475560157 40 40 38
12.286709492677305 42 43 43
11.879530770904472 66 67 60
12.530671750450939 41 43 43
14.069242392862007 55 57 59
12.061853763380121 28 33 17
13.813348697685301 55 58 56
10.823261442852235 30 36 15
12.10140399502327 31 36 16
13.500175506312473 57 58 59
12.895037451721128 58 58 56
13.487896694220488 38 42 18
13.297238765234376 34 38 25
13.87681144547886 50 53 45
14.09355727945515 36 42 14
12.278300417962255 53 54 44
12.516984645415931 28 34 14
13.665188089063697 44 48 29
14.140075114627574 38 42 22
13.739163645926183 45 49 30
13.043045697649504 30 34 12
15.175276563746717 43 52 26
14.382033316913342 38 47 17
13.32039350838281 39 44 18
12.700747985276456 34 40 18
12.660644296683845 39 43 21
13.325247672811681 54 59 42
12.477540005761906 48 58 34
12.822685223102038 52 59 45
13.27826222103458 47 54 31
12.898323610867298 50 60 37
11.917545943660116 63 63 61
12.11636139801217 53 58 41
12.879933166680276 50 58 40
12.64379002507157 52 57 40
12.13546189326905 51 56 41
13.986234779661773 48 53 38
11.529271764259436 52 58 41
12.633362766477413 53 58 42
11.474547673709221 50 58 40
10.69412240091689 50 56 37
11.824144382710633 51 56 39
19.71805413109348 25 25 1
12.732712582237571 64 64 62
12.127190399130527 65 65 61
11.90854213494362 66 66 64
13.912215465047975 56 59 59
11.947767402203077 32 38 15
13.943269339744493 57 60 56
14.540490201958704 55 56 58
12.318903340749811 60 60 56
12.318903340749811 60 60 56
13.534482639978824 35 40 12
14.246118455530633 50 55 37
13.500141112978838 29 35 12
13.845325129843875 52 58 38
13.351505354717379 31 36 18
13.133058317717506 38 44 22
11.451704160282208 44 50 25
12.799558280323872 40 45 20
11.50955128339543 50 58 36
13.692675201301043 47 53 26
12.24156625401581 43 48 23
11.89084863399122 61 61 58
13.696259019592514 51 56 38
13.127400657930918 53 58 40
10.96693267139601 51 57 39
22.05366454009563 33 33 9
12.530671750450939 41 43 43
13.924658166501349 39 45 20
12.360579004795177 54 55 46
14.140075114627574 38 42 22
13.27826222103458 47 54 31
13.069340978524759 28 32 12
13.884951201555984 47 51 35
12.126700969905961 52 59 43
11.214093187729665 50 55 38
11.39382620325116 48 55 32
13.689293110727462 37 44 15
14.622783488462606 42 51 26
11.959499330384483 53 59 44
13.236671504269474 34 40 13
12.516984645415931 28 34 14
12.523808428339926 37 42 19
