9.24497151234926 51 66 13
9.289410173981091 50 65 11
9.591981435486705 55 67 17
9.591981435486705 55 67 17
9.4051760131691 37 47 1
10.089900494478588 45 55 11
8.863157062291481 48 61 5
8.972438565507384 39 53 0
8.635696525458716 46 63 7
8.445608144362266 46 60 5
9.877055550261069 56 71 17
10.039097694796684 56 70 17
10.244910795932478 61 76 22
9.571161143873097 54 68 13
9.333197720444133 45 54 6
8.765390259416602 52 64 8
8.778250417358825 52 63 12
8.978109623405729 50 62 6
9.175136945817382 55 68 14
8.930705913547701 52 62 12
9.739440207679772 74 89 48
9.640170954776332 68 82 36
9.896188065616853 62 77 26
10.149339708358225 63 76 23
10.24864355099735 66 78 32
9.576477653086886 60 73 17
10.002917255578794 66 80 31
9.898593493199535 73 89 51
10.086353273597702 69 81 36
10.086353273597702 69 81 36
9.896188065616853 62 77 26
9.848035100280482 70 85 42
9.624674849285713 58 66 18
10.165114993408034 48 58 14
9.93865348986444 62 76 38
9.54363468940231 42 52 12
10.409299628515225 64 80 44
9.254927932285138 62 77 39
9.647967584398433 45 57 12
9.795806292743858 53 64 26
8.048489277857417 70 90 51
8.48827045558928 71 89 49
7.948345293950976 71 89 49
7.867886453198761 71 88 50
7.503442576345566 72 89 51
8.345820634973116 73 92 53
9.523931098182643 72 90 49
9.619280059962321 69 86 50
9.849217127836056 74 89 53
9.476154532989874 67 84 46
9.49875881254073 72 89 56
8.864301910511829 72 90 50
9.485368702588541 66 84 44
10.266585404237679 69 86 48
9.304489934212612 69 86 52
10.065832085517526 68 85 48
10.687567709913251 62 79 46
8.655805122445125 69 86 48
9.189600023032378 68 85 47
8.460154027437056 70 88 48
9.364690474274848 50 65 10
9.278887668244547 56 69 15
9.298809389992094 50 65 12
9.320610739788462 48 63 8
9.336663408635276 49 64 10
11.004622391408292 55 69 13
10.79368726854524 53 70 16
10.971626364116151 58 72 20
11.579307855643538 54 69 18
10.858437075602843 56 71 19
10.652546243932047 66 82 31
10.685605692418868 68 83 34
9.14168080287138 60 73 19
8.549163639326856 60 75 22
8.65264033415996 56 70 16
8.115677860459206 61 74 20
8.873617355675462 63 77 23
8.604588416983665 62 76 21
9.0438013070414 61 76 24
11.189290781371385 61 76 24
10.17582144827268 63 78 26
10.586537233932534 62 78 26
9.137205678593158 63 76 24
8.40624080648425 61 76 23
8.832664154785274 63 78 25
10.06208366486771 64 80 27
9.963208619125263 74 93 53
9.935698225111508 64 79 26
10.543686603861754 74 88 46
10.017269292783325 71 86 45
10.297760417479669 73 91 50
10.089249449117885 75 97 55
9.269005039031118 74 91 53
9.329518315445178 72 90 49
10.448680634930998 65 81 32
10.770263233881339 67 82 35
10.146118135053865 67 83 32
9.465338960430378 67 83 31
11.185885200185941 63 79 27
9.788679973613712 73 87 40
9.081144424090967 73 88 40
9.495544722809207 70 88 41
9.963208619125263 74 93 53
12.386744608265555 59 74 22
12.41994706537471 61 75 23
11.879799136436066 66 81 29
11.8450827099583 67 83 31
11.010514344032865 72 89 42
11.122156062072483 67 85 40
11.122156062072483 67 85 40
10.956964417048527 71 90 41
11.153823694313957 71 87 42
11.153823694313957 71 87 42
11.41739391038061 71 87 37
13.36716169975433 74 90 53
13.313667408133929 76 96 57
11.365761163296996 71 88 37
13.35586752850785 75 92 55
13.313667408133929 76 96 57
13.535244384766921 75 92 54
13.650212384428574 73 90 52
11.33693073919964 65 83 38
11.633986492244341 67 83 37
9.677263956597166 79 99 59
10.45937486259906 75 93 52
8.029717628127225 81 101 62
8.25678816000074 68 86 46
8.029717628127225 81 101 62
8.65753396451481 78 98 61
8.956866082406925 70 88 48
10.026164775277326 74 94 54
9.208466894133915 65 84 43
9.432298861171768 65 83 43
10.488923629846925 68 86 43
10.606057149652898 67 87 41
10.779250141067463 68 86 42
10.32805706621402 69 88 42
9.519635669197555 68 85 47
10.283269736490078 72 90 47
10.891289128875883 71 92 44
10.738715314840295 70 91 42
9.99954758138437 75 93 53
9.548157346632697 75 93 53
9.723069559540134 72 92 50
9.316061229346955 72 92 53
9.17833683200042 79 99 57
9.527292136801995 78 98 56
9.872361590524143 73 91 51
9.583519903749806 76 96 56
9.412171957561078 71 89 45
9.545491575451354 77 97 53
9.881489658716765 77 95 53
9.039603893055377 78 98 56
9.984725192731624 76 94 54
9.17833683200042 79 99 57
8.908834075584654 78 98 58
8.76583687550622 76 97 55
9.039603893055377 78 98 56
10.022951948227247 72 87 46
10.285359523968419 72 91 44
9.859528020140267 71 89 43
10.590346352376953 70 88 45
10.51519279850478 71 89 49
9.951778409602435 72 90 45
10.077962193426941 73 91 46
10.529268457387115 71 90 50
10.481485420976513 69 88 46
10.506615301249818 70 90 47
10.251282496003723 74 92 46
10.730316496353476 70 90 43
10.51519279850478 71 89 49
9.84819751095529 70 89 48
11.089061855982841 71 92 44
10.306587194162645 69 84 34
10.348926611307796 68 84 36
9.676669939837577 68 82 35
8.758435019186699 64 80 30
9.841727363474211 69 85 39
9.682945889119432 66 80 33
9.676669939837577 68 82 35
8.485755171819452 63 78 26
9.89874007546414 66 84 36
9.8860578549953 70 86 42
10.189603685876728 68 87 43
10.241347353580954 68 88 46
9.195404700380974 68 86 40
9.96142530709855 68 87 44
9.456744155318244 68 86 40
10.697011377088543 67 85 43
10.587942980780575 69 86 45
9.90003298991182 72 90 46
9.375848717765033 68 86 42
10.599894676759105 66 86 44
9.8860578549953 70 86 42
9.03775000696696 70 86 40
10.030387945023438 69 87 43
9.929217292337995 51 66 13
9.373293301952067 59 74 22
9.1454148700189 55 69 15
9.05459701487628 61 74 20
9.30837553753797 51 66 13
10.925132763382807 66 81 31
9.127227406737825 54 67 12
9.543619132400515 54 67 12
9.848035100280482 70 85 42
9.202281286073998 74 89 48
9.308993055585214 52 65 12
9.4051760131691 37 47 1
9.62719844132634 33 43 0
9.164230578955376 43 55 8
8.593800670343247 49 63 5
9.795688107535906 46 57 19
10.30553760094863 46 56 16
9.564585289791177 56 69 32
8.345820634973116 73 92 53
9.393015192346919 71 89 50
8.482601991103422 70 90 51
9.647967584398433 45 57 12
9.619280059962321 69 86 50
9.598569456742078 78 92 53
9.523931098182643 72 90 49
9.07750701843639 72 90 52
9.702814987937684 66 83 44
9.070503508205867 69 86 48
9.170568095894236 70 87 49
9.501143008477197 67 84 46
8.874151398958967 70 88 48
9.301846869346784 51 66 11
8.873932881494712 56 69 15
8.608196137716028 49 66 10
11.614818704227897 58 70 19
11.614818704227897 58 70 19
11.76575897182753 60 75 23
9.805827627960433 53 68 13
11.518611007499878 59 71 18
11.518611007499878 59 71 18
10.519177646698276 69 85 35
9.089531616529317 64 77 25
9.363164108045154 63 78 26
10.013614285104177 60 73 19
10.904054921071976 63 78 25
9.039587468623774 66 81 29
10.1448712180672 75 94 54
10.609962208892389 72 90 50
10.1448712180672 75 94 54
10.36682891094391 68 83 36
10.36682891094391 68 83 36
9.7617020630376 70 86 38
9.269005039031118 74 91 53
10.876598024907642 64 80 28
11.010514344032865 72 89 42
10.99448554288838 72 90 42
11.010514344032865 72 89 42
11.894634979243332 66 82 30
13.35586752850785 75 92 55
11.401937113377901 70 87 36
11.41739391038061 71 87 37
10.166003305986376 76 96 55
8.755060244133038 77 97 55
9.677263956597166 79 99 59
10.593496383757497 75 93 53
9.82207110552396 79 99 59
10.817387703138728 66 87 41
9.546883077602027 66 85 42
10.36785444917546 68 89 42
9.750154363802123 80 100 58
10.400541636551434 79 98 56
10.096536660326986 72 91 47
9.34432583374826 76 96 57
9.723069559540134 72 92 50
9.946662501349023 68 86 44
10.294806292359363 71 86 45
10.427548303444134 73 91 45
10.39393745874224 68 87 44
10.481485420976513 69 88 46
10.83480146131164 73 91 51
10.101576665620728 73 91 51
10.408557334684458 69 89 49
10.469776562619947 73 92 45
9.757981759313711 72 90 48
18.0366004859407 61 65 61
8.971319300712187 64 76 25
9.184506235672348 66 80 33
10.09274764940356 67 85 40
10.055372328573545 67 83 35
10.523947215262579 67 85 43
9.500608842102062 70 88 48
9.650705196304834 72 90 46
10.270502652890402 69 87 41
10.697011377088543 67 85 43
10.128231125104278 69 87 45
8.759747127615997 59 73 20
8.92658460070131 61 74 19
9.63374696810201 63 74 24
9.199373304943263 49 65 9
8.706463728894118 40 54 0
10.104912316343926 65 79 29
10.449105761097393 64 79 27
9.328974587020696 53 66 8
8.75667565362255 43 56 1
9.689356992649937 63 78 24
8.951661224346012 49 62 8
8.948817764175152 44 58 3
9.460914774472402 59 71 25
9.602538002749363 47 59 14
8.918065604394878 52 63 12
9.640170954776332 68 82 36
10.104912316343926 65 79 29
10.636395625753845 62 77 25
9.196927022404264 60 71 19
10.129613258914297 77 87 47
8.345820634973116 73 92 53
9.523931098182643 72 90 49
8.048489277857417 70 90 51
8.874151398958967 70 88 48
10.967135946142488 54 68 12
10.38137544534014 64 80 27
8.1588216234946 61 74 20
8.832664154785274 63 78 25
9.336487520511152 49 64 10
8.73359922576774 53 69 12
11.735742696923628 59 74 22
8.647912144769958 60 74 20
10.770263233881339 67 82 35
11.614818704227897 58 70 19
9.203209759193706 50 65 10
11.629992575210618 59 74 22
11.891431402951254 71 89 45
10.99448554288838 72 90 42
11.323611796466754 69 84 43
8.446946643776931 70 88 48
8.777761282609914 71 89 47
8.903504461706678 66 84 44
10.283269736490078 72 90 47
10.503144719349603 69 90 42
9.750154363802123 80 100 58
10.070383511813898 68 88 44
9.267942222770483 79 99 58
10.320774209848969 75 93 53
9.872361590524143 73 91 51
9.469083337065882 74 93 49
9.267942222770483 79 99 58
8.600311256729459 76 96 57
10.101576665620728 73 91 51
9.331681718576794 64 77 23
9.598413452395105 65 80 30
10.554733223298697 68 86 45
8.976679162312148 67 83 35
9.443871724276349 63 78 26
8.989237051778868 68 84 37
10.241347353580954 68 88 46
10.089900494478588 45 55 11
9.896188065616853 62 77 26
8.48827045558928 71 89 49
9.391827333879487 39 49 5
9.623119760529466 57 71 33
9.594478605568845 71 88 53
7.948345293950976 71 89 49
9.537783355172808 76 96 55
9.161864198561604 68 84 36
10.17582144827268 63 78 26
10.770263233881339 67 82 35
11.122156062072483 67 85 40
9.496892528749198 79 99 59
9.071536049683026 78 97 54
10.869390494848345 71 92 43
10.225525138327065 73 91 45
10.741741361198043 70 89 44
8.684366636971372 79 99 57
10.259687718394467 73 91 45
8.755060244133038 77 97 55
18.566864591275888 40 47 38
10.036837028162722 69 86 44
10.13296440193329 69 86 37
9.455809173971906 66 82 34
9.813488290842509 67 86 44
9.05162086908841 68 84 34
10.370704411282992 68 86 42
10.671515262563025 67 87 43
9.222226857665689 43 59 2
11.162535512317689 63 78 26
8.849732794811228 63 78 26
8.817534851584153 69 87 47
10.396766344900533 71 92 45
10.606057149652898 67 87 41
10.174302981408477 72 90 46
11.122156062072483 67 85 40
9.675887041618603 68 85 47
10.423142460032876 73 88 43
10.121825605139735 70 86 37
10.740181288784754 68 86 44
9.851781305063644 69 88 45
9.500608842102062 70 88 48
9.594478605568845 71 88 53
9.919617847725894 43 58 35
10.064627361123845 79 99 57
9.888470070386413 58 73 19
10.396766344900533 71 92 45
10.019530107388004 74 92 52
9.459561842394583 55 68 14
9.370562333855448 72 87 48
9.284673110471651 52 67 12
11.010514344032865 72 89 42
11.894634979243332 66 82 30
9.015724839403944 53 64 13
9.393174215817915 53 65 15
