15.612756080588102 69 89 45
19.306431305597034 47 68 14
7.4795500378502355 39 60 7
8.233676811550392 40 61 10
7.234182055290222 44 64 21
7.651524269164512 39 58 11
7.797659298524034 49 67 15
7.987200175852862 58 77 25
7.439317623806551 47 66 13
6.4834291048702575 28 46 7
6.448483001188227 15 33 0
7.321278139923627 55 72 22
7.238479723669238 41 60 7
7.757904864686185 59 75 31
15.939966013522945 63 81 36
15.939966013522945 63 81 36
15.390174154564606 72 92 48
16.138682404245824 64 84 40
15.104813296942512 63 81 33
15.308973525668 63 86 39
15.585880123006081 66 87 44
15.19568983910829 64 85 40
15.837806712520337 60 74 30
16.390719505161723 64 81 35
15.331190662739361 61 79 35
14.352355805816568 62 80 34
14.33338054682081 64 84 40
14.231834244954827 61 79 35
14.251319053862392 70 90 46
14.484181061592032 64 84 40
7.842146382886076 37 52 11
8.040724818336685 37 56 6
7.311010783091537 45 66 16
7.629186301393378 56 76 27
8.080881371412273 36 54 6
8.27601058181027 22 35 1
7.480052127617721 58 74 28
7.449993815368659 56 76 25
7.911925680041541 45 60 18
8.264002359538646 41 57 9
7.819593032996933 57 76 22
8.105422631941435 50 64 21
7.5891242699366375 54 70 21
8.071114374315115 50 64 21
7.341852532688597 53 74 23
7.382319897367749 57 77 27
8.058529486575074 56 76 26
8.135689306600293 63 86 39
8.061455424412864 64 87 42
7.382319897367749 57 77 27
8.636793059984702 59 78 28
8.330175113841552 60 81 33
8.71074543087851 63 84 34
8.534449521096997 59 80 30
8.344725980786787 62 83 34
8.756409596851674 64 85 37
8.272368147071504 63 85 37
19.057238127030068 63 88 48
19.057238127030068 63 88 48
8.497443839996134 55 73 28
7.736775861460001 53 71 21
7.121402568258932 57 74 22
6.665412377090741 55 71 22
8.40567212046338 58 75 27
18.50214248847179 63 83 44
8.281443696139343 70 94 54
8.906227148244186 67 93 53
8.5662087739321 68 92 52
9.432665524183594 68 96 59
8.5662087739321 68 92 52
9.493076692115523 69 94 57
9.399261525417513 61 81 34
9.95968219713911 72 96 58
9.134846758379782 60 80 38
9.94970619245787 63 85 42
9.89522742668691 70 94 54
10.371587279720345 66 90 47
9.659658785288121 63 83 39
10.135713097972308 86 110 74
9.972074349899195 74 97 60
9.782411289115144 86 110 73
9.748557073435526 79 103 66
9.468450375538218 80 104 67
10.810538697424832 81 106 70
9.176412224455818 85 110 73
9.271096888915151 70 95 58
10.073287296000476 73 99 63
10.354392790189088 86 110 74
9.611025380877782 76 103 67
18.140641709008 62 77 37
19.444175808560853 67 84 44
18.355810923012257 28 44 1
19.15279556161739 57 73 28
18.292921080935532 68 87 50
18.962678681452115 55 71 25
18.86889246133073 28 44 1
9.197859841195376 67 90 48
9.179866837834117 64 87 45
9.144537551223909 66 90 50
8.486891120617354 67 90 46
9.206839480354233 67 91 49
9.5429334183275 63 86 44
10.124850094076427 61 83 37
10.134438439032518 68 93 54
18.114464067986003 25 43 3
18.406009795851418 63 82 42
17.98163878411834 32 47 6
18.857247548632778 52 67 24
18.857247548632778 52 67 24
18.46720467079104 40 55 13
17.464066829851195 45 60 20
18.661274695074805 54 68 25
19.23386306063909 52 66 23
19.14928440402681 54 68 25
18.09792257569542 45 62 22
17.896603211412874 22 37 0
17.596619515467488 25 40 4
17.8351601706684 53 68 29
18.334157180888596 25 39 0
18.334157180888596 25 39 0
8.324816907951746 58 77 27
8.396722782410649 60 79 27
8.078082103886018 56 77 26
8.324816907951746 58 77 27
8.396722782410649 60 79 27
8.108720523841377 56 77 26
8.034237462263087 57 76 23
8.083724059262343 59 78 25
8.12757015645781 57 77 28
8.12757015645781 57 77 28
8.182792223456245 59 79 29
8.191967010669588 60 81 32
7.975227994267102 59 80 29
8.640575879017074 58 82 31
8.173532803768296 59 80 30
7.599717865718518 55 76 25
8.640575879017074 58 82 31
7.89948635208688 58 79 28
7.868033208506689 59 81 32
8.623100748073705 58 80 31
8.025350318307714 60 81 32
8.588297828844743 65 87 38
8.216176471294258 62 84 38
7.813682605928151 56 77 26
8.520848777166334 62 83 37
8.20990176248183 64 86 42
8.127107424183874 60 81 32
8.20990176248183 64 86 42
8.363420725180427 62 83 36
8.169726390317043 64 86 41
8.899233069984625 67 90 47
8.75450515076641 64 87 43
8.443898275782052 67 89 46
12.771168104447657 60 89 47
13.306341219008461 68 97 56
13.679099655282622 69 94 53
12.706827712066971 71 96 58
12.706827712066971 71 96 58
9.09898870020391 75 100 62
8.985129082209609 72 100 64
8.957488853876741 71 96 56
10.016376128945007 71 99 63
11.574874708900504 74 99 61
13.332132604423373 62 84 36
11.310446293059968 62 82 38
13.043887153969068 75 102 61
13.14705548241949 64 87 42
12.224295695457027 69 93 50
13.296655584861886 63 89 42
13.304122139179798 71 99 58
13.262743223719834 67 95 54
13.841917237460423 70 95 52
11.109578557606591 77 104 67
14.739307370029502 71 91 47
19.62888887728619 46 66 13
7.63186437106477 37 58 5
7.040447456626715 16 33 3
6.390029422791727 47 65 22
6.4521391096603935 60 76 31
6.839978797507218 31 51 9
7.347631379164517 40 61 12
7.1020846816514585 39 60 12
8.036976403810652 58 77 26
15.229776723950321 64 82 37
15.576825906178028 65 81 37
15.443825866113242 70 92 47
15.279528084515285 64 86 40
16.234419540624216 62 82 38
15.420733189059275 64 79 32
15.649227462211732 62 76 31
14.602620046617282 66 84 40
7.9438766068891535 48 67 19
7.553177338561967 56 73 25
8.209326590795857 37 51 8
8.099720779562613 59 75 26
7.549765475113482 38 57 9
7.729978245771662 44 62 14
7.842146382886076 37 52 11
8.034117175393341 37 56 5
7.899364013306738 40 58 10
8.437679000920376 38 54 6
8.155131429412451 55 73 25
8.27601058181027 22 35 1
8.461185450403697 27 41 1
7.755629954017511 56 73 26
7.819593032996933 57 76 22
8.110775957087018 65 89 45
8.330175113841552 60 81 33
8.49366083733832 53 72 20
7.96836785578529 60 80 30
8.49366083733832 53 72 20
8.135689306600293 63 86 39
8.534449521096997 59 80 30
8.833980165355113 54 74 23
8.779491038511608 62 82 32
8.756409596851674 64 85 37
8.320438559772464 64 86 40
18.75054876257754 53 75 32
8.483154928841943 58 74 25
10.08548014097899 63 83 41
9.94787144388335 75 100 64
9.416660442083455 72 98 62
9.719045483103375 77 104 66
8.954192081078924 67 92 53
9.494041897373405 62 82 38
9.866603645855417 88 112 76
9.950619774754962 73 97 59
8.954192081078924 67 92 53
9.554458059121918 80 106 69
9.94063467541028 66 88 45
9.988633638160275 68 95 59
18.140641709008 62 77 37
18.835835730547007 23 37 0
18.552147845747896 47 62 21
19.160669686488863 76 92 44
18.962678681452115 55 71 25
9.51612355651696 63 87 43
9.241930607380246 64 87 44
9.206839480354233 67 91 49
8.914725575927804 67 89 45
9.775659378439627 68 93 54
9.886554093795262 67 92 52
18.81562094787442 68 88 48
18.236933086778084 25 40 0
18.26995493436626 58 73 30
19.462818655132402 55 74 33
18.880863927758412 27 43 0
18.50927441783697 42 56 13
7.749389236797232 56 74 24
8.324816907951746 58 77 27
8.372586196461908 57 78 27
7.749389236797232 56 74 24
8.034237462263087 57 76 23
8.324816907951746 58 77 27
8.372586196461908 57 78 27
8.886013534238742 60 81 32
8.09673363071467 58 79 30
7.89948635208688 58 79 28
8.012966465659673 61 82 31
7.788222105373832 58 79 30
7.800480635864041 64 85 38
8.216176471294258 62 84 38
8.75450515076641 64 87 43
8.799942244188925 68 92 50
8.012497114874206 67 90 46
8.94393494498776 73 98 58
8.25495110418966 59 78 26
12.706827712066971 71 96 58
12.971549389738234 68 95 54
12.814134493907453 67 96 55
8.59854182740909 72 100 62
9.358911177733425 74 100 62
13.001680045655316 74 101 60
12.224295695457027 69 93 50
13.296655584861886 63 89 42
13.405287824830586 62 86 40
15.18201491230062 40 61 14
19.306431305597034 47 68 14
16.137484737773068 46 64 20
7.569638603823908 53 72 23
8.062117810034701 57 76 22
7.768627330139675 39 59 6
15.742310857457632 68 88 44
14.503326853659944 75 95 51
15.134598661993111 63 81 37
15.152570604896681 66 82 38
7.341852532688597 53 74 23
7.848436477602364 58 78 27
7.655175760550433 55 74 25
8.930721126036861 57 74 28
9.904340532924042 65 89 46
9.874975193039331 82 107 70
8.906227148244186 67 93 53
10.003505578658642 81 106 70
9.760216763661154 70 95 58
9.690451811113855 83 108 72
18.292921080935532 68 87 50
18.701076700265766 64 82 44
19.400455094761195 64 84 42
18.801318259477224 51 65 22
17.801331787853503 18 36 0
18.557754719207388 44 58 15
18.26995493436626 58 73 30
18.02055288963185 31 46 6
17.469662230016528 30 45 5
18.48890571461455 36 50 5
7.612773987863853 57 78 28
8.829353076455522 63 88 44
8.396982588371186 57 78 29
8.450444279061381 56 77 24
8.191967010669588 60 81 32
8.936550142800435 60 81 29
8.640575879017074 58 82 31
8.652061469547414 64 86 38
9.221400632961963 71 96 57
9.46203824185012 71 99 64
12.971549389738234 68 95 54
17.708311439663998 53 75 31
7.269629196268261 46 65 15
7.5891242699366375 54 70 21
7.165518952191495 39 57 9
7.351647919059137 55 71 19
8.135689306600293 63 86 39
15.284340530710379 66 86 42
14.701605495658672 65 85 41
8.209178569240313 60 76 26
17.931303733902002 71 91 53
8.281443696139343 70 94 54
9.904340532924042 65 89 46
9.156563635045199 74 101 63
9.482047216096039 67 91 49
8.764983968010377 66 90 49
18.857247548632778 52 67 24
18.661274695074805 54 68 25
18.21917507125388 30 45 4
17.2203864734867 22 37 1
18.368116794670087 26 41 0
8.012966465659673 61 82 31
9.561022773319774 65 87 41
13.264969225776438 64 93 51
9.551360252896533 75 102 66
18.675798666497048 51 74 30
15.561685456846519 67 87 43
18.998393158364582 39 53 8
8.899233069984625 67 90 47
8.652061469547414 64 86 38
8.133446006587354 59 80 32
12.814134493907453 67 96 55
12.771168104447657 60 89 47
7.8129998300170875 58 77 24
7.981292126016096 55 72 22
19.72680950198409 52 70 29
8.133446006587354 59 80 32
13.036271550320821 65 91 45
7.677927259901399 61 82 34
8.486891120617354 67 90 46
10.654496399281681 59 79 32
7.6390260212288315 59 80 31
