15.995595936425017 34 27 7
15.408255137119951 36 27 10
15.332532979958689 44 35 19
16.81982547344737 62 56 36
16.006306436187554 45 51 14
16.025897124554653 48 55 19
15.648006090548696 47 53 17
16.56265622517882 48 55 19
9.864676853167278 35 40 9
9.953785260590715 36 41 12
8.923837591650313 39 40 12
9.23618528252269 43 46 16
9.367597427509464 38 42 13
8.360574423052114 50 56 17
9.075899533084385 41 46 12
8.553050190662542 43 49 13
8.873437284032294 41 46 13
9.120452413364568 40 45 12
8.029223749705043 45 50 16
8.40664775420315 47 53 15
8.795337401397052 45 50 16
8.301397292842976 48 54 18
9.089192642089463 42 48 12
8.586262103117217 42 48 12
8.307206431876292 46 52 16
8.700339777443858 44 50 14
8.307206431876292 46 52 16
9.077132739768265 44 49 19
8.979328882429591 41 46 15
8.898882759726531 41 46 17
9.157133508712954 40 46 16
9.497584256092999 39 42 11
9.157133508712954 40 46 16
8.79660994049102 45 50 17
8.79660994049102 45 50 17
9.04700852503567 42 47 14
8.24979501802317 43 48 16
8.120474963797946 43 48 15
8.228493497245283 44 50 15
9.155346994604468 44 50 14
8.758845056290806 44 50 14
8.990793675857574 43 49 13
9.395350112120182 44 50 14
9.389121339485717 45 51 15
8.927674635081768 45 51 15
9.650989959447609 46 52 16
9.748056370150302 47 53 17
8.632705789798395 50 55 22
7.201155032697244 52 57 25
7.209274443844645 54 59 27
8.663589835082623 44 51 14
8.152793200956841 48 55 19
8.533845072982672 48 55 18
8.45652087272512 46 53 16
8.703104180217078 44 50 14
8.653624232260473 47 54 17
7.972974197028751 48 55 19
8.304908222964075 45 51 14
9.502392356674545 47 53 16
9.205445317364063 46 53 17
9.742843189637036 49 58 21
9.571270916603593 48 55 18
9.571270916603593 48 55 18
8.470786021450872 44 51 12
9.103004440272516 46 53 14
8.831516651831627 45 51 14
8.229858137283932 56 63 31
8.13482193724065 54 61 29
8.451232376659664 53 58 25
8.84341811256551 53 58 25
9.000515632815011 51 58 24
9.59790371252812 53 60 24
8.84341811256551 53 58 25
9.971635880526126 55 62 27
10.673165567653289 53 63 25
7.455390318088508 57 63 31
7.455390318088508 57 63 31
8.274014165445948 54 59 28
8.026742455502118 53 56 27
7.541442662896361 55 60 29
6.490096930820232 56 61 30
7.551230204577531 56 63 27
10.182091763688241 56 63 27
10.234976831412055 57 67 30
10.919259576243013 58 65 29
10.33787961534048 57 65 29
13.414717341207393 59 65 25
13.4402706403426 56 64 23
13.4402706403426 56 64 23
9.901545074764643 41 48 16
8.703326136635324 44 50 14
13.9974398198453 40 53 22
13.47478559228637 40 50 21
9.46673574644039 41 46 18
8.865951351248482 46 49 20
8.813901032918308 44 50 15
9.07430990757911 45 51 15
7.8562014472761925 45 51 15
8.13433435958731 47 53 16
8.46115246479327 45 50 17
8.465037906449291 45 51 15
8.012201952897701 46 52 16
7.618901493604379 45 51 14
7.948672078013422 46 52 15
8.801937106725234 45 50 17
8.813901032918308 44 50 15
9.691315242222014 46 52 16
8.639610779855529 46 52 15
8.822677410202653 48 54 16
9.440251764716292 46 52 16
9.280751354898836 46 52 16
7.061451405472629 52 57 26
7.181349731781236 50 60 22
7.620685700065526 52 57 26
7.695018467687515 53 58 24
7.708596584911071 53 61 19
7.840992407367684 47 54 15
8.40701636667266 49 55 14
7.980721553827668 46 53 15
9.109209533110404 52 60 18
9.135271056292892 50 58 16
8.626034371521778 53 60 21
9.036809827548351 50 58 16
9.172753720290743 51 57 16
7.916442698417771 52 57 28
8.105030504228226 52 59 23
7.195679795068755 52 59 27
8.092018591620896 54 59 26
7.911289882374866 50 60 21
8.179947160446936 54 60 29
7.544287003556361 51 58 22
8.105030504228226 52 59 23
8.15660493249068 49 58 18
8.198563140325035 47 53 13
7.884905153052178 51 58 18
7.862140581325564 51 59 19
8.15660493249068 49 58 18
15.775798331437588 50 41 25
15.995595936425017 34 27 7
15.98485571370521 45 51 15
16.025897124554653 48 55 19
9.48447014884349 31 35 4
9.559599607978823 30 35 5
9.97140178807097 35 38 8
9.23618528252269 43 46 16
8.923837591650313 39 40 12
9.276000945751292 46 52 16
8.848340310072913 42 47 14
8.213065304294128 47 53 14
8.809053896689798 44 49 15
8.727465834606289 43 49 13
8.732991559735199 44 50 14
8.635097898171953 45 51 14
9.013941937475451 45 51 15
9.467963852331808 39 44 13
9.096447184509177 41 46 16
8.972811319597866 43 48 17
9.077132739768265 44 49 19
9.943192969394747 38 41 10
8.81653894962969 43 48 14
9.48886691475096 46 52 16
8.637150138696168 44 50 14
9.395350112120182 44 50 14
8.758845056290806 44 50 14
9.650989959447609 46 52 16
8.630374170141673 44 50 14
9.657049828963771 45 51 15
8.832501374881264 42 49 12
7.1421904310252415 55 60 29
6.675786183082511 55 60 29
8.496998223608184 45 52 15
8.715360478008284 46 53 17
8.45652087272512 46 53 16
9.316973178888414 52 59 23
9.99253208698344 47 54 17
8.700316959612014 50 57 21
7.724299271433779 51 56 25
8.006844710962339 48 55 21
8.755044654623122 54 59 26
10.673165567653289 53 63 25
10.673165567653289 53 63 25
7.543478865934031 54 61 27
8.026742455502118 53 56 27
7.690128854853779 57 64 30
10.320888640813843 57 66 30
10.82188641095646 60 67 30
10.535120271881233 57 64 28
9.49513554770687 41 46 17
9.551824806009597 47 50 17
7.508356595041922 45 51 15
8.9683956112598 48 54 17
8.13433435958731 47 53 16
7.516325848619469 46 52 16
9.085915192545011 46 52 16
8.319217058368247 45 51 15
8.169081558560427 45 51 15
8.844397367513105 44 49 16
9.238890227133123 45 50 17
8.685972148832366 46 52 16
9.945229951785791 46 52 16
9.111893466089715 45 49 16
8.801937106725234 45 50 17
9.191740268359093 45 49 20
8.877829011083543 43 48 18
7.472699591244205 47 57 19
7.518475425386873 48 55 16
7.518475425386873 48 55 16
8.19294145449461 48 58 18
7.2470417088613726 53 58 27
7.712507013214236 50 57 20
7.766559691227479 50 58 16
8.014388928428907 45 52 15
8.249242039519302 51 61 21
7.178881330875227 52 57 26
7.802616201291966 53 58 28
8.36610367186165 50 58 16
8.50542804380059 52 57 28
14.54337919307948 56 64 23
15.669917936958512 47 53 17
9.97140178807097 35 38 8
10.45038931738443 28 31 2
8.635097898171953 45 51 14
9.625428286179206 38 39 10
8.495653126224646 43 48 17
8.228493497245283 44 50 15
8.527010295126855 44 50 14
8.213065304294128 47 53 14
7.668124253407524 54 59 29
8.349872544555579 50 57 23
7.3546340635277145 54 59 28
7.485159169038493 57 62 31
9.195896838577205 52 59 23
7.933968094873295 52 59 26
8.263490004271276 46 53 16
9.276528981780574 47 54 17
9.538432472967024 45 52 13
9.276528981780574 47 54 17
10.182091763688241 56 63 27
7.450446066703168 45 51 14
9.01461825278335 45 50 17
7.791399672071574 45 52 16
8.958200149203368 46 52 16
7.363918898811924 51 58 22
7.844836840392147 45 52 13
7.850682511491243 52 60 18
8.249242039519302 51 61 21
9.705495585217433 31 32 8
8.113267494415464 44 50 16
8.610497966654718 44 50 14
9.259378483173855 42 47 20
8.538899224628503 47 54 18
8.342603521055418 47 54 17
10.229259334761775 57 67 30
8.627887885361776 43 50 11
8.703104180217078 44 50 14
7.582648386702183 57 64 30
10.146961949875553 35 42 10
8.077401947801741 45 52 16
7.504420103482684 52 59 27
7.914502450204436 51 55 25
7.235125227153644 53 58 25
7.920620415582204 54 61 22
8.552976273984113 49 55 16
8.517882672135062 50 56 22
7.849430600883601 57 64 30
9.13740787955157 49 56 19
8.681230367027911 53 60 24
8.477477298404002 46 52 16
9.074699190631032 50 56 15
8.465089139106647 46 52 15
9.27831355903943 40 44 13
13.46359564913197 59 66 27
13.344348824360857 59 65 26
8.058969062793915 52 59 20
7.579581052017204 52 59 27
9.582788752772553 42 47 18
6.608827065421597 56 61 30
7.3307318599993945 50 55 24
8.676354874752054 43 49 13
9.13740787955157 49 56 19
8.783678392227014 53 60 24
