9.781491801494012 61 70 35
9.562599337321306 54 61 25
9.810423406390264 63 71 20
9.858074083869061 71 79 30
9.763317704281544 57 65 19
9.811197165745796 62 70 26
10.955606512128009 59 67 17
10.302361687192791 63 71 23
10.494334906390861 62 69 18
9.91044911929422 69 77 29
10.493029088922004 67 75 27
10.302730101287818 63 71 26
10.876366450175414 66 75 24
10.921770135831043 61 71 19
9.586952536723716 63 71 17
10.958835168699235 65 73 27
9.728309517165243 64 73 19
10.876928353746901 65 74 23
10.078552638755664 65 74 19
10.275672559312637 65 75 24
11.011121089287148 66 76 26
9.426510458586263 66 74 22
10.260223843049163 65 73 27
11.006318029388035 65 75 26
9.633185124957816 69 76 29
9.196693008230742 69 77 29
9.699491315804966 69 77 33
9.900273229578332 64 73 20
9.872960559234482 67 75 31
10.599068565835667 66 75 24
8.964377776709988 67 77 28
9.393972888954687 67 77 31
9.85881164861458 74 85 41
9.438771956348265 72 84 40
9.822323719798995 73 84 41
9.393972888954687 67 77 31
9.75622590292048 67 76 26
9.473526066684537 72 80 35
9.317214117199976 72 82 40
9.197357530382419 74 84 39
10.193236371984568 67 75 22
9.645183889891308 68 78 38
10.239702545464493 69 79 35
10.147762007397997 76 88 44
9.557149877050325 57 62 59
10.183191853391584 55 62 55
10.794007910843897 53 59 57
10.924032301517844 54 61 52
9.99053244868045 54 62 47
10.512909743178877 53 61 37
9.557149877050325 57 62 59
8.793834349483669 57 61 59
10.62988498851876 54 61 56
10.45689748341482 56 60 58
10.235242014362916 57 61 60
10.315053939598421 54 62 47
9.26936468884717 54 62 27
9.420456288317007 53 63 26
10.019618085065954 55 62 26
10.596197633369457 55 63 14
9.734094096850288 55 59 55
9.848040642911965 57 65 17
9.587946231654149 56 60 55
9.848040642911965 57 65 17
10.031533003232118 58 66 16
9.88939776950277 62 71 19
9.313291870968463 61 70 19
9.568765877535718 60 69 17
10.59583942305565 59 68 16
10.018860422128474 63 71 17
9.268545696189799 63 74 20
9.672315607590962 62 72 18
9.87685044411448 58 62 61
9.319865757103207 58 61 57
10.060194619993087 58 62 61
10.61835743435467 57 61 60
9.924415548212554 57 60 55
9.319865757103207 58 61 57
9.457774415744588 57 62 32
9.654250702860967 56 60 55
10.113780413715038 58 62 60
9.357907372405078 57 60 57
9.606298092949318 57 60 57
9.288346023074158 56 63 29
9.197813601748795 57 61 44
10.053280098047734 60 69 13
9.90719124439198 61 69 19
9.623826201029612 61 68 17
9.98970248818149 58 66 17
10.404429681188788 58 66 18
9.726789786017783 60 70 19
9.456971739760277 64 73 19
10.053280098047734 60 69 13
10.594553590621835 59 67 23
9.287528704228546 64 73 21
9.351037680004755 58 65 19
9.37589985481584 56 62 28
10.053280098047734 60 69 13
9.717241928070049 66 73 34
8.882025843427245 71 78 39
10.335506865161113 78 89 51
9.98798875601056 72 83 43
9.386808270104599 74 85 48
9.91721116665661 73 84 48
9.91721116665661 73 84 48
9.176366237491516 66 76 36
9.638599812075997 70 77 40
9.91721116665661 73 84 48
10.098465861419827 69 80 41
8.810262777220894 70 81 44
9.928251139456883 70 81 45
9.961756910894445 74 83 54
9.415819989354619 73 80 44
9.69498812652604 72 83 47
9.292611908889546 72 84 47
10.134265016939773 73 84 49
9.049146020181619 71 83 45
9.54126632490645 74 82 49
9.690946773205349 72 84 40
9.55007417253975 72 83 41
10.134265016939773 73 84 49
9.736057868427674 74 83 50
9.350027276167653 70 81 42
9.635563054915673 72 84 47
9.411255466371323 72 82 46
9.373347215804955 71 80 45
9.255698262719054 72 84 45
9.690946773205349 72 84 40
10.196341947333394 70 77 40
11.536052427582694 65 74 20
10.732839693999571 65 74 22
10.922088068211165 67 75 27
10.593829571980171 66 74 26
11.18271433711003 64 74 28
10.868462353122888 64 72 22
11.188666439341581 65 73 23
10.922088068211165 67 75 27
10.61875606625945 74 85 38
11.206331038300027 72 83 36
10.92083339783326 66 74 26
11.021619856493622 68 78 27
10.925674037886285 67 78 27
10.925674037886285 67 78 27
10.394222266643586 80 92 48
11.007218132858014 65 73 25
10.313581965149071 64 72 14
9.586362611340876 64 73 21
10.9020814437795 66 75 23
10.787139646152912 66 74 24
10.836639503159976 65 74 20
10.438444849962726 66 75 21
11.499103589935594 64 72 24
10.577198743644695 66 74 26
10.232351059644287 67 75 27
10.494629862004125 65 74 20
10.38166525129235 63 72 17
10.030097124910391 64 73 19
9.604717498480888 66 75 23
10.111528421528606 66 74 26
9.628530490892562 66 74 25
9.994234561426058 65 73 23
10.443220265969615 62 70 26
10.92755877897218 68 76 28
10.577198743644695 66 74 26
11.002420566280598 65 73 25
16.708324725115737 70 81 32
16.708324725115737 70 81 32
9.593030432615034 77 89 49
10.656483495338001 76 90 49
10.656483495338001 76 90 49
10.821397289536524 77 89 47
11.189655507516775 75 88 47
10.688205417136327 78 89 51
10.10603700567093 78 89 50
10.146716656398507 78 91 51
10.836396252489516 76 88 46
10.904353220589634 69 80 31
10.904353220589634 69 80 31
10.986055570656804 66 74 24
10.664370309803957 70 81 32
10.659411007448586 68 79 30
10.056043582018319 75 86 40
10.002681567840122 77 89 44
9.345753361153939 75 87 43
11.244593613372329 65 75 29
10.299933758058012 66 77 28
10.391481335279922 67 75 27
10.424009732054268 68 80 33
10.741066592943668 69 81 34
11.249294938297504 66 78 31
10.30506605991903 68 80 31
10.406735202656364 80 91 44
9.979459149579139 81 93 45
10.183091671836744 76 88 41
9.395356933702777 75 86 44
10.148067036227403 76 89 48
10.164059671939437 77 88 50
9.666894897868302 73 84 45
10.148067036227403 76 89 48
10.341394197872049 56 63 29
9.98235320000379 57 65 24
11.256560672746582 57 64 25
9.7671798947499 58 62 40
11.14025926978581 59 66 32
11.40604161801124 59 66 30
10.181481121237432 57 63 33
10.355622317069376 63 75 29
11.110685957626059 58 69 24
10.20577655590584 57 67 21
11.000900881733141 61 71 25
10.372870483502055 70 78 45
10.456799924101894 66 79 34
11.08666176677204 61 71 25
10.077884600290167 67 79 39
10.480125508127129 57 64 34
11.08666176677204 61 71 25
9.617348077350762 69 80 40
11.210104183862754 60 74 30
10.029912019546057 69 80 40
10.290218776087613 66 77 39
9.704047588400524 71 83 37
10.040828077599116 68 79 39
10.048212161466015 66 77 39
9.329786334864012 67 77 40
9.913339027636152 70 81 38
10.418899834348883 64 75 36
11.550458849460016 59 67 18
11.945500230912751 60 68 24
11.118660071739459 63 73 27
10.623414939449187 66 76 37
10.766602423481203 64 73 44
10.15488550902568 68 75 38
10.613673957008753 69 76 46
10.337822237929192 67 74 35
10.837697823607261 74 81 46
9.752408751040832 67 74 35
10.072283618543615 53 62 34
9.781491801494012 61 70 35
9.817358265671002 63 70 31
10.111222290425909 64 72 22
10.058530381562043 66 74 24
10.449949239270829 60 69 17
9.763317704281544 57 65 19
10.607282428717058 62 71 17
10.872066010360276 64 74 25
10.457443756870052 67 75 24
10.958835168699235 65 73 27
10.078552638755664 65 74 19
11.09203703046109 64 72 23
10.412135584720385 66 74 31
9.97010718261769 67 76 25
10.30151256365867 65 74 22
10.374108665179538 68 75 29
10.2477972762822 68 76 32
9.773248155963355 68 76 28
10.147762007397997 76 88 44
10.095260818284544 71 81 37
9.236314709234131 71 82 36
10.012939123576935 75 87 44
10.24018057085392 47 56 27
9.600155661115485 55 62 56
8.793834349483669 57 61 59
8.840554140516504 57 61 61
9.544885436496676 57 60 55
9.420456288317007 53 63 26
9.673100414310609 55 62 25
9.978800671001514 53 60 51
9.925405788277937 54 62 41
10.789250621941688 57 62 49
9.88939776950277 62 71 19
9.847655218284286 61 69 19
10.018860422128474 63 71 17
9.618484227109716 58 62 60
9.691132464899356 58 62 61
9.03790753856608 58 62 61
9.205376919986737 56 61 33
9.37589985481584 56 62 28
8.985063885848575 57 64 18
10.53388293322508 58 68 16
10.066208988875228 61 68 18
10.438883123070916 57 65 20
9.623826201029612 61 68 17
10.088932777857886 58 69 17
9.387946672471434 73 84 46
9.640334249648646 73 84 47
9.235166189866831 75 86 49
10.397045053879152 74 85 50
9.518275912929674 76 87 49
10.076746797757949 74 86 44
9.861787690214292 70 77 41
8.941653418295108 68 78 40
9.95866217266673 79 90 53
9.965423612668095 71 83 42
9.976332110491006 76 87 50
9.69498812652604 72 83 47
8.79669383230595 69 79 39
11.406834912235968 65 76 27
10.922088068211165 67 75 27
10.922088068211165 67 75 27
11.007218132858014 65 73 25
11.23484017660765 66 74 26
11.715673727830858 71 79 29
11.715673727830858 71 79 29
10.048319366538742 65 74 22
10.313581965149071 64 72 14
10.466064532591004 67 75 25
9.586362611340876 64 73 21
10.577198743644695 66 74 26
10.232351059644287 67 75 27
9.976215873418548 67 75 29
10.494629862004125 65 74 20
9.768660260259864 64 72 24
10.38166525129235 63 72 17
9.768660260259864 64 72 24
10.030097124910391 64 73 19
10.814578052085361 62 71 17
10.577198743644695 66 74 26
16.708324725115737 70 81 32
10.821397289536524 77 89 47
10.523153783023727 78 89 49
10.741066592943668 69 81 34
11.32850980716271 66 74 28
10.824001542693273 66 74 26
10.183091671836744 76 88 41
9.722100130232947 75 87 42
10.406735202656364 80 91 44
10.30506605991903 68 80 31
10.30506605991903 68 80 31
10.148067036227403 76 89 48
9.654136830179773 75 88 48
10.031200427724867 72 83 42
9.395356933702777 75 86 44
9.591797781312062 57 61 46
10.466213466708664 56 64 23
10.693327058537465 57 63 38
9.851405231473008 56 64 31
11.033696660669678 55 64 39
10.29061871797177 58 61 56
11.19913795072252 57 65 19
10.347575499639788 67 78 40
10.602953825929115 57 67 22
10.394960188128946 69 81 35
10.234621354879977 61 75 31
10.418899834348883 64 75 36
10.110442033312422 65 77 37
11.033147912985006 65 75 29
10.706552218403443 63 72 38
10.494334906390861 62 69 18
10.864294972745624 57 65 16
9.768073529971344 71 81 35
9.157567276373548 70 78 33
9.83347022269322 71 82 41
9.728309517165243 64 73 19
10.321175503624168 63 73 21
9.511352164780988 71 79 33
9.897817410935591 70 78 34
10.518194467470341 65 75 27
10.147762007397997 76 88 44
10.111107920716389 63 72 20
10.473547518635831 69 79 32
9.968049353762419 67 74 35
9.744991046930123 69 77 28
9.166702328478662 57 61 43
10.755776672751995 55 59 56
10.269154266062023 57 65 15
10.956505573616692 53 60 47
10.62988498851876 54 61 56
10.50161521905312 56 60 57
10.269154266062023 57 65 15
9.494701947419758 59 62 57
9.734094096850288 55 59 55
9.357907372405078 57 60 57
9.394823433971114 58 62 59
9.224816897348271 55 62 28
9.987306731190458 75 85 50
9.754749500064932 71 82 44
9.437328475226673 72 84 47
9.786403905899888 74 85 48
10.099446876663485 79 90 52
9.949111685821125 73 85 39
9.928251139456883 70 81 45
10.25136939222534 73 85 40
9.272245632982981 70 80 44
9.205342161285685 73 84 45
9.448929151675998 74 84 47
10.167989633762643 74 84 50
9.861787690214292 70 77 41
11.188666439341581 65 73 23
10.089231736718222 62 73 19
9.768660260259864 64 72 24
10.510382144551931 67 75 27
10.443220265969615 62 70 26
10.284927508275375 78 91 51
10.516825033997863 77 90 50
9.666894897868302 73 84 45
9.817254350916498 74 87 47
10.30506605991903 68 80 31
10.88046485365657 76 88 48
10.747897094167026 66 77 28
10.762645826354234 73 85 39
10.736142718646136 66 76 30
10.986055570656804 66 74 24
10.66890057409163 55 65 23
11.234034736937417 59 66 28
10.266681760431174 65 76 39
11.118660071739459 63 73 27
10.439535952722208 66 73 34
9.661696759458572 67 74 35
9.815424967127905 65 73 25
10.347747270016734 71 79 33
10.443576128792982 68 77 25
9.966441882687201 54 61 26
9.711990157791124 66 75 27
9.889202023229025 64 72 18
10.538784063442163 62 71 19
10.607282428717058 62 71 17
9.906229573014116 70 80 35
10.876928353746901 65 74 23
9.17963946122686 58 65 17
9.419650432346366 61 72 18
10.468240255067919 57 61 55
9.596476178234276 67 78 38
8.969091656847345 69 80 42
9.354538359455681 71 82 46
9.291137197496626 75 84 51
9.22040935222009 70 77 40
10.299933758058012 66 77 28
10.35962029526453 76 87 46
10.524529916954684 73 85 38
10.664370309803957 70 81 32
10.26738194839055 67 75 29
10.732839693999571 65 74 22
11.499103589935594 64 72 24
10.899503111631807 68 79 30
11.225761570705902 61 68 17
10.394222266643586 80 92 48
10.664299301275486 58 64 38
10.456799924101894 66 79 34
10.311743847107586 58 65 33
10.602953825929115 57 67 22
10.664299301275486 58 64 38
11.292424483341975 62 71 20
9.9966670141914 66 73 34
10.591717635540464 67 74 41
10.36696434887911 68 75 43
9.917555549111599 57 65 18
9.456971739760277 64 73 19
10.004013702373864 73 82 47
9.337931539021223 56 60 41
10.44827460543426 64 72 24
10.268784647363857 61 69 19
9.918320950755861 56 63 24
9.361736133279308 70 80 43
9.789473485672525 75 84 52
9.640334249648646 73 84 47
9.889781567339622 57 65 17
10.157096071341973 64 72 26
11.14704582688579 65 72 19
10.048212161466015 66 77 39
10.293174740276864 66 78 31
10.146716656398507 78 91 51
10.089952404100321 76 89 48
9.255698262719054 72 84 45
10.148067036227403 76 89 48
9.94351654987993 54 61 56
10.45238627535303 65 73 25
11.519660019852184 58 66 23
10.35417936437172 57 66 15
10.607939522532023 59 71 26
9.288346023074158 56 63 29
