12.447722037205677 11 21 19
10.484642032798144 38 51 33
11.115600006706943 50 63 47
10.462535308762726 33 48 27
13.011709136213298 11 21 21
10.805072084655853 22 33 24
12.646875220430594 11 21 21
10.93689723734085 46 61 49
10.79750630213424 29 43 32
12.280455662013772 15 23 23
11.221201105005834 2 14 5
10.63732333396626 29 47 32
10.25921134690468 29 47 28
10.547840084598985 46 58 49
10.939447375572222 43 66 37
10.67907598670073 40 63 30
10.520911283844772 37 56 35
9.896425214784607 38 58 23
10.73298290030298 37 56 30
10.58881810571028 39 54 40
10.058654259103623 40 61 25
10.697392925874746 38 59 30
10.388785670851581 36 58 31
10.651938520573628 39 62 34
10.339114511376973 39 57 34
10.74113009995148 42 66 37
10.398777925877866 42 64 36
10.939447375572222 43 66 37
10.816154922215313 39 57 39
10.503846129520912 36 53 31
10.43042937665858 33 47 29
10.85188588702031 40 62 36
10.67907598670073 40 63 30
9.02188790866 31 55 25
10.237180152149023 39 63 33
10.202465786508263 31 55 28
10.27751111194052 35 58 31
10.986404676619154 40 64 35
10.633543283649782 41 65 36
9.954872702670997 37 60 31
9.799267190152833 32 54 26
10.870756348514234 41 68 38
10.232689726829268 42 68 37
10.870756348514234 41 68 38
9.954872702670997 37 60 31
10.699204486670624 42 66 37
10.619444886924322 42 66 37
10.619444886924322 42 66 37
9.077267899033275 33 56 26
9.679811808296932 36 60 33
10.60966045967492 34 60 33
10.27088321456393 30 54 28
9.51971131818956 31 54 28
11.402188525839327 39 67 37
9.450364772935853 35 57 26
9.037729216366303 34 56 25
9.939577220323052 32 56 27
9.912648478684707 33 56 26
9.232435884075395 35 58 30
8.720762835622539 34 57 24
9.365127226640478 38 64 32
9.688604047082496 36 60 31
8.02503113456104 34 55 16
9.417087773056641 36 58 17
8.02503113456104 34 55 16
8.651231227141725 34 56 15
8.153075904139365 36 57 18
12.553296817891068 40 65 30
8.351619738055668 31 54 13
11.281841933039438 43 68 36
11.106371117069289 44 69 38
14.722898041768724 39 66 34
13.609805296811858 47 74 43
12.092047709780823 42 67 35
13.998896753342976 41 65 31
11.977022516018925 39 63 27
12.856345823726265 39 63 28
12.752052377307713 39 63 30
14.046292115897066 43 68 36
13.889822430769152 45 72 42
13.360527900032665 42 68 36
11.115600006706943 50 63 47
11.402615356922034 0 4 0
13.163307515039557 10 19 21
10.929422709831172 37 53 41
9.36069295016517 31 50 25
10.190715557708316 31 49 34
9.75130642788325 29 50 28
9.47932143696142 31 51 26
10.189943537277058 41 64 36
10.939447375572222 43 66 37
9.851940381942352 38 58 33
10.314549974851154 32 55 29
10.697392925874746 38 59 30
10.166629842193366 39 57 36
10.43042937665858 33 47 29
10.593700995106547 37 57 31
9.60782946760811 37 58 19
10.274632693435342 37 56 26
10.0015574014161 37 55 32
9.516314040677752 34 56 25
11.216157476691754 40 64 36
10.34543225478763 34 58 32
10.699204486670624 42 66 37
10.870756348514234 41 68 38
9.467527976361035 37 59 29
10.326491033142542 40 64 35
9.775610671216146 32 56 28
11.563315706143792 42 70 40
9.712472489019165 33 57 29
9.439005687973454 32 56 26
9.037729216366303 34 56 25
9.865822465681642 37 61 31
7.747900984386666 33 57 17
9.793816191751395 37 58 20
7.802782441125493 32 52 11
7.853536162843914 32 54 11
11.179459930750534 43 69 39
13.769457333676673 44 70 37
14.937700016907941 40 65 31
14.573694511053233 44 70 38
12.45589961786759 39 61 27
9.647439743594143 34 55 23
11.182540668982137 0 6 0
10.035035553472925 34 53 27
10.849884972619936 7 15 10
10.972759664715568 39 63 35
10.929422709831172 37 53 41
10.029838274894347 39 59 34
10.520911283844772 37 56 35
10.398777925877866 42 64 36
10.633543283649782 41 65 36
10.543441619663383 38 61 32
11.563315706143792 42 70 40
11.441538461031929 43 68 36
9.78762107936139 35 58 28
9.207323111781848 36 60 29
13.769457333676673 44 70 37
11.166050836550337 39 66 35
12.088004651507575 36 61 23
14.046292115897066 43 68 36
13.67021802365878 42 68 34
10.566929327245782 37 54 34
10.433264812728218 27 49 26
9.495358345678985 33 57 30
10.74113009995148 42 66 37
9.173721598351817 31 50 24
11.327379937020401 41 67 37
12.228934119945661 39 66 34
12.482797098248392 36 61 22
13.193947262923427 41 66 32
13.718748948381588 41 67 34
10.939447375572222 43 66 37
10.598904849027708 40 65 34
10.334668376748683 40 61 29
9.876622932510768 39 60 23
11.049969303160015 40 64 37
9.838106728006508 29 49 26
9.211941488070297 32 55 24
10.870756348514234 41 68 38
10.322469742928893 28 50 28
11.34059827771192 44 68 39
13.1685024308446 41 65 32
