9.793280637172149 25 33 13
10.622972855127479 23 33 10
10.202216696445113 26 34 12
10.488594227621855 26 34 12
9.844410583776783 25 35 12
12.04610406342103 20 32 9
11.059343356175642 19 31 8
10.682354478781074 21 33 12
9.151903433904886 27 39 15
9.378364181613565 25 37 13
9.378883937403861 24 34 10
9.642978605778264 27 36 10
9.845310672739947 25 37 13
10.30653722799008 21 33 10
9.158553274041228 27 37 13
10.003285817399385 29 37 15
10.238557217896256 25 35 11
9.373865205193184 31 39 17
9.373865205193184 31 39 17
9.147293076406768 32 40 18
9.681418531104283 29 39 15
10.281554668325684 32 42 18
9.88862897712775 31 39 17
9.88862897712775 31 39 17
9.741800170074137 27 37 13
10.030562161117569 32 42 19
9.207125488196917 31 41 18
10.82459022027445 19 29 3
11.424597984127093 21 31 7
11.475811294987729 18 28 4
11.78060630101754 20 30 6
10.196075269648352 31 41 16
9.972322129341185 22 32 2
10.071616526805817 26 36 8
10.714786208867043 20 33 4
10.567627288163042 23 33 10
10.376174502831393 24 34 10
10.819341016626698 29 38 12
11.47170997942361 26 34 11
10.606233616791647 30 38 15
11.003528452760076 21 31 5
10.988786887305375 27 37 13
10.375704704977318 28 38 14
10.08554428676614 20 33 6
10.688799941525131 23 33 7
10.402941729385397 33 43 18
10.15756928316882 24 34 5
9.826345149401293 33 43 20
10.566243369171874 36 46 22
12.25263570007806 34 44 20
12.25263570007806 34 44 20
11.143455475942943 34 45 15
11.842514737467766 33 46 19
11.024338292827474 31 44 15
12.550559207384445 44 55 29
11.699817112107427 34 44 18
12.275161628629974 41 59 34
11.999329547374217 33 43 15
11.369907170863309 30 43 12
11.57218018454904 39 49 19
10.260645708762747 41 50 20
9.715389270574667 34 44 14
10.194663540239658 40 49 18
9.588582475372032 34 45 15
12.037950192923894 20 32 13
10.673158808472861 22 34 13
9.12633350777269 32 42 21
10.144968854286702 25 37 13
10.03662114375724 23 35 14
8.853708399581539 29 41 18
9.95457608518024 29 37 15
9.615756292374599 30 39 21
9.578496086296646 26 38 17
11.43287267947377 22 29 21
11.085901261340464 27 34 20
10.422857624257217 27 36 17
11.938339442063347 38 44 37
10.548768942637682 24 33 16
9.196454833029579 29 41 20
9.352892192590854 32 40 18
9.611368437246636 32 40 18
9.720618069758334 32 40 18
9.181709349951124 32 40 18
9.8034385971213 31 39 17
9.691273355777106 28 38 15
9.86496882300523 32 42 18
10.010965025867339 31 41 18
9.845537189421437 31 41 18
10.180853812299933 27 37 14
10.971096852483054 26 36 15
10.858963640917946 28 36 17
10.858963640917946 28 36 17
11.696961238930895 18 24 15
10.533125135575174 29 35 19
9.842362951657726 32 42 19
9.93297885825919 39 49 35
9.669592153120877 40 53 36
10.31725830719804 39 51 27
10.438788742893193 39 49 25
10.931184833313372 33 43 19
11.842439758398278 38 48 24
10.915811444408794 39 50 26
11.3875998757944 33 43 19
11.080416059919356 33 43 19
10.811738702411962 41 53 29
11.109283739761954 35 45 21
10.447456128766477 43 56 36
13.29172087506617 40 59 34
13.400434869471352 40 58 33
12.542733281012167 41 57 33
12.03629026597583 43 56 33
12.657881695958613 41 58 33
10.62689581423772 32 41 19
11.2341436549121 33 43 19
10.309721116356283 28 38 17
10.29371402427573 33 43 21
11.14142571710106 34 44 20
11.612344673183893 34 44 21
10.641222553170733 36 46 22
9.903159134093636 34 46 23
10.60580217875468 31 39 20
10.628940290803035 34 46 23
10.119704699513544 34 44 20
10.28101661767539 35 45 25
10.641222553170733 36 46 22
10.926060105932462 31 41 18
10.493031993942944 31 39 17
9.52093790146757 36 49 27
10.20420340263242 41 53 34
10.195054585982493 38 51 32
10.080907004996948 34 46 25
10.175955453611007 34 47 26
10.558193630747382 37 51 29
10.540502578249763 36 49 31
9.322526709227228 35 47 24
9.024197745312087 42 55 35
8.898575639626957 45 54 30
10.285895872525671 43 56 35
9.514440860497373 40 56 38
10.444351205378874 45 55 28
10.238797564605214 44 51 20
9.628666260652842 44 56 34
11.157905284142712 21 27 15
11.446455423894617 16 21 12
11.716765231575643 18 23 13
10.86371750645341 21 31 8
10.543892329810168 26 34 12
11.084101292802007 20 31 8
9.900925783606967 24 36 13
10.056168281319648 22 34 11
10.155602871840708 22 32 9
10.29567189081813 25 35 11
9.476008243749606 31 39 17
9.730713946960135 32 40 18
9.79079157661992 32 40 18
9.67412036248456 32 40 18
9.641967538571034 30 38 16
10.94004093638813 24 34 11
10.084577590741288 27 37 9
11.347816337571485 25 34 10
10.403878844047915 26 35 9
10.30683975878678 30 39 13
11.079854982937928 27 35 12
10.375704704977318 28 38 14
10.96652422984516 29 39 9
10.126564560937853 33 43 20
11.488849323357313 27 40 11
11.923374134698738 43 54 26
11.727160168019466 37 47 19
11.324968189600407 29 42 13
9.162459444675951 39 48 17
9.728792224396308 28 40 19
9.891003645386094 24 36 13
11.114754694810438 26 34 18
12.037950192923894 20 32 13
11.208128200714492 23 30 21
11.321587215378912 19 27 15
11.43287267947377 22 29 21
10.40105883922635 30 38 16
9.963945709746453 31 39 17
9.7807577128441 32 40 18
9.196454833029579 29 41 20
9.630574929730217 28 38 15
9.86496882300523 32 42 18
9.720618069758334 32 40 18
10.247400606875946 29 37 15
11.389928107044641 24 30 16
10.759828964367346 30 38 22
11.058770762781238 29 35 22
9.776255300364303 31 39 17
10.915811444408794 39 50 26
11.109283739761954 35 45 21
11.502955971436785 34 44 20
10.811738702411962 41 53 29
10.147054276555727 42 56 37
10.111752009035147 44 56 33
9.738320573627368 38 51 29
13.260199863184454 45 59 35
12.23822267476362 42 56 34
13.260199863184454 45 59 35
11.008731097057304 30 38 18
10.012951108754832 35 47 24
10.948521420220517 35 45 21
9.994294960828896 37 47 24
10.948521420220517 35 45 21
10.007356168574354 34 44 21
10.896985159920648 29 37 18
10.746946689491056 32 45 18
11.418958478352314 34 44 20
10.328100935119188 33 43 20
11.706117113712589 33 43 19
10.03872907395331 40 55 37
9.515053657336374 37 47 26
10.454129503369577 37 50 30
10.175955453611007 34 47 26
10.540502578249763 36 49 31
8.62251152536716 40 55 36
9.529501050521876 40 55 38
9.233066439453546 38 55 39
10.304497136251978 43 52 21
9.94473946517287 45 55 31
9.728635387238711 46 55 27
10.080328607208608 43 56 37
11.38364134498738 20 27 17
10.82639766219864 20 32 11
10.630828193542023 22 34 11
9.949712839063105 26 35 9
8.875861025485088 28 38 14
9.588741603289371 26 38 14
9.749956566109322 24 34 10
10.587491426657369 26 34 12
9.373865205193184 31 39 17
9.819154699290124 32 42 19
9.843420206683072 31 39 16
10.336237375972718 23 33 9
10.238557217896256 25 35 11
10.030562161117569 32 42 19
11.147205630931346 21 30 4
10.699646832753004 36 46 22
10.714331258338408 23 36 7
10.70055796312889 27 35 12
10.375704704977318 28 38 14
9.969654076457974 33 43 19
9.72454668267278 25 34 10
11.341702867049037 30 41 11
12.50673207869811 41 57 33
11.085822912399497 28 41 12
9.554611428471135 38 48 18
9.162459444675951 39 48 17
16.160956802954278 40 54 30
9.578496086296646 26 38 17
11.831809160238297 22 29 22
10.673158808472861 22 34 13
9.444871489716192 32 40 18
9.544429438965297 39 51 28
10.915811444408794 39 50 26
9.990561301274765 34 46 25
10.380390596698676 37 49 33
10.4073241591404 42 55 35
11.587950651807365 31 39 17
10.493031993942944 31 39 17
10.238797564605214 44 51 20
10.304497136251978 43 52 21
11.120775877120577 20 26 15
12.06415489010785 29 32 24
11.372160944633732 22 28 20
9.885348531341196 31 41 17
10.053427387181854 23 33 9
9.5382014658518 28 36 12
9.147293076406768 32 40 18
10.954403117359439 21 30 4
11.727160168019466 37 47 19
11.143455475942943 34 45 15
10.714331258338408 23 36 7
16.160956802954278 40 54 30
10.252864556767193 31 41 18
9.7807577128441 32 40 18
10.238290390815703 28 38 15
9.496934987951033 33 43 22
10.269525562375787 27 37 16
13.29172087506617 40 59 34
11.917858027252706 41 57 34
12.542733281012167 41 57 33
11.338326882939935 28 34 20
10.007356168574354 34 44 21
11.22583424909122 33 43 19
10.759828964367346 30 38 22
11.3875998757944 33 43 19
11.316216256335856 36 46 22
10.402970447628128 31 39 18
10.329911166031405 38 50 26
9.715389270574667 34 44 14
11.699817112107427 34 44 18
10.287682606814542 30 40 17
9.405302622813416 45 55 29
9.646341475020382 24 36 12
11.110040466061076 20 30 6
10.819791551706562 23 33 7
10.282835137500161 36 51 28
9.916340381200898 34 46 22
9.64691073889621 39 52 39
10.003773104829175 27 35 12
11.488849323357313 27 40 11
11.938339442063347 38 44 37
