23.835606411487184 44 55 15
13.419706470191494 52 65 22
13.466490438975569 61 73 28
12.983959784576728 54 68 22
13.46426600450739 56 70 23
12.610233777611935 54 68 21
15.330524544825476 39 47 10
14.887561390861725 42 51 15
15.030234438650153 43 50 13
14.525245145355923 49 60 22
15.304234494974622 50 61 24
15.247559037146882 49 60 22
14.534483466803842 47 58 20
14.605174266323603 43 53 15
14.534483466803842 47 58 20
15.425664665195555 51 63 27
14.712097753361652 52 66 30
16.52658681048997 49 59 22
14.655176188687204 49 63 26
13.42825992631101 46 59 21
13.417601578463467 44 55 18
12.711255156179153 42 52 15
12.721810828635974 40 51 14
12.711255156179153 42 52 15
16.871604875628496 42 55 24
16.580697035813653 47 60 26
16.161857774514182 52 66 37
15.85471437295656 42 55 25
15.85604629580924 51 64 34
15.857935232486382 55 69 39
16.281456793476757 40 51 16
16.758866563421066 46 56 19
16.637829552070247 42 51 20
15.669661418564413 40 51 27
15.548778595109777 59 64 47
15.669661418564413 40 51 27
15.611041288038955 61 67 45
14.440487140510829 53 63 41
14.980838656949784 58 66 50
14.59748395893546 55 63 47
14.10118237246549 46 55 23
14.874570886442033 50 58 37
14.240205005499199 48 58 22
11.958654658614524 47 56 26
12.79654555913751 47 55 22
12.948606220745658 54 62 41
12.12370206495281 61 68 56
10.406839067873305 46 56 16
10.406839067873305 46 56 16
15.447620883949902 52 59 19
15.080113177487636 48 57 19
14.773425886997671 50 57 20
14.811635424948 50 57 20
15.4917155083835 53 60 20
14.351724954106208 52 59 19
14.054793663366091 51 59 18
13.498578887048183 46 55 23
12.55430311116204 47 54 19
15.091130226484644 49 57 19
13.654993769665234 45 54 25
13.427314620099022 47 54 18
14.876405052101775 48 55 21
23.16529350007755 45 56 18
13.05845725898043 51 65 22
12.983959784576728 54 68 22
15.330524544825476 39 47 10
14.827273571965213 44 51 14
15.601706872627073 43 50 13
15.432423263191174 46 56 18
14.584727745781796 50 64 26
16.345885638519196 49 62 26
14.977516780117288 44 54 17
13.373671555589626 40 51 14
13.42825992631101 46 59 21
13.983466743872174 47 58 20
16.1600043632648 49 62 33
15.669661418564413 40 51 27
16.51899748491503 38 49 19
15.979809086217484 44 54 17
14.44831809182496 60 67 52
13.714077359202498 61 68 57
14.706758604710902 49 57 20
14.436362424898187 47 56 30
14.663786421947473 45 53 29
12.774857439626818 49 56 19
13.008088967524742 59 67 50
12.452683523919246 50 58 34
5.573702095883527 48 60 17
5.9772206015399405 49 59 17
5.497440864700569 50 60 16
8.598822755504479 48 58 14
14.028852700164265 49 56 20
15.080113177487636 48 57 19
16.40133743052308 53 60 23
15.4917155083835 53 60 20
14.977960062230162 50 59 17
14.558997530397809 46 55 21
12.765503915754284 54 68 21
13.52919036670194 59 71 24
14.682628458957533 43 53 16
14.887561390861725 42 51 15
15.552852621309562 48 59 21
13.993062755919 45 56 18
13.481971999832847 48 61 25
13.363630785182544 43 53 16
13.561327246614903 59 66 53
16.580697035813653 47 60 26
15.85604629580924 51 64 34
14.008648719223471 58 66 51
11.887494293447062 61 68 58
15.801883330613464 52 59 22
15.654512934382991 53 60 20
15.209360218585378 49 56 19
14.72456238170741 48 56 19
8.870282395936487 52 64 19
24.35026079079582 44 54 14
13.18033547671123 55 69 24
13.878191803687587 67 79 32
15.376220305666555 45 55 18
15.554126041798515 60 68 51
15.625526031191802 59 66 53
13.356611336858341 41 52 16
13.106530775973466 58 72 25
15.256359975609776 45 55 18
15.2236468199051 50 57 19
13.13934499731609 49 56 19
16.520810622046245 46 59 32
15.256359975609776 45 55 18
13.356611336858341 41 52 16
