1.446770742082498806e+01
1.249671706248926384e+01
1.318452871299555973e+01
1.366365944420850020e+01
1.313957678971516785e+01
1.386767241669327966e+01
1.316813963215960293e+01
1.177917232713036455e+01
1.177917232713036455e+01
1.224666749546079281e+01
1.229123269009838282e+01
1.064721041878158125e+01
1.098787884299459350e+01
1.104047835294915636e+01
1.073554443902401800e+01
1.009967017092590247e+01
9.687533071865537693e+00
1.080657268311951213e+01
1.068421288266300095e+01
1.061080018431799843e+01
1.168004282450729825e+01
1.099514385786272364e+01
1.074815317571252216e+01
1.160675961066228545e+01
1.092458131431974522e+01
1.107151484329611968e+01
1.019738813387347420e+01
1.064692991051320448e+01
1.172021458010741135e+01
1.250657005028958935e+01
1.171021972525457677e+01
1.097771731310544929e+01
1.234173968155034906e+01
1.156883734410002340e+01
1.107900993755651875e+01
1.255930098883526114e+01
1.200300717671468753e+01
1.107900993755651875e+01
1.026837640660653683e+01
1.047738965505529407e+01
1.020240270823004636e+01
9.616883355035643177e+00
1.021886299825013289e+01
9.839745190830274879e+00
1.054027707838923611e+01
1.028362198181136300e+01
9.880002698907468073e+00
1.075411199954272945e+01
1.096017758018499677e+01
1.119013086996559814e+01
1.093412862751590886e+01
1.171424211815321215e+01
1.160997727779700561e+01
1.138429971660749906e+01
1.163660349922815840e+01
1.160997727779700561e+01
1.065194124576241741e+01
1.028591232022130875e+01
1.135098602306814364e+01
1.171424211815321215e+01
1.193929432482276987e+01
1.060930669746811361e+01
1.168369563707401682e+01
1.060930669746811361e+01
1.065922697826559506e+01
1.047397900530808457e+01
1.046279371934731017e+01
1.072608018001255559e+01
1.041040422442118007e+01
1.044671778395049877e+01
1.019823046373489106e+01
1.052605208525027614e+01
1.166591991506310677e+01
1.039424726277667688e+01
1.265425458227216637e+01
1.161685324766267868e+01
1.131333303543091517e+01
1.059696240788585442e+01
1.166792919635459924e+01
1.152859955497639355e+01
1.142310602740982084e+01
1.170216389184215444e+01
1.115691317915712766e+01
1.182164740626792465e+01
1.127838977764019290e+01
1.189001832476662912e+01
1.183990048141761520e+01
1.147458077842773072e+01
1.147458077842773072e+01
1.131333303543091517e+01
1.070512588331961012e+01
1.150846121923854604e+01
1.103822104489931810e+01
1.082008723939878259e+01
1.150846121923854604e+01
1.131238754393769064e+01
1.049659296115478213e+01
1.131238754393769064e+01
1.060527850032902286e+01
1.046786071714296185e+01
1.034898740471858147e+01
1.085677559272925485e+01
1.098933120562475096e+01
1.053513983954417910e+01
1.145667435520903688e+01
1.035773332907001709e+01
1.085159930178997989e+01
1.393840831635835187e+01
1.392634504948881968e+01
1.361907333019164668e+01
1.383413901612570207e+01
1.473722124743197703e+01
1.472581237622069494e+01
1.392634504948881968e+01
1.393840831635835187e+01
1.363140852330540831e+01
1.096065778324657458e+01
1.154600013333448416e+01
1.128007956378887755e+01
1.008273035199111156e+01
1.127583428885692030e+01
1.157205577577377831e+01
1.073180745935114722e+01
1.081812567487917320e+01
1.106987276851464586e+01
1.087225566085511907e+01
1.126516999469166969e+01
1.138316014652843933e+01
1.126516999469166969e+01
1.183970821938499896e+01
1.203938232169867284e+01
1.973834664676520845e+01
2.036878994159778600e+01
2.059792728067751710e+01
2.135268245001651621e+01
2.127826046147703920e+01
2.068498354339255485e+01
2.017356488363880018e+01
2.088038215924624552e+01
2.038383180635551994e+01
2.017300508410502857e+01
1.994782901252454721e+01
1.930876275677908893e+01
1.995491696209473886e+01
2.022950723014546526e+01
2.113918204883712804e+01
2.113918204883712804e+01
2.074434668927910153e+01
2.075489794624842332e+01
2.076632746659042539e+01
2.134872912950732271e+01
1.045443222327011235e+01
1.000216628131841823e+01
9.131030437507998698e+00
9.912198654540304688e+00
9.768539384772774170e+00
1.038458689187884154e+01
1.025073568723505701e+01
1.041814555327805003e+01
1.052309217820589637e+01
1.060091836942672749e+01
9.569400664222834862e+00
1.079301217955987724e+01
1.114860527987231897e+01
1.075143189682618861e+01
1.025949062458686001e+01
1.075093708501240464e+01
1.061540503842687855e+01
1.011685149509237647e+01
1.114860527987231897e+01
9.343832898220890470e+00
9.605327781667170939e+00
9.406375113435634816e+00
1.073628369139816741e+01
9.596619610956558688e+00
9.229769458397276694e+00
1.031655213302884100e+01
1.024361496475127886e+01
1.048979615960386802e+01
1.030696539684552349e+01
1.132140676790720590e+01
1.117775859339755584e+01
1.085854665053577328e+01
1.022541128863188220e+01
1.014896899490922699e+01
1.158795266154714909e+01
1.115698700850675706e+01
1.155337954305437798e+01
1.081250457201015358e+01
1.134515504072154890e+01
1.171385346601680588e+01
1.133341638939715779e+01
1.178059705666746027e+01
1.091219204783983621e+01
1.139490988366282664e+01
1.137594282884037966e+01
1.135245449527140771e+01
1.089385475071700604e+01
1.089385475071700604e+01
1.102016820641034123e+01
2.111142671988540798e+01
2.149502121943837452e+01
2.052687695641366261e+01
1.987999622357537532e+01
2.022178977172876913e+01
2.052687695641366261e+01
1.889319490251785894e+01
2.081099328406360982e+01
2.112978545172330769e+01
2.121003247138482095e+01
2.132091983458642304e+01
1.484614745691155946e+01
1.329612371885868605e+01
1.261439835677082399e+01
1.229123269009838282e+01
1.224666749546079281e+01
1.289598251682613217e+01
1.012395762834862367e+01
1.039115417683074227e+01
9.930575662384651281e+00
1.051771392312876685e+01
1.054154288015189422e+01
1.064898970620364160e+01
1.098787884299459350e+01
1.042804493155475498e+01
1.016728721577233863e+01
1.009967017092590247e+01
1.066869460541752801e+01
1.182999715519169115e+01
1.264697303083858770e+01
1.172021458010741135e+01
1.123272618068958373e+01
1.150688147329110933e+01
1.072756268462608631e+01
1.025874465059067830e+01
9.812580355983369529e+00
1.033253603589707303e+01
9.795437370864293669e+00
1.054027707838923611e+01
1.044671778395049877e+01
1.218422884038447584e+01
9.983374411257170067e+00
1.266752931668452931e+01
1.265425458227216637e+01
1.271982779273564468e+01
1.109629272987463544e+01
1.072608018001255559e+01
1.086072095812662930e+01
1.052200817676703082e+01
1.039424726277667688e+01
1.105537193606962454e+01
1.074837551941167391e+01
1.138897167084860840e+01
1.142217457671933012e+01
1.202560349511096227e+01
1.101111927349385411e+01
1.166792919635459924e+01
1.183990048141761520e+01
1.381328630199655194e+01
1.081418049414850202e+01
1.092555518706382678e+01
1.101090223539373980e+01
1.111525328360453102e+01
1.085159930178997989e+01
1.053513983954417910e+01
1.099003273838724581e+01
1.089279722948357509e+01
1.371683047519904441e+01
1.393840831635835187e+01
1.368002260294300321e+01
1.491367339483812948e+01
1.097598100388068332e+01
2.018573507736322981e+01
1.986331955461697518e+01
2.040787935125246477e+01
2.095000706445780736e+01
2.050342532367206516e+01
2.078401228830160008e+01
1.969071210681867257e+01
2.075489794624842332e+01
2.087378557282192659e+01
1.082937183548913396e+01
9.235614413978012749e+00
2.066589806236921589e+01
1.013637551678185922e+01
1.062048744071448070e+01
1.055901819927778007e+01
1.035598900394303712e+01
1.063294106323620802e+01
1.007248033493819150e+01
9.612530859645765702e+00
1.055772227916197714e+01
9.596619610956558688e+00
1.106218619560103100e+01
1.059073234380977624e+01
1.031316264779865755e+01
9.613563766226619123e+00
1.089385475071700604e+01
1.102305907181354350e+01
1.148975330647721904e+01
1.102016820641034123e+01
1.115698700850675706e+01
1.128035438609294694e+01
1.184266080041665425e+01
1.184266080041665425e+01
1.155337954305437798e+01
1.135245449527140771e+01
2.136632066136575858e+01
2.023735135351158476e+01
2.112978545172330769e+01
1.395011851326333741e+01
1.422044379465096853e+01
1.247021639964178874e+01
1.250650873569949795e+01
9.861335671187203999e+00
1.048774036364811479e+01
1.145388302499122979e+01
1.077613810635510205e+01
1.046024574800649454e+01
9.839745190830274879e+00
1.076528256940656725e+01
1.220587200613964107e+01
1.068772420842130266e+01
1.024175417382430986e+01
1.157087328980530927e+01
1.138429971660749906e+01
1.241815642592084856e+01
1.109629272987463544e+01
1.064744552686364365e+01
1.130439527940720623e+01
1.147690356087341002e+01
1.170034051097682060e+01
1.076428368257220747e+01
1.272359128282955254e+01
1.126516999469166969e+01
1.214146644528638674e+01
1.106987276851464586e+01
1.074837551941167391e+01
1.379764409053855978e+01
1.398998006694781893e+01
1.398595532959103238e+01
1.098906457977339990e+01
1.053867393185707257e+01
2.020923145481921068e+01
2.021133722503050123e+01
1.962913362550828822e+01
9.405809542429864223e+00
9.915653573410736499e+00
1.050428696045363530e+01
1.066678772769130923e+01
1.066728644285052141e+01
9.454435809549615044e+00
1.112251424544516887e+01
1.155476572321567375e+01
1.135245449527140771e+01
1.135245449527140771e+01
1.994881032498944862e+01
2.023735135351158476e+01
2.052687695641366261e+01
2.112978545172330769e+01
1.361459620015678063e+01
1.285540639721970990e+01
1.177917232713036455e+01
1.146583559841354472e+01
1.194381339117706098e+01
1.065194124576241741e+01
1.069867433588366445e+01
1.131521878044350871e+01
1.019823046373489106e+01
1.152748406769018708e+01
1.128007956378887755e+01
1.058288072214083542e+01
1.095503462445307186e+01
1.046786071714296185e+01
1.099003273838724581e+01
1.147504438626969758e+01
1.058741457404567221e+01
1.126516999469166969e+01
1.363140852330540831e+01
1.026281206077831598e+01
2.058640426518429933e+01
2.058415726875862362e+01
9.950793819700940901e+00
1.039966210758897347e+01
1.008229003349177155e+01
1.068373619816039088e+01
1.134515504072154890e+01
1.008809236810838605e+01
2.147640261318723987e+01
1.986415469170254866e+01
2.121003247138482095e+01
1.081910387304823118e+01
1.158952133181012201e+01
1.223101032596176729e+01
1.138316014652843933e+01
1.070512588331961012e+01
1.181939237411109822e+01
1.152748406769018708e+01
1.133287430480551095e+01
1.473722124743197703e+01
2.146825990135682005e+01
1.970978352069972317e+01
2.117989995786400925e+01
1.091512709014438443e+01
1.103078832575434198e+01
1.039966210758897347e+01
2.056023028446577072e+01
1.067169131463177223e+01
1.202143213915374709e+01
1.096065778324657458e+01
2.096133019851824386e+01
2.109034108912147687e+01
1.064300932587535797e+01
1.089385475071700604e+01
1.233613029409058726e+01
1.203697894462233542e+01
1.250650873569949795e+01
1.145667435520903688e+01
1.249903656641591176e+01
1.057505008072593711e+01
1.975036445330435697e+01
9.566302555589203394e+00
1.073988912721345557e+01
