10.97297552729651 55 59 42
10.623623401999259 102 106 90
9.360234434020505 59 63 43
10.277411678746276 45 51 29
6.648366810291336 48 52 34
7.611338770035426 48 54 31
6.996189762305971 49 53 32
7.016935148007867 47 52 30
11.012615940886848 43 51 19
10.916330570337688 42 45 14
11.375684148961204 42 45 14
10.996652053459322 42 47 16
10.338786341879109 46 51 28
10.870774669384618 41 46 16
10.824509621667495 44 50 27
7.730484806025285 43 49 25
10.4493030978379 44 51 21
10.590364263405755 45 52 24
8.248630241605811 47 52 31
7.846879407972868 46 50 30
7.923041628954014 42 47 21
7.987910155541392 45 49 27
8.185828049981929 41 46 20
8.833004821793171 42 47 23
7.780835202239256 44 49 26
8.823435950343539 46 50 30
7.765835707422154 45 49 30
7.943999749735854 47 51 31
7.832006398971847 47 51 32
8.330940176910527 46 50 29
9.747838041865247 49 53 34
8.843273829323186 46 50 29
9.15177765692762 46 50 29
9.067602698690814 47 51 30
9.838046263395118 47 51 30
9.244933976453702 46 50 29
8.568692485564794 50 55 33
7.573523018678197 48 54 31
8.024361090660834 49 54 35
8.344923992523519 48 53 33
8.283934036618364 52 58 34
9.05473503154964 47 51 31
9.837135131723569 46 51 26
9.539518845807828 45 49 27
10.58379011165061 45 49 27
9.658604964609241 46 50 28
9.98950176155177 32 36 22
10.48834643653927 85 88 80
9.526700658947089 85 88 81
8.748580514330458 59 65 39
8.38437500829278 56 64 38
8.415293609985854 62 68 43
7.895825327126864 55 61 36
7.437199580328272 54 59 35
7.75013239047901 58 65 38
7.97151991826952 54 60 34
8.071120454164243 53 59 36
8.108395588847156 76 79 72
8.33770738535511 36 39 28
9.409716250576464 46 50 28
9.383030658304977 48 52 30
9.774788656504287 49 53 33
8.959976622220015 49 53 32
9.888021084259083 49 53 34
8.876339401955414 55 59 38
9.408327172163254 43 47 26
10.85839289862807 46 51 29
7.534206655353801 53 57 38
7.380620722163154 92 96 82
10.242481618433033 43 51 21
10.4493030978379 44 51 21
10.386352088441617 47 54 24
7.780835202239256 44 49 26
7.846879407972868 46 50 30
8.823435950343539 46 50 30
7.987910155541392 45 49 27
9.25753727719855 48 52 33
8.023243996813196 46 50 31
8.742807571376888 46 50 29
8.344923992523519 48 53 33
9.340000643429068 46 50 29
7.520593269504618 50 55 34
9.355310901947991 45 49 27
10.027659850182891 46 50 28
10.224286546750214 45 49 27
8.448442317691532 58 64 40
7.090826298730776 50 55 32
8.276393749547738 50 53 43
9.876222392849378 49 53 34
9.167769023104613 46 50 28
11.074266753712447 48 52 32
6.691950134788068 47 53 30
8.568692485564794 50 55 33
8.037763149168534 47 51 32
7.846879407972868 46 50 30
8.248630241605811 47 52 31
8.037763149168534 47 51 32
10.974302745877202 45 49 26
9.838046263395118 47 51 30
9.891244659524272 44 51 19
9.751107959726964 45 54 24
9.126629957913252 47 51 30
9.685456732904157 47 51 29
9.888021084259083 49 53 34
10.409605112867377 49 53 32
7.8480216057412315 51 57 32
7.730484806025285 43 49 25
8.436312702924742 46 50 29
8.132604258333632 46 50 28
10.612642553943557 121 125 113
7.827904204562669 45 49 30
7.878769702494183 46 50 31
7.939955417134107 47 51 34
9.747838041865247 49 53 34
10.228828094038555 46 51 22
8.312440800920925 62 68 42
8.261480026920689 77 80 73
8.588858092578452 49 53 31
8.024361090660834 49 54 35
8.17550173701066 49 53 34
