14.302642037039297 138 37 168
14.302642037039297 138 37 168
9.01978512295441 138 37 168
9.491550188134784 138 37 168
9.491550188134784 138 37 168
9.489019434267762 138 37 168
9.444088771980573 138 37 168
14.330531135921763 138 37 168
14.295024820389125 138 37 168
14.433120195279233 138 37 168
14.700242309133372 138 37 168
11.096017268548215 138 37 168
11.168518068034196 138 37 168
10.836062247984582 138 37 168
10.636581139150234 138 37 168
10.730895462892777 138 37 168
11.365182644433792 138 37 168
11.058998161889306 138 37 168
15.077031680378978 138 37 168
14.791311196454993 138 37 168
13.787176405429351 138 37 168
14.37711927900682 138 37 168
14.18989893990849 138 37 168
9.407754597852133 138 37 168
8.798189041145953 138 37 168
8.360055086244719 138 37 168
8.993004671574694 138 37 168
8.194969172329719 138 37 168
8.360268693920492 138 37 168
8.90182113235941 138 37 168
8.553425706986372 138 37 168
7.4594558760167455 138 37 168
9.311735718529821 138 37 168
8.089776142601568 138 37 168
7.677683784208213 138 37 168
7.337952066559558 138 37 168
14.475795807628348 138 37 168
15.497225228811518 138 37 168
14.597912510595783 138 37 168
14.722909230687652 138 37 168
14.6326838853674 138 37 168
14.467137021395912 138 37 168
14.561286169341495 138 37 168
14.722909230687652 138 37 168
14.097316581780856 138 37 168
14.06238681124351 138 37 168
14.42225133248418 138 37 168
13.838356555629325 138 37 168
13.83717225868657 138 37 168
14.388110422130616 138 37 168
14.066009475008464 138 37 168
11.983372441813831 138 37 168
11.338752582131056 138 37 168
10.898136018772595 138 37 168
11.248055743788003 138 37 168
11.338752582131056 138 37 168
11.241365850729546 138 37 168
11.224293324507597 138 37 168
10.722330558815274 138 37 168
11.128873516557258 138 37 168
11.191593243366828 138 37 168
11.191593243366828 138 37 168
11.345385050503907 138 37 168
16.045883919330056 138 37 168
12.24709707890553 138 37 168
12.028931112741692 138 37 168
12.035183236681481 138 37 168
12.554803877822227 138 37 168
11.76763991167909 138 37 168
14.15110190213992 138 37 168
13.828857401197908 138 37 168
11.323724582602509 138 37 168
8.724519455379216 138 37 168
9.736615887128382 138 37 168
12.106530396859412 138 37 168
11.423770225357 138 37 168
11.326956812993375 138 37 168
9.692045848881069 138 37 168
14.5447303590545 138 37 168
9.666510404554263 138 37 168
14.665631112405388 138 37 168
14.021353190182731 138 37 168
14.127347849535154 138 37 168
14.127347849535154 138 37 168
10.961340635125667 138 37 168
11.857607724534912 138 37 168
14.695868720602325 138 37 168
13.89602700848196 138 37 168
14.122130153500262 138 37 168
14.748419855021302 138 37 168
8.370173448965515 138 37 168
9.054027876151714 138 37 168
7.337952066559558 138 37 168
6.925548087507276 138 37 168
7.58697263858619 138 37 168
8.839747265241948 138 37 168
9.15275069385134 138 37 168
8.172686515178409 138 37 168
14.774461757025596 138 37 168
14.01319449472168 138 37 168
13.83717225868657 138 37 168
13.801584117000742 138 37 168
14.807711916016261 138 37 168
14.441781478966936 138 37 168
13.271049323911496 138 37 168
11.217589260138379 138 37 168
11.184869579014329 138 37 168
11.248055743788003 138 37 168
11.392355186955442 138 37 168
10.649788129800772 138 37 168
11.552089129408987 138 37 168
10.75027623063981 138 37 168
15.315733038669189 138 37 168
16.833083941196424 138 37 168
12.74711875708578 138 37 168
13.834296109599507 138 37 168
11.986609015605838 138 37 168
11.441055861825918 138 37 168
14.73287618703793 138 37 168
10.94675775519712 138 37 168
11.193014009699759 138 37 168
10.498530347114444 138 37 168
12.473350242503528 138 37 168
14.604744795760565 138 37 168
9.287369697880107 138 37 168
10.10813655977043 138 37 168
9.287369697880107 138 37 168
11.365182644433792 138 37 168
11.743099158695326 138 37 168
11.434642755320894 138 37 168
13.816676977175982 138 37 168
13.770750306400759 138 37 168
8.63849074518564 138 37 168
7.508427483558226 138 37 168
7.856708264271729 138 37 168
8.051655265164037 138 37 168
9.070995020311202 138 37 168
14.519492517114319 138 37 168
14.098479026161558 138 37 168
13.609435162719242 138 37 168
14.38294165228761 138 37 168
10.849026404342263 138 37 168
10.688094839722003 138 37 168
11.338752582131056 138 37 168
12.077544653336448 138 37 168
14.356295943568947 138 37 168
10.941381520160892 138 37 168
11.31733696676363 138 37 168
14.021353190182731 138 37 168
14.329387516340649 138 37 168
13.517990815430137 138 37 168
14.631563882405974 138 37 168
10.924830349614885 138 37 168
14.065296581660546 138 37 168
14.485580795281239 138 37 168
11.32115300919543 138 37 168
11.21985377556876 138 37 168
11.193014009699759 138 37 168
8.094801182548634 138 37 168
11.573544111449484 138 37 168
11.632619153344315 138 37 168
8.9698278368895 138 37 168
8.58631528152944 138 37 168
