19.77354780524661 38 146 163
19.132015569778062 38 146 163
19.094138525224725 38 146 163
19.21731364591306 38 146 163
18.45355355970977 38 146 163
15.048430761400873 38 146 163
4.780249301227242 38 146 163
18.78922103496852 38 146 163
18.700567265683244 38 146 163
9.768674664275672 38 146 163
9.266241867914086 38 146 163
9.578045502892778 38 146 163
10.427238156479783 38 146 163
10.224462201608656 38 146 163
12.092012976831871 38 146 163
11.684550859613454 38 146 163
12.16932599336015 38 146 163
12.617651039251866 38 146 163
12.62257503235901 38 146 163
10.0517042390294 38 146 163
11.103013708364916 38 146 163
10.172167505853613 38 146 163
9.967382257541082 38 146 163
9.316602987771532 38 146 163
10.163597318400626 38 146 163
9.870308665376163 38 146 163
9.626775604144623 38 146 163
9.626775604144623 38 146 163
9.191688651859911 38 146 163
9.545210431979832 38 146 163
10.110987830356656 38 146 163
9.35992377039333 38 146 163
9.469950826027535 38 146 163
10.110987830356656 38 146 163
10.110987830356656 38 146 163
9.999175441366237 38 146 163
9.999175441366237 38 146 163
9.577706180854237 38 146 163
9.339985272471042 38 146 163
11.32955630317751 38 146 163
10.842424745887321 38 146 163
11.041857288003985 38 146 163
11.041857288003985 38 146 163
11.041857288003985 38 146 163
10.187489520297298 38 146 163
9.986192747368355 38 146 163
9.86975656379473 38 146 163
10.309440428316867 38 146 163
9.983018582922098 38 146 163
9.992413536618253 38 146 163
10.205894338362262 38 146 163
10.593567142678584 38 146 163
10.07967077281758 38 146 163
9.876050694876396 38 146 163
10.156944876790975 38 146 163
9.623353602039165 38 146 163
8.070953105735503 38 146 163
7.683443886447917 38 146 163
7.780468542276032 38 146 163
8.435614539284808 38 146 163
8.262191305693355 38 146 163
8.09025555801575 38 146 163
7.8357991267394596 38 146 163
9.010013841750336 38 146 163
9.092894490187692 38 146 163
8.385481036366887 38 146 163
18.048046233082488 38 146 163
18.232069596974533 38 146 163
18.60467650354076 38 146 163
18.601336110672325 38 146 163
19.732147141271525 38 146 163
19.032122530659947 38 146 163
19.64458543881827 38 146 163
19.915540535168912 38 146 163
9.895788190705598 38 146 163
10.141576715242422 38 146 163
9.860244741827932 38 146 163
10.2548057420958 38 146 163
11.350800841787185 38 146 163
11.181607577166195 38 146 163
9.545210431979832 38 146 163
10.163597318400626 38 146 163
10.56459471109155 38 146 163
9.316602987771532 38 146 163
9.191688651859911 38 146 163
9.691239546445916 38 146 163
10.092533220555794 38 146 163
9.691239546445916 38 146 163
9.5745265443362 38 146 163
9.992413536618253 38 146 163
10.09814888907819 38 146 163
10.270125617011391 38 146 163
8.174859819957673 38 146 163
9.623353602039165 38 146 163
9.535244386427824 38 146 163
8.914681352376899 38 146 163
8.052803343952347 38 146 163
9.35373189628374 38 146 163
8.206537693523197 38 146 163
7.555646696053735 38 146 163
18.626874886764124 38 146 163
9.948661265232959 38 146 163
9.967382257541082 38 146 163
11.097415496814556 38 146 163
9.505938016499524 38 146 163
10.258958203014894 38 146 163
9.239026333395492 38 146 163
9.581014625153115 38 146 163
9.992413536618253 38 146 163
9.964326968208631 38 146 163
10.300334639476063 38 146 163
8.916542044615646 38 146 163
8.206537693523197 38 146 163
7.870950019715008 38 146 163
18.651686851408453 38 146 163
20.011024125419773 38 146 163
14.472166675972861 38 146 163
9.992413536618253 38 146 163
11.585964065526436 38 146 163
10.282749832064521 38 146 163
9.876050694876396 38 146 163
10.110987830356656 38 146 163
10.291341693259248 38 146 163
7.555646696053735 38 146 163
11.103013708364916 38 146 163
10.09814888907819 38 146 163
10.56459471109155 38 146 163
9.848185593883638 38 146 163
8.188267924417021 38 146 163
8.767462487488013 38 146 163
10.427238156479783 38 146 163
9.986192747368355 38 146 163
8.262191305693355 38 146 163
18.730067500541082 38 146 163
4.488994793644789 38 146 163
10.187489520297298 38 146 163
