14.643757220801113 80 249 91
13.724894831178927 80 249 91
14.173208026489322 80 249 91
14.340841176582114 80 249 91
13.838682894488848 80 249 91
14.041105298968944 80 249 91
13.706409102741052 80 249 91
10.602114681658833 80 249 91
11.006048669599481 80 249 91
11.359224732209691 80 249 91
10.710262072669618 80 249 91
10.780439933027955 80 249 91
11.249006978449378 80 249 91
11.288843397789345 80 249 91
10.279985971632968 80 249 91
10.518790902009808 80 249 91
10.828421765180899 80 249 91
10.550905427473328 80 249 91
10.542042248353216 80 249 91
11.464708138818173 80 249 91
14.010374427277151 80 249 91
13.646323927314171 80 249 91
13.58351116434293 80 249 91
13.406411737001713 80 249 91
13.815508741603168 80 249 91
13.641421549805644 80 249 91
13.944349684979443 80 249 91
14.25028040012944 80 249 91
13.604758937542442 80 249 91
15.215597485785427 80 249 91
10.797132703887714 80 249 91
10.752266001272844 80 249 91
13.537768857361172 80 249 91
13.767419155079578 80 249 91
14.019376378455329 80 249 91
13.898563409021447 80 249 91
12.971308440809706 80 249 91
12.673253288090851 80 249 91
13.337853516557175 80 249 91
13.393051257128123 80 249 91
12.448608562469547 80 249 91
13.181919972104957 80 249 91
12.509037797766403 80 249 91
12.132148989396624 80 249 91
9.565931233964266 80 249 91
10.44020043099918 80 249 91
9.197381051416993 80 249 91
8.980169625359496 80 249 91
8.96975450761097 80 249 91
9.232355919082574 80 249 91
10.202086201922954 80 249 91
9.653225757297614 80 249 91
10.171303361795289 80 249 91
10.424754778308046 80 249 91
9.789246402711944 80 249 91
9.884028675335362 80 249 91
10.415081504465695 80 249 91
9.225024310995716 80 249 91
9.325542947212508 80 249 91
9.881526312157707 80 249 91
10.737227576072913 80 249 91
8.85284146158256 80 249 91
8.842276368135822 80 249 91
13.207700052943158 80 249 91
12.829561069381892 80 249 91
13.009312619990885 80 249 91
13.29661035474828 80 249 91
12.804355203323327 80 249 91
12.344791617987243 80 249 91
12.17614708408908 80 249 91
13.151203118744837 80 249 91
12.482635534802581 80 249 91
12.064225849112823 80 249 91
12.76266855352632 80 249 91
12.579393109189128 80 249 91
12.078992158946313 80 249 91
12.248974400089322 80 249 91
13.839234204745436 80 249 91
14.578179568267666 80 249 91
13.914312679995662 80 249 91
13.517738137884109 80 249 91
11.443170746963908 80 249 91
10.690577898444959 80 249 91
10.644372362035021 80 249 91
10.834597027777676 80 249 91
10.028678446690186 80 249 91
10.825966108431471 80 249 91
10.650083266749885 80 249 91
10.844068851347652 80 249 91
10.437904003315218 80 249 91
11.31060625145503 80 249 91
10.611000600553153 80 249 91
11.126366834945186 80 249 91
13.320745355999248 80 249 91
13.944349684979443 80 249 91
13.294094911318952 80 249 91
13.242936586140281 80 249 91
14.11470113133105 80 249 91
13.745369009384806 80 249 91
14.38761981939579 80 249 91
13.052833151223224 80 249 91
15.131281866350767 80 249 91
10.780610761356572 80 249 91
15.455193922888576 80 249 91
12.692642649178582 80 249 91
13.337853516557175 80 249 91
12.132148989396624 80 249 91
12.81091411213361 80 249 91
9.881415012592587 80 249 91
8.842276368135822 80 249 91
9.692638474291181 80 249 91
8.860481037848468 80 249 91
10.077633679425675 80 249 91
8.849925064578246 80 249 91
10.41012172098083 80 249 91
9.225024310995716 80 249 91
9.8333670074899 80 249 91
9.207538692744459 80 249 91
12.428286887372789 80 249 91
12.590838032858857 80 249 91
12.909861527059155 80 249 91
13.077500941897371 80 249 91
14.310699905289372 80 249 91
14.000579698335265 80 249 91
12.576586517569952 80 249 91
14.741208207418705 80 249 91
10.948192835377485 80 249 91
14.736278384041043 80 249 91
14.154768772655535 80 249 91
14.164995511117752 80 249 91
11.291292963754433 80 249 91
13.616405836838702 80 249 91
13.256331627322307 80 249 91
9.475224774960333 80 249 91
10.364524991457042 80 249 91
8.85284146158256 80 249 91
9.79615574657558 80 249 91
9.347283995620122 80 249 91
8.947096126248795 80 249 91
12.519999454034036 80 249 91
12.818268931893948 80 249 91
12.496907462736555 80 249 91
12.760047852274178 80 249 91
12.509037797766403 80 249 91
9.530499933484492 80 249 91
9.865094515487984 80 249 91
13.326617015662249 80 249 91
12.064225849112823 80 249 91
10.900038278190287 80 249 91
15.073802620161127 80 249 91
11.121752141481503 80 249 91
12.078992158946313 80 249 91
10.819785919842472 80 249 91
10.440376826421966 80 249 91
11.249006978449378 80 249 91
13.767419155079578 80 249 91
12.17614708408908 80 249 91
9.12244314856294 80 249 91
12.234413251830228 80 249 91
12.771330884700195 80 249 91
