12.852751096159468 6 7 6
13.012944677841563 38 45 27
12.11193958879682 38 46 28
11.967967429040453 38 46 30
11.695395587919808 5 7 9
11.863799105232053 30 41 7
11.775851670576879 30 41 7
11.863799105232053 30 41 7
18.7312893582012 39 45 21
15.466963895111741 38 43 28
20.485856830605464 46 50 52
20.13929699473614 45 51 55
20.160370275547105 112 116 115
22.330846425992313 40 44 19
21.876646348546593 36 44 20
12.462531448427564 1 0 2
12.269433842039232 1 1 3
12.269433842039232 1 1 3
12.15579382456404 1 1 3
12.174233319087179 2 2 3
11.844450327028646 2 2 2
12.927264370235175 8 8 9
12.625774746613832 5 7 6
11.757524211602574 26 30 23
12.361152117536859 15 19 14
12.210409719872862 34 39 32
12.18531900476225 38 44 33
11.952283034800354 40 46 29
11.884112934507677 40 46 29
11.648444418812565 40 47 27
11.495232686474791 39 47 26
11.42779469776349 38 47 26
12.345159075765023 38 45 36
12.582682780872565 39 46 34
12.390648251581208 39 47 28
12.246725326896382 38 47 24
12.183447721005667 36 46 22
11.769258473342946 37 47 22
12.71659544393551 39 46 28
12.416356825685796 39 46 29
12.044673142049973 39 47 28
12.044673142049973 39 47 28
12.465557724443999 37 45 35
11.98032838601901 39 47 28
13.785342992661649 33 43 15
13.729158698309176 30 40 13
12.389617499659005 36 46 19
12.811723942302146 38 46 27
13.210425461351134 36 46 23
13.075528976219172 35 45 18
13.913359202122713 33 43 17
13.386802971252564 35 44 24
12.745836684926724 31 35 27
13.01628115653546 34 44 15
12.187509977050293 35 41 31
12.99351466289934 37 45 24
12.593426361073895 38 47 25
12.256399023189259 38 46 30
13.178035169522403 36 45 21
12.266659187971285 11 10 9
12.420122147435059 8 8 8
12.270104238004118 6 7 8
12.219663409391261 16 6 0
12.77679971404063 11 10 10
13.14010511905014 26 23 9
13.111739216562567 7 5 4
12.31325292898247 25 11 0
13.14010511905014 26 23 9
13.14010511905014 26 23 9
11.951590454589171 105 85 60
11.798965416102519 110 92 69
12.80182327798737 92 85 75
13.27752897866546 6 3 2
12.31325292898247 25 11 0
13.306501243467412 4 3 1
13.663578908251424 3 4 0
13.130017697159948 8 8 8
13.216955203307739 1 1 0
12.520441995087491 88 72 60
12.787380203952358 4 3 3
13.320381454852802 8 3 1
12.743307301951239 3 2 0
11.987066388370522 3 2 5
11.687045281153347 2 2 3
11.786181625120747 2 2 4
11.667835874808384 4 4 6
11.833588004195226 2 2 3
11.866317387964202 3 3 5
12.167963977576074 4 4 6
11.21214693500748 4 4 6
12.708506010105726 2 1 3
12.247786034483022 1 2 1
11.195408362183192 4 3 4
12.197702490442442 1 2 1
11.157415569524424 4 2 5
12.895030372502493 2 1 2
11.902047494312768 7 7 9
11.35614802210173 8 8 8
12.895030372502493 2 1 2
12.771276843220543 2 2 2
13.503768505509544 33 42 22
13.398603517389502 31 37 26
13.29683725509282 32 42 14
14.122447718944677 15 19 10
13.16282637302708 31 42 10
13.631127341454292 4 1 0
13.380282108388984 8 7 5
14.03719761104807 35 40 24
14.292400680379588 34 42 23
14.373197265521014 3 6 0
14.608832508717798 33 41 19
14.03719761104807 35 40 24
14.553989146295322 34 39 26
14.608832508717798 33 41 19
13.734512012923208 19 19 4
13.574506748782634 6 10 1
14.164826295048647 34 41 15
13.574506748782634 6 10 1
13.77920972588897 31 37 13
14.164826295048647 34 41 15
13.734512012923208 19 19 4
14.05035599307008 45 46 28
13.529132752539757 90 89 71
15.122873141040097 35 44 13
13.915281837699641 31 41 7
13.915281837699641 31 41 7
13.970717643864278 32 41 10
14.24009616125778 33 43 7
14.24009616125778 33 43 7
14.417770438101822 34 43 14
14.417770438101822 34 43 14
14.746914646904644 35 44 16
14.499713485658587 36 42 16
14.193872194271762 36 42 16
14.068408758823933 36 43 16
14.69440739673171 36 45 17
14.746914646904644 35 44 16
14.746914646904644 35 44 16
14.499713485658587 36 42 16
14.69440739673171 36 45 17
15.028009793830897 37 43 16
15.31720476008419 36 44 17
15.266659058234668 35 44 16
14.945951876333432 33 37 14
15.196294296690953 35 39 20
15.35262334751004 34 37 18
15.104872087791517 33 38 13
14.945951876333432 33 37 14
15.196294296690953 35 39 20
12.66425415263898 3 6 0
13.853128077579253 34 40 15
13.853128077579253 34 40 15
13.89724700201253 36 42 16
14.543521872877704 41 48 18
14.664921115670527 38 45 15
14.920163468493772 34 40 12
14.638637633527942 38 45 15
14.920163468493772 34 40 12
14.638637633527942 38 45 15
14.759254541734407 33 39 12
13.651493496018944 35 41 12
14.638450328841879 37 44 14
11.93059194461868 8 8 8
11.153139848684805 2 4 4
11.632747797969866 5 7 7
11.824184712057756 4 4 4
11.824184712057756 4 4 4
11.623885213123387 3 3 3
12.079439930714182 6 8 10
11.49723508505487 7 7 7
12.272306453830268 2 4 4
11.488773462890146 0 2 0
11.675336476626459 5 5 5
11.505085231225587 8 10 8
11.355023363838985 12 12 10
11.49723508505487 7 7 7
11.770129259724259 8 10 10
11.58278344330329 11 12 11
11.722232351482727 9 9 9
11.874768145081239 4 6 3
11.707417428056322 40 42 43
11.874768145081239 4 6 3
11.169455476941492 1 1 3
10.82274485274113 54 56 60
10.943006724052118 20 22 22
11.474770129321689 0 2 0
12.78122242545824 28 32 25
12.118355873646086 43 53 26
12.846714775700484 65 68 63
12.415125049225443 1 3 0
12.32665059147321 40 46 28
12.181971595037469 40 48 27
12.118355873646086 43 53 26
10.360666183533205 40 43 41
11.008419981216894 39 42 40
10.863447800631462 51 56 46
10.699000666187352 34 41 25
10.396804545576545 28 33 24
11.055591152720803 41 51 28
11.12528555130544 36 41 27
11.253092380859574 60 65 56
11.094422259414532 44 52 34
11.724388076413582 43 51 29
12.246075835754612 56 59 56
11.242311533363628 33 41 25
11.779840368585525 43 51 29
12.8518726847646 44 50 32
12.713172249420337 40 48 28
12.652227700348435 42 51 30
11.216189214611646 64 67 63
11.790129712107332 39 46 29
12.051957440485552 25 31 15
12.8518726847646 44 50 32
12.169590147258466 0 2 0
11.849915211219272 6 9 6
11.633949602776253 0 0 0
12.903890904841893 56 61 48
13.53539940825734 37 41 23
13.523515481568305 38 44 22
13.53539940825734 37 41 23
13.523515481568305 38 44 22
13.523515481568305 38 44 22
14.197961390185897 37 43 19
14.012772421475981 36 42 18
13.86036751609961 34 38 26
13.256497168754382 34 38 27
12.968763793177274 27 32 21
13.813468357878506 37 45 14
13.18308405708935 41 51 22
13.813468357878506 37 45 14
14.001293682201025 37 43 17
13.316891083066292 36 44 18
14.001293682201025 37 43 17
13.528415352783007 36 44 19
12.991362608997411 39 49 21
13.65883980502671 36 44 20
13.528415352783007 36 44 19
11.186047355260962 36 44 22
11.426677091249037 30 40 11
11.788535199522782 34 43 18
11.469796435230132 29 39 9
11.469796435230132 29 39 9
11.452319304966384 30 43 8
11.010661383621889 30 42 8
11.619942619725297 30 40 11
11.452319304966384 30 43 8
11.619942619725297 30 40 11
11.077070927139216 30 42 8
11.920121220150692 30 41 7
11.833671685819498 31 41 13
11.961461901499714 30 43 8
11.321145549146667 31 42 8
13.033713679685194 31 41 12
11.936913449707129 31 42 10
12.122046850422244 30 41 9
11.899988848773708 30 42 7
11.200274888654107 33 44 10
11.5287897804369 35 44 11
11.238366763999151 31 42 6
11.479012315624168 33 44 7
11.884214738986412 33 43 9
11.194356015609761 34 43 9
11.479012315624168 33 44 7
11.238366763999151 31 42 6
11.889790197456774 32 44 9
11.312799189580165 32 43 6
10.639724724112803 33 43 7
11.13815389306694 31 42 6
10.91442602993949 33 43 7
11.172915971315197 31 42 7
11.27145283098608 33 43 8
11.068535817407588 32 43 8
11.285708443955995 31 42 8
11.285708443955995 31 42 8
11.172915971315197 31 42 7
11.285708443955995 31 42 8
11.643831530087231 33 42 10
11.386740505646474 33 42 10
11.21324689752289 32 41 8
11.85380062611461 32 42 6
11.633412791700232 33 42 11
11.160672465547325 38 44 17
11.88516918433297 34 43 15
11.081657340045538 33 44 12
11.633412791700232 33 42 11
11.160672465547325 38 44 17
11.859385992471617 33 44 12
11.81303460837765 39 48 21
11.433463288099043 33 44 12
12.178812337728031 35 45 17
11.76445989408239 37 45 17
10.952095665279783 35 44 16
11.81303460837765 39 48 21
11.657627319461222 34 43 9
11.594543479557878 32 42 8
11.657627319461222 34 43 9
11.594543479557878 32 42 8
11.594543479557878 32 42 8
11.694229545386632 31 43 6
11.79175749321125 36 45 14
12.45705004228132 38 47 20
11.862713796508292 37 47 15
11.79175749321125 36 45 14
11.800726350431892 36 45 18
11.19536462289881 36 45 17
11.79175749321125 36 45 14
11.666699290652973 34 44 16
11.096152099740713 34 44 9
11.643827058085892 33 45 9
11.666699290652973 34 44 16
11.643827058085892 33 45 9
11.53319655944607 42 51 25
11.907573479835724 36 46 17
11.53319655944607 42 51 25
13.445351722925992 43 52 26
11.083823798749973 43 52 26
11.522677785994874 45 52 28
13.32173546781391 44 53 27
12.767713919742182 42 51 25
13.32173546781391 44 53 27
11.838914347949043 43 53 26
13.029170354836936 45 53 30
12.594205416623415 44 53 27
11.828667440549454 45 53 30
12.028842700691666 43 52 26
12.290754390124707 45 55 31
13.5979612514015 46 56 32
13.5979612514015 46 56 32
13.008693875845191 46 54 31
13.925614995842876 44 53 27
13.614447605278734 52 64 40
13.614447605278734 52 64 40
15.137879943308603 36 46 16
13.931589491534927 33 42 9
14.432336601286384 47 58 34
14.432336601286384 47 58 34
14.432336601286384 47 58 34
12.069583832931267 47 57 33
12.069583832931267 47 57 33
11.670584130380774 48 60 36
11.618012620201615 47 57 33
11.618012620201615 47 57 33
11.670584130380774 48 60 36
13.11355764156569 51 61 37
12.66378658052747 46 54 31
12.66378658052747 46 54 31
12.565859225272474 44 54 30
12.193297395218151 47 57 33
12.675607189892881 44 54 30
12.237760553156708 44 54 30
12.418409740962456 44 54 30
12.237760553156708 44 54 30
12.675607189892881 44 54 30
12.214916348971594 44 54 30
11.457889336795416 45 55 31
12.565859225272474 44 54 30
12.137078158204531 45 55 31
12.565859225272474 44 54 30
11.621328812588844 42 52 29
11.515257975063989 42 52 29
10.832885643586744 47 60 33
11.627266148294476 47 57 33
11.192513780431598 48 59 33
11.257850636122411 47 57 33
11.811409759564711 43 53 29
11.847763925839116 43 53 29
11.193650114652797 42 50 28
11.743738455210156 43 51 29
11.302739492145232 42 52 29
11.847763925839116 43 53 29
11.961026155786406 44 54 31
11.85799433130973 43 53 29
11.961026155786406 44 54 31
12.766640124070623 43 53 29
11.384169292456784 44 54 28
11.339602788336913 44 54 30
11.339602788336913 44 54 30
11.498088413529109 46 56 32
11.775404634379457 47 57 33
12.034268867714713 45 55 29
11.019792992712413 46 56 30
11.019792992712413 46 56 30
12.088299736665027 44 54 30
12.088299736665027 44 54 30
11.664194254956014 44 54 29
12.145792021825477 43 53 28
12.145792021825477 43 53 28
12.408641383143937 43 53 30
12.719707294983017 47 57 33
11.997876768570235 46 56 32
11.8594132911704 47 57 33
11.8594132911704 47 57 33
11.550579343647135 47 57 33
11.550579343647135 47 57 33
11.873189519457435 45 55 32
12.888673299615013 44 54 30
13.099035676121334 48 58 34
12.605299787116422 45 55 31
12.315185028499412 45 55 31
12.614698510319881 47 57 33
12.325027456567186 50 60 36
12.820312747478818 48 58 34
12.888673299615013 44 54 30
12.820312747478818 48 58 34
13.099035676121334 48 58 34
13.372155251910618 45 55 31
11.758848114173107 48 61 34
12.358180533971225 47 59 33
12.417385486901654 47 60 33
11.216790620946776 46 56 32
11.895390258797468 46 56 32
12.546763039414474 47 57 33
11.216790620946776 46 56 32
12.684167256359704 46 56 32
12.183348548296351 46 56 32
12.183348548296351 46 56 32
12.975166095561098 46 56 32
12.684167256359704 46 56 32
12.635596485738471 44 57 30
12.831643043824059 46 56 32
12.92997397460752 50 60 36
12.439276248309811 50 62 38
12.647525856186112 50 60 36
12.647525856186112 50 60 36
12.195495473575273 47 57 33
12.084657915091052 50 60 36
13.063557973993456 50 62 38
12.54698156940492 47 57 34
12.379954508232426 49 59 35
12.647525856186112 50 60 36
12.379954508232426 49 59 35
12.831643043824059 46 56 32
12.001394635166495 48 58 34
12.001394635166495 48 58 34
11.05735634674325 48 58 34
11.298121054571329 47 57 33
11.298121054571329 47 57 33
11.470330976997628 47 57 33
11.470330976997628 47 57 33
11.305110725024354 46 58 33
11.305110725024354 46 58 33
10.821939548151176 45 57 33
11.209501280479751 48 58 34
11.332392444677156 46 56 32
11.443613166307456 49 59 35
11.443613166307456 49 59 35
11.209501280479751 48 58 34
11.332392444677156 46 56 32
11.836681802562325 50 58 35
11.35241559319642 47 57 33
11.77791350439016 47 57 33
11.523814175817513 47 57 33
12.329963075907141 48 60 33
11.791552422615572 47 57 33
11.846690334363405 45 55 31
12.57001602526255 44 54 28
12.667257793752766 44 54 28
12.57001602526255 44 54 28
12.667257793752766 44 54 28
12.57001602526255 44 54 28
13.06129605844524 45 55 31
12.733551648629863 48 58 34
12.446646973670969 51 61 38
12.781750194133258 50 60 36
12.446646973670969 51 61 38
13.06129605844524 45 55 31
12.733551648629863 48 58 34
12.781750194133258 50 60 36
13.271693707004944 44 54 30
13.09074689578314 44 54 30
13.09074689578314 44 54 30
12.84186657583013 44 54 30
20.116452597931406 52 70 48
22.123087518672005 51 63 40
21.976735067356756 50 62 38
21.875163246996703 45 56 33
22.145963976329384 45 56 32
21.772656966340517 54 69 47
21.772656966340517 54 69 47
22.390889993855637 53 66 44
22.24629941313637 51 63 39
20.971684614993308 53 70 50
21.266538804628738 51 69 48
21.59135535548668 52 70 49
11.206468843002257 48 60 36
11.437187618917159 50 60 36
11.693169544158478 50 60 36
11.206468843002257 48 60 36
12.220793918708827 49 61 37
12.432703676380381 50 60 34
12.432703676380381 50 60 34
12.220793918708827 49 61 37
12.323777182653474 49 58 35
16.133774489741644 45 51 31
15.097139092877232 46 51 34
12.6991636481177 51 61 37
12.6991636481177 51 61 37
15.654675941996915 41 50 33
15.528938324650968 35 42 26
15.654675941996915 41 50 33
12.57405776794682 37 42 32
12.11193958879682 38 46 28
12.338758586852682 37 45 27
11.967967429040453 38 46 30
12.64084041219562 38 45 27
11.667868084455835 55 56 60
11.051584446925192 31 42 6
11.775851670576879 30 41 7
11.12726168590832 31 40 7
18.998571825226964 20 25 11
18.40833193845741 34 40 24
15.03601350336701 43 49 29
12.123845932971964 2 2 4
12.123845932971964 2 2 4
12.27387028801884 31 41 11
13.042803688900719 34 44 17
13.178035169522403 36 45 21
12.699824425282936 36 45 22
13.01628115653546 34 44 15
13.075528976219172 35 45 18
13.210425461351134 36 46 23
11.814468605474104 35 45 18
12.256399023189259 38 46 30
12.19098166518132 39 47 28
12.716375733931082 5 8 3
13.665737325629511 37 44 28
13.386802971252564 35 44 24
13.729158698309176 30 40 13
12.19098166518132 39 47 28
11.495232686474791 39 47 26
12.266435663960037 103 90 71
12.219663409391261 16 6 0
12.524036165141265 1 4 1
13.306501243467412 4 3 1
13.27752897866546 6 3 2
13.158552569338545 15 18 11
12.165166180091898 44 31 15
13.235088374878051 8 8 8
12.550362892947081 106 96 80
12.600275849683612 7 6 3
12.89524300056154 72 60 42
12.180572182184546 7 0 2
11.934589136444758 6 6 8
12.13604812369828 3 3 5
11.140594763966138 4 3 4
13.063570675887894 5 4 1
12.246868352908919 6 1 3
11.933518992702423 2 2 2
11.866317387964202 3 3 5
11.934589136444758 6 6 8
13.503768505509544 33 42 22
13.780335507975073 34 41 28
13.380282108388984 8 7 5
14.03719761104807 35 40 24
14.373197265521014 3 6 0
14.03719761104807 35 40 24
13.20082382796527 52 48 39
13.77920972588897 31 37 13
13.77920972588897 31 37 13
14.077737854325141 4 1 0
14.164826295048647 34 41 15
14.05035599307008 45 46 28
13.529132752539757 90 89 71
13.915281837699641 31 41 7
13.915281837699641 31 41 7
14.417770438101822 34 43 14
14.193872194271762 36 42 16
14.746914646904644 35 44 16
14.69440739673171 36 45 17
14.69440739673171 36 45 17
15.266659058234668 35 44 16
15.145526112533844 36 42 16
15.266659058234668 35 44 16
14.638450328841879 37 44 14
12.66425415263898 3 6 0
15.104872087791517 33 38 13
13.853128077579253 34 40 15
13.651493496018944 35 41 12
15.104872087791517 33 38 13
14.664921115670527 38 45 15
14.80085791650636 35 42 11
11.979787988548905 2 2 2
11.623885213123387 3 3 3
11.52016035674662 7 7 7
11.645464575767363 5 7 8
11.489885029371035 6 8 8
11.632747797969866 5 7 7
11.722232351482727 9 9 9
11.566581249371163 5 5 4
11.338495715798148 6 6 6
11.770129259724259 8 10 10
11.355023363838985 12 12 10
11.722232351482727 9 9 9
11.786441724645345 5 7 7
10.744923094576812 3 5 6
11.617818765318276 1 1 1
12.046457038070477 55 58 54
12.118355873646086 43 53 26
12.118355873646086 43 53 26
11.97658938642021 66 69 65
10.863447800631462 51 56 46
10.396804545576545 28 33 24
11.495523002205768 42 50 30
10.874604251925836 61 64 59
11.173347114953232 42 50 28
11.094422259414532 44 52 34
11.253092380859574 60 65 56
11.779840368585525 43 51 29
11.838830703382019 41 49 31
11.790129712107332 39 46 29
11.820484501749243 1 3 5
12.993535571386905 25 29 16
14.012772421475981 36 42 18
12.993535571386905 25 29 16
13.256497168754382 34 38 27
13.86036751609961 34 38 26
13.394519439843949 43 48 35
13.813468357878506 37 45 14
14.001293682201025 37 43 17
13.316891083066292 36 44 18
13.316891083066292 36 44 18
13.18308405708935 41 51 22
14.001293682201025 37 43 17
13.65883980502671 36 44 20
11.892168821893696 32 41 15
11.788535199522782 34 43 18
11.452319304966384 30 43 8
11.894418170879199 30 40 9
11.426677091249037 30 40 11
11.894418170879199 30 40 9
11.619942619725297 30 40 11
11.184905593145835 29 39 9
11.077070927139216 30 42 8
11.554337970229929 32 41 14
11.602691656809478 31 42 7
11.321145549146667 31 42 8
12.407930485213459 31 41 11
11.475573242449162 30 42 8
11.475573242449162 30 42 8
11.889790197456774 32 44 9
11.200274888654107 33 44 10
11.841530343679578 32 44 7
11.194356015609761 34 43 9
11.238366763999151 31 42 6
11.889790197456774 32 44 9
11.312799189580165 32 43 6
11.385378048207476 38 47 20
11.859385992471617 33 44 12
11.312799189580165 32 43 6
11.032038793554038 38 47 21
11.422852675288675 35 44 16
10.92914734660743 31 42 8
11.386740505646474 33 42 10
11.422852675288675 35 44 16
10.92914734660743 31 42 8
11.172915971315197 31 42 7
11.643831530087231 33 42 10
11.643827058085892 33 45 9
12.47843177389733 37 47 17
12.308519891389727 35 46 10
11.657627319461222 34 43 9
11.171527436288413 37 45 18
12.12169857061881 43 52 25
11.044424899528504 31 42 7
12.24878874406143 34 44 16
12.307263709568083 42 51 25
11.694229545386632 31 43 6
11.522677785994874 45 52 28
12.594205416623415 44 53 27
13.029170354836936 45 53 30
12.028842700691666 43 52 26
12.403157935672601 44 53 30
13.32173546781391 44 53 27
13.931589491534927 33 42 9
14.709851320769916 37 47 18
14.432336601286384 47 58 34
12.088154834482351 48 60 36
12.03740713780536 48 58 34
13.066792923955528 48 59 35
12.55371687024521 48 58 34
13.096440761382562 46 56 32
12.137078158204531 45 55 31
12.675607189892881 44 54 30
11.863813226544856 44 54 29
11.893367255201621 49 59 35
12.193297395218151 47 57 33
12.137078158204531 45 55 31
12.418409740962456 44 54 30
12.214916348971594 44 54 30
10.808249052789186 48 58 32
10.861353570441533 46 56 32
11.627266148294476 47 57 33
11.811409759564711 43 53 29
12.670161124448935 44 54 31
11.743738455210156 43 51 29
12.670161124448935 44 54 31
12.408641383143937 43 53 30
11.961026155786406 44 54 31
12.034268867714713 45 55 29
11.396927425418943 46 56 30
11.339602788336913 44 54 30
12.145792021825477 43 53 28
11.972336302159713 47 57 33
11.748535806460051 48 58 34
11.888747632437193 49 59 35
11.8594132911704 47 57 33
12.546763039414474 47 57 33
13.24168479179823 45 55 31
12.379954508232426 49 59 35
12.54698156940492 47 57 34
11.895390258797468 46 56 32
12.315185028499412 45 55 31
12.018297116690219 46 56 32
12.315185028499412 45 55 31
11.798714554905683 47 57 33
12.614698510319881 47 57 33
12.605299787116422 45 55 31
12.820312747478818 48 58 34
13.24189185354986 47 57 33
12.54698156940492 47 57 34
12.17361680299185 45 55 31
11.05735634674325 48 58 34
11.05735634674325 48 58 34
11.298121054571329 47 57 33
11.409911600752507 49 59 35
11.869171650044024 47 57 33
10.885869977271108 47 57 33
11.523814175817513 47 57 33
11.72918890269914 48 61 34
11.846690334363405 45 55 31
12.667257793752766 44 54 28
12.57001602526255 44 54 28
12.446646973670969 51 61 38
12.733551648629863 48 58 34
12.477548655496857 46 56 32
12.84186657583013 44 54 30
13.09074689578314 44 54 30
13.409764033251621 45 55 31
12.84186657583013 44 54 30
21.875163246996703 45 56 33
22.24629941313637 51 63 39
20.408532339385378 54 72 50
21.266538804628738 51 69 48
21.300997839276697 54 71 50
11.998105295819293 48 58 34
12.719922853768171 47 57 33
11.693169544158478 50 60 36
11.467602072242643 49 61 37
11.77249488959548 31 42 6
15.46951902208232 26 33 17
20.831727489638844 58 61 57
13.355796724903659 36 42 30
12.076599128872264 38 46 31
12.560461770078428 37 46 31
12.246725326896382 38 47 24
12.061060319197562 37 45 34
12.361152117536859 15 19 14
12.517946175799896 39 47 30
12.229811169269324 3 6 3
12.365697308961462 38 45 33
11.42779469776349 38 47 26
12.650212729823448 36 43 35
11.786181625120747 2 2 4
11.984706598424555 5 4 5
12.165166180091898 44 31 15
11.35614802210173 8 8 8
12.247786034483022 1 2 1
11.687045281153347 2 2 3
13.111739216562567 7 5 4
12.246868352908919 6 1 3
13.822751501715187 1 4 0
12.45538189894259 50 40 29
12.050315396478785 4 4 6
13.780335507975073 34 41 28
13.921677928134683 0 2 0
14.164826295048647 34 41 15
14.193872194271762 36 42 16
14.866653102331334 33 42 14
14.294272333485035 33 42 7
14.294272333485035 33 42 7
15.266659058234668 35 44 16
14.37691929114935 36 43 18
13.921677928134683 0 2 0
14.543521872877704 41 48 18
13.696261948903398 35 43 13
14.945951876333432 33 37 14
14.759254541734407 33 39 12
14.945951876333432 33 37 14
12.026431224734953 6 7 5
11.158593824152726 36 38 42
12.713172249420337 40 48 28
11.12528555130544 36 41 27
12.026431224734953 6 7 5
10.281948952546148 36 40 33
11.890550407596464 3 5 5
11.939557843165014 2 5 1
11.985090216264886 8 8 8
12.07312136490596 35 37 36
12.903890904841893 56 61 48
13.65883980502671 36 44 20
13.813468357878506 37 45 14
14.012772421475981 36 42 18
13.65883980502671 36 44 20
12.790920605795552 0 3 0
13.394519439843949 43 48 35
13.523515481568305 38 44 22
11.295210160602307 36 44 20
11.469796435230132 29 39 9
11.186047355260962 36 44 22
11.321145549146667 31 42 8
11.321145549146667 31 42 8
11.833671685819498 31 41 13
11.5287897804369 35 44 11
11.339816032047029 36 46 14
11.194356015609761 34 43 9
11.479012315624168 33 44 7
11.160672465547325 38 44 17
11.859385992471617 33 44 12
11.71700338995014 31 42 7
11.14409794377271 32 43 12
10.81120604021872 32 43 11
11.27145283098608 33 43 8
11.396023552957567 35 44 16
12.45705004228132 38 47 20
11.907573479835724 36 46 17
11.694229545386632 31 43 6
11.862713796508292 37 47 15
13.614447605278734 52 64 40
15.137879943308603 36 46 16
20.01589491283429 42 52 27
12.088154834482351 48 60 36
12.03740713780536 48 58 34
13.096440761382562 46 56 32
12.675607189892881 44 54 30
12.214916348971594 44 54 30
12.137078158204531 45 55 31
13.004811985203668 44 54 30
11.257850636122411 47 57 33
11.515257975063989 42 52 29
11.634293745662305 45 55 31
11.902641445722159 43 53 29
11.302739492145232 42 52 29
11.498088413529109 46 56 32
11.79909980665432 43 51 29
11.997876768570235 46 56 32
12.54698156940492 47 57 34
12.567992144615884 47 57 33
12.975166095561098 46 56 32
12.325027456567186 50 60 36
12.195495473575273 47 57 33
12.684167256359704 46 56 32
12.417385486901654 47 60 33
12.17361680299185 45 55 31
11.610734536964985 48 58 34
12.975166095561098 46 56 32
11.092129143765048 46 57 33
11.409911600752507 49 59 35
11.725589370261726 48 58 34
11.72918890269914 48 61 34
12.84186657583013 44 54 30
12.733551648629863 48 58 34
12.781750194133258 50 60 36
13.455540563811995 47 57 33
22.123087518672005 51 63 40
22.145963976329384 45 56 32
20.240033252017238 51 69 47
20.219043000047957 51 66 42
21.266538804628738 51 69 48
21.300997839276697 54 71 50
20.971684614993308 53 70 50
21.300997839276697 54 71 50
12.323777182653474 49 58 35
12.503126041910528 4 6 8
18.847712633548344 34 40 22
21.876646348546593 36 44 20
11.98032838601901 39 47 28
12.390648251581208 39 47 28
11.648444418812565 40 47 27
12.965390116516113 8 8 8
13.29683725509282 32 42 14
12.197702490442442 1 2 1
13.09742855628495 10 8 7
13.14010511905014 26 23 9
12.708506010105726 2 1 3
14.759254541734407 33 39 12
14.759254541734407 33 39 12
13.734512012923208 19 19 4
13.89724700201253 36 42 16
13.970717643864278 32 41 10
13.853128077579253 34 40 15
14.097050554869545 34 42 14
15.122873141040097 35 44 13
14.80085791650636 35 42 11
13.696261948903398 35 43 13
14.920163468493772 34 40 12
14.292400680379588 34 42 23
14.920163468493772 34 40 12
13.528415352783007 36 44 19
12.790920605795552 0 3 0
12.436358391106491 59 62 57
11.109807829202733 60 62 62
12.27988440536971 2 5 1
11.577798582499593 32 35 32
11.115771722152793 52 56 50
11.936913449707129 31 42 10
12.506432587429654 31 41 11
11.920121220150692 30 41 7
11.295210160602307 36 44 20
11.200274888654107 33 44 10
13.32173546781391 44 53 27
10.855725235290727 32 43 7
11.02985744243731 32 44 10
11.385378048207476 38 47 20
11.433463288099043 33 44 12
13.931589491534927 33 42 9
13.850567592513952 46 56 32
12.55371687024521 48 58 34
13.11355764156569 51 61 37
11.791552422615572 47 57 33
11.193650114652797 42 50 28
11.257850636122411 47 57 33
12.323554694645566 48 58 34
12.183348548296351 46 56 32
11.305110725024354 46 58 33
11.85799433130973 43 53 29
11.758848114173107 48 61 34
12.546763039414474 47 57 33
12.27055976591584 49 59 35
12.614698510319881 47 57 33
11.998105295819293 48 58 34
13.235925004312977 50 62 38
12.050315396478785 4 4 6
11.855146162740773 83 67 44
12.212824963875315 39 47 30
11.987066388370522 3 2 5
13.967692046538485 34 43 15
14.417770438101822 34 43 14
11.952283034800354 40 46 29
12.181971595037469 40 48 27
12.415125049225443 1 3 0
12.07312136490596 35 37 36
12.78122242545824 28 32 25
11.903940326014236 40 48 28
11.338495715798148 6 6 6
11.081978162164871 38 40 41
12.005952622797079 30 42 8
11.5287897804369 35 44 11
11.068535817407588 32 43 8
12.403157935672601 44 53 30
12.901567077552391 46 56 32
11.828667440549454 45 53 30
12.007956658934091 33 42 10
14.709851320769916 37 47 18
13.066792923955528 48 59 35
11.498088413529109 46 56 32
11.634293745662305 45 55 31
12.084657915091052 50 60 36
11.092129143765048 46 57 33
12.684167256359704 46 56 32
13.063557973993456 50 62 38
12.145792021825477 43 53 28
12.021129096527568 46 54 32
12.021129096527568 46 54 32
13.640538513799509 48 58 35
22.390889993855637 53 66 44
14.499713485658587 36 42 16
11.605539726294534 1 3 3
14.294272333485035 33 42 7
11.475573242449162 30 42 8
11.068535817407588 32 43 8
13.614447605278734 52 64 40
11.862713796508292 37 47 15
11.907573479835724 36 46 17
14.528180308342096 46 54 31
12.439276248309811 50 62 38
12.647525856186112 50 60 36
12.027101369264285 50 60 34
21.976735067356756 50 62 38
12.581353798400954 45 53 30
12.820312747478818 48 58 34
13.785342992661649 33 43 15
14.664921115670527 38 45 15
12.210409719872862 34 39 32
13.253722280140249 40 45 23
12.12169857061881 43 52 25
11.27145283098608 33 43 8
11.096152099740713 34 44 9
12.237760553156708 44 54 30
11.264471016083647 49 59 33
12.667257793752766 44 54 28
11.781497050549302 48 58 34
11.192513780431598 48 59 33
11.325628524714878 38 48 15
13.09074689578314 44 54 30
11.264222982255742 47 57 33
11.866534465615528 50 62 38
13.008693875845191 46 54 31
