14.918664776596563 33 33 11
13.975354147521449 37 41 13
14.549713274388914 36 38 14
6.891963048469575 41 46 17
6.603056761878112 41 46 17
7.600365648023485 46 50 28
7.522974666141409 37 41 20
7.522974666141409 37 41 20
6.750048155785777 39 45 22
7.83267279169636 44 50 27
6.913954474742565 40 45 18
6.913954474742565 40 45 18
10.488089493532712 50 55 26
10.561364201498414 50 55 26
6.543671133445139 33 36 7
5.6361338356264765 37 40 11
5.940775896958948 35 37 11
6.495873956790942 40 45 16
6.302633743706641 40 43 14
6.596272058038773 39 44 15
7.296576360642457 40 45 14
6.683235465877801 41 44 15
7.5315355489898 37 42 12
6.326674001768409 40 45 16
6.406061091533381 39 42 11
6.524142269544146 39 41 15
6.435029224840306 39 44 15
6.718543193845827 38 43 14
5.945829225305095 46 51 18
6.276599213130962 46 53 19
5.992636860620326 44 53 19
5.920242677386585 44 47 18
5.920242677386585 44 47 18
6.477230044474989 43 53 17
6.2250511085399864 44 48 18
5.395151971212646 44 46 20
6.057463980132668 44 46 20
5.590320316169544 44 49 18
6.208772296171477 40 43 14
5.970837230381243 41 46 15
7.22993944017962 46 54 22
7.194166070343077 43 50 16
7.001141988336385 40 47 17
7.15262228736741 44 51 20
6.907880785922573 48 56 22
7.401893215229062 46 53 21
6.94821044005516 51 58 24
6.396466618511544 40 45 14
6.447852394993236 44 51 21
7.401893215229062 46 53 21
6.682036421285243 47 54 24
7.706104270744367 45 52 18
7.73951173476556 48 55 22
6.924766200698599 49 54 25
6.751326130342596 49 54 23
7.107123067818017 52 57 30
7.107123067818017 52 57 30
6.294697532370459 52 59 29
7.3169387049819345 49 54 25
6.870838529768819 51 58 26
6.817339064522566 49 56 24
7.485591721470828 58 67 35
7.279568035375084 51 56 27
9.811916214172355 50 59 25
5.809617417815291 57 62 31
6.311678029886415 57 62 29
5.805931625122604 55 62 30
7.550343681528733 56 63 29
6.813952483275346 40 45 18
8.043404239904872 46 50 29
6.704173871948989 40 45 18
6.930857312776707 39 41 13
6.553477658467697 36 39 10
5.958765038731474 43 46 17
7.408318346102707 46 52 25
7.125085278891833 41 46 15
6.364435632475391 36 39 10
6.406061091533381 39 42 11
7.125085278891833 41 46 15
5.783806154283946 38 41 11
6.380317296040291 45 48 19
6.025853677081302 44 49 20
6.053929084885342 43 45 19
6.228488886537322 43 48 17
5.263961309226823 42 47 16
5.945829225305095 46 51 18
6.212219082702289 43 46 17
5.441331153855896 43 46 17
5.809655856487628 45 50 17
7.303891739095486 48 57 24
7.194166070343077 43 50 16
7.001141988336385 40 47 17
6.974525555531055 42 50 18
7.900382316923849 50 57 25
6.371563647385076 54 61 29
6.236257438764088 48 55 23
5.809617417815291 57 62 31
7.31199679546291 53 60 28
14.385358568091167 36 38 14
15.521191288975308 32 32 10
7.047294093802329 38 44 22
6.561032787941067 40 45 20
7.093572114231445 41 47 21
7.370506722772098 48 53 28
6.718543193845827 38 43 14
5.404522988349104 43 48 17
6.454054656459094 40 45 14
6.235224401415991 35 38 9
6.213472850108597 41 43 17
6.789020501413237 45 52 22
7.75092871379531 53 62 29
7.291475131711808 50 55 24
6.572885066051971 46 53 21
6.907880785922573 48 56 22
5.972104279884501 53 60 28
6.6748790855636475 52 59 29
7.7203438764818895 49 58 22
9.707259514824683 55 64 30
7.801797496128398 43 48 17
5.987762947039172 45 52 18
7.364429089447973 50 57 24
6.751326130342596 49 54 23
6.657359899019696 52 59 25
7.22993944017962 46 54 22
6.610715735810949 40 45 16
6.3957217664819686 34 37 8
6.348037681175896 40 45 16
6.773484484276529 53 58 25
6.751326130342596 49 54 23
6.576567083816585 52 59 27
6.398157138531658 37 40 11
7.384748022376636 50 59 25
6.067419654401554 40 45 16
5.9828477372541276 60 65 32
5.940916910979481 45 50 17
6.937435251140477 41 48 15
7.900382316923849 50 57 25
5.581261264110803 43 46 17
7.401893215229062 46 53 21
