16.200963251450617 72 72 75
16.062451189172247 74 71 74
16.041769694394198 73 70 72
10.396689938365405 50 54 32
10.748394790391021 50 56 34
11.04065534595951 51 55 36
10.152163323843265 51 55 36
9.726502441158988 51 57 35
9.006177665749167 48 52 33
8.331580264017525 47 51 32
10.87661970417025 52 56 35
10.121223379619309 51 55 36
10.260059113593277 51 55 36
9.450588818030296 46 50 30
10.557992511593698 51 57 37
10.134018958726537 52 58 35
10.435551404514715 52 58 36
10.260059113593277 51 55 36
10.175239052525592 45 49 29
11.291859262650991 45 48 27
10.730237914853406 45 49 29
11.529770719702862 45 49 32
11.23706587915016 44 46 25
11.2832173780918 45 47 24
11.219691045651496 47 48 27
9.567799717293305 49 54 30
9.948483234726703 49 53 33
10.32386246804702 49 55 31
10.156047822039513 47 52 30
10.492085589639103 48 50 28
10.897482505196562 50 54 32
10.492085589639103 48 50 28
10.437922022955975 49 55 32
9.948483234726703 49 53 33
9.985778894115025 49 52 30
10.058201125344555 47 51 31
10.227978315760883 55 59 42
10.236431464118247 52 58 33
10.236431464118247 52 58 33
10.126932197484022 55 63 43
10.60266236477568 54 59 42
10.205746992050814 54 62 42
10.626859238965855 55 63 43
10.990533689215734 52 61 40
10.343448263515906 52 61 35
10.990533689215734 52 61 40
11.357562398429787 54 62 42
10.60266236477568 54 59 42
10.626859238965855 55 63 43
11.58294320628182 55 63 43
10.126932197484022 55 63 43
9.989088552685818 56 60 43
11.521069658610253 56 62 42
10.925305649380505 51 59 37
10.925305649380505 51 59 37
10.559384927323821 53 61 41
10.43139172345258 55 59 42
10.11730507980932 53 56 45
10.060025631210058 51 56 39
10.049961335257127 50 55 39
10.468729536724679 52 55 42
10.040250576251522 52 57 42
10.149336160279605 53 58 41
10.697254324431276 46 51 36
9.694172544350707 53 58 41
10.16854005778841 47 53 34
10.468729536724679 52 55 42
9.801202134943606 68 71 69
10.838403388742025 70 72 74
10.624081658664439 71 76 63
10.084417850915525 62 66 66
9.964838148468814 69 73 75
10.775228402457481 67 72 63
10.45942637114801 71 73 75
9.135646977024514 43 47 29
10.59577395222792 58 63 52
9.368246326690196 40 44 27
8.80690901378595 46 50 33
10.031470249895634 45 49 32
10.09784294282618 40 45 29
9.78263527318238 39 43 33
9.316441510161509 45 49 32
10.799930812040932 50 58 40
10.276105886950809 44 48 33
8.810086410257647 46 50 31
8.810086410257647 46 50 31
8.480661301156513 43 49 29
9.17191413857401 42 48 28
9.224530654220718 44 48 29
8.657578141700471 47 51 31
12.308855011640581 55 61 41
12.474646850314942 51 57 37
12.24803241777049 54 60 40
12.142644907439122 55 61 41
12.29009118279734 54 60 40
10.48610136931999 48 53 32
10.404917850534993 46 50 32
9.883918388866947 46 50 31
9.629324269776061 47 51 31
10.312895131549572 51 55 36
10.90961820005153 54 60 37
10.90961820005153 54 60 37
11.64833604200412 54 60 37
11.433100004905421 53 61 39
11.537471984314964 55 61 40
11.537471984314964 55 61 40
12.182437447959302 55 61 39
10.393909303306636 45 48 42
10.13251744204746 52 56 49
10.13251744204746 52 56 49
10.5657875493822 48 52 43
10.32943918525691 39 43 36
10.088650243689235 44 49 40
10.215250192633093 44 47 43
9.919340720692768 50 54 40
9.414134366913016 47 51 49
10.35317769897544 49 53 44
10.002366867365106 53 57 46
11.16224498896319 45 49 42
10.75738104216389 51 56 41
11.050734407856856 50 56 42
11.018949738408823 55 61 39
10.659632093480054 49 54 43
10.933812610173629 52 57 39
10.332148375871457 52 57 39
11.418634338784292 51 59 44
11.058558660372817 52 56 41
10.771501308315118 49 53 42
11.040572248675442 49 53 33
10.53565781059077 49 52 45
10.259949547231441 58 61 58
10.76152709701355 51 55 48
10.336818189784946 47 50 38
12.119131676384976 56 64 44
12.161636228907433 56 64 44
12.161636228907433 56 64 44
11.300575335080673 55 63 43
12.119131676384976 56 64 44
9.720631120611786 55 65 42
10.044309505869016 55 63 43
10.244620041715695 55 63 43
11.513559718290193 54 64 43
12.280442428517203 56 62 42
9.226486907213692 54 61 43
9.717334152614807 57 63 43
9.358933222600864 55 60 43
9.19900398085675 56 61 44
10.182132386139132 45 52 30
9.499804876283667 49 58 36
9.448721387689398 48 57 36
9.664850786173112 45 51 37
9.499804876283667 49 58 36
10.127802760249585 43 49 36
9.664850786173112 45 51 37
9.65475269039797 49 57 40
9.661156903568166 44 49 41
9.661388213482121 49 57 37
9.503177312714687 47 55 35
9.91853303388535 45 50 40
10.098867022185535 54 59 43
9.697999870139139 53 60 42
9.647965829952698 52 60 42
10.649724990495622 50 56 41
9.85633456236988 54 59 42
10.697888904641307 45 50 41
9.92268249397211 44 50 40
10.377575049660534 45 49 42
11.696358268447364 39 46 33
10.9730265960305 49 58 41
10.416021387312618 52 58 43
10.416021387312618 52 58 43
11.696358268447364 39 46 33
9.596666998196278 53 61 43
11.54882113042178 46 54 41
10.875491153064342 56 62 42
11.28025995470249 56 62 42
10.68260829519638 49 54 35
10.691735649315442 45 50 37
10.453414100949537 42 47 38
10.660982580066529 47 52 39
10.679266453505612 42 47 34
10.438154624121566 53 58 44
9.227519338781853 52 55 51
9.471936755816767 61 63 61
9.913624387400517 42 46 43
10.042431042982662 49 52 49
10.959674219997785 47 52 40
10.162224970458443 46 50 46
9.986204313751832 45 49 43
10.827395508395371 49 56 50
10.127612266406311 49 53 46
11.366405619548622 60 63 61
10.867311688209941 51 55 34
10.396689938365405 50 54 32
9.091186156433196 46 50 30
9.488644633416946 51 55 36
9.726502441158988 51 57 35
10.024766700297256 51 57 35
9.940183227602594 49 53 34
10.260059113593277 51 55 36
10.121223379619309 51 55 36
10.628500224276346 48 50 31
9.577989488221526 49 52 31
10.227978315760883 55 59 42
10.498288258615807 52 58 36
11.521069658610253 56 62 42
10.952724796118547 54 62 42
10.63904670731689 54 62 42
10.343448263515906 52 61 35
10.952724796118547 54 62 42
10.887270237213258 53 61 39
10.797658908918445 52 58 35
10.731258578188555 52 58 36
11.294454231738058 52 60 38
10.129375043578891 50 55 39
9.22713549001916 50 57 38
9.324426960673076 53 58 41
9.485234823948593 49 54 38
9.47494530111931 53 58 42
9.882430801642744 41 45 28
10.09784294282618 40 45 29
8.810086410257647 46 50 31
8.657578141700471 47 51 31
9.384024862282793 46 50 31
9.224530654220718 44 48 29
12.185067440226721 55 61 41
10.069153349167694 52 56 38
12.24803241777049 54 60 40
10.720367472849913 50 55 33
10.609727094751728 44 48 35
10.48827661900845 66 70 63
10.570594459488404 69 72 69
10.302181870538458 71 74 74
10.119359194312832 65 68 63
9.883692286870012 45 48 43
9.919340720692768 50 54 40
10.438572368470378 46 50 39
10.665775228513018 41 45 37
11.018949738408823 55 61 39
11.018949738408823 55 61 39
10.645363442345346 51 55 37
10.73693526964373 52 58 42
10.332148375871457 52 57 39
10.462063260965053 50 55 43
10.659632093480054 49 54 43
10.782951167276675 51 55 50
9.20248665248967 55 63 43
9.620685416870572 55 60 44
11.512722833033596 56 62 42
12.285659890253756 56 62 42
9.36577833198964 56 61 44
8.95321751236402 57 62 44
12.119131676384976 56 64 44
10.175118865232339 55 59 54
9.661388213482121 49 57 37
9.65475269039797 49 57 40
9.459039436878527 47 53 32
9.043490602159455 54 59 42
10.922631619662381 44 49 41
10.907693864231444 51 58 38
9.976249030355547 54 59 44
11.343447090151436 52 61 43
10.965483263003712 47 51 43
10.254275360224856 48 53 41
10.254275360224856 48 53 41
10.2637836283487 43 48 39
10.351580715906293 69 71 74
10.410256433557215 44 48 41
9.70756250763869 51 55 36
10.913437862411147 53 59 37
10.396689938365405 50 54 32
10.396689938365405 50 54 32
10.474181517806398 47 49 27
10.788282766636483 50 56 33
9.652704881642162 51 55 37
10.559989927159634 48 50 28
9.630672195578185 56 60 43
10.16854005778841 47 53 34
10.066796837614124 47 51 29
10.343448263515906 52 61 35
10.787013698248204 55 63 43
10.038786154978803 48 54 31
10.787013698248204 55 63 43
11.016814233023153 67 73 64
9.374997311898703 65 67 70
11.02753201628338 67 74 57
9.368246326690196 40 44 27
9.525334433122453 33 38 25
12.142644907439122 55 61 41
12.433212411334264 52 58 38
12.287483669655098 55 61 41
9.939764311602563 62 66 60
10.088650243689235 44 49 40
10.026181984684184 43 46 42
9.999791811158339 48 52 36
9.770510623645249 47 51 49
9.80442966843668 40 44 41
11.050734407856856 50 56 42
10.542806748096424 51 59 41
11.224425423877136 54 60 37
10.901687051964954 55 60 42
10.645363442345346 51 55 37
9.875358857161721 54 63 43
12.159001168469455 55 63 43
12.159001168469455 55 63 43
9.717334152614807 57 63 43
12.119131676384976 56 64 44
10.092378821416414 55 62 43
10.43258682975567 43 49 31
9.664850786173112 45 51 37
9.503177312714687 47 55 35
9.448721387689398 48 57 36
9.70130340885445 53 60 42
11.168411200356516 45 50 43
10.825662989229132 45 52 39
10.710336419829208 50 57 41
11.811466625933335 56 62 42
10.68260829519638 49 54 35
10.133538017257253 54 59 45
10.341368950531596 38 42 37
10.134018958726537 52 58 35
11.476113314783937 42 44 31
11.083416545946484 43 45 22
10.600931251484926 48 54 31
10.411620715001039 48 52 33
10.721824369551355 51 56 34
10.58355627851765 50 56 31
9.369577040070743 54 56 57
11.30551800689664 54 59 42
10.23033721551084 48 52 34
10.57198521544047 62 64 64
9.882430801642744 41 45 28
9.525334433122453 33 38 25
10.929842559078232 44 52 37
9.6473557779057 45 49 41
9.85633456236988 54 59 42
9.661388213482121 49 57 37
9.908693472806126 48 53 41
9.667400178346309 55 65 42
9.697999870139139 53 60 42
11.184188697168981 48 52 38
10.341368950531596 38 42 37
10.89122775824061 55 60 43
10.369218336784549 49 52 30
10.46837135886737 56 61 44
11.138965767346471 44 46 24
11.357562398429787 54 62 42
11.01873836197048 44 46 24
10.990533689215734 52 61 40
10.107207048806973 46 51 38
10.340908515370803 39 44 32
12.303647385987825 56 62 41
10.406720415925307 41 45 35
11.36364950820088 56 64 44
10.764495076753391 47 52 43
10.130045197725567 51 55 45
10.852661091875024 47 51 42
9.600628756799589 52 57 40
10.867311688209941 51 55 34
11.23706587915016 44 46 25
9.450588818030296 46 50 30
10.694485791051328 68 75 60
11.180334876474909 44 52 39
9.474977542115644 48 52 33
9.664850786173112 45 51 37
11.556123322718761 48 51 44
10.210673140402317 47 50 45
10.11730507980932 53 56 45
10.133538017257253 54 59 45
