15.009989588598645 0.37015609416038303 1.3254352228625994 31 40 8
15.283711571654338 0.37015609416038303 1.261923022930221 29 35 10
15.6167823626124 0.37015609416038303 1.200881732393587 31 40 9
15.721204653926534 0.34680993230970125 1.401682011622718 32 38 13
15.584101636442195 0.34680993230970125 1.464976818948628 32 39 14
10.24517135617546 0.9775639410476663 1.8026317630809803 39 48 22
10.357858380654653 0.835431766502411 1.9005495995967328 37 47 24
10.671436438110614 1.3251375348452046 1.6980175625009641 35 50 24
10.483758763594938 1.20269348278993 1.896442373790855 36 45 17
9.737299206705904 1.065430528965473 1.8149633565066559 38 47 24
9.902156810132428 1.2998501611171558 1.810817675760931 35 47 20
9.902156810132428 1.2998501611171558 1.810817675760931 35 47 20
11.642499918048816 1.7828472772294484 1.4289402378510498 35 44 21
11.543645541426056 1.7828472772294484 1.5148032983173298 35 44 21
9.872364305666892 1.5089087461514783 1.917429979585574 33 43 16
10.636580948322713 1.802797823872587 1.698436734581787 32 41 18
10.453965493854682 1.7087739221913356 1.7006789381033842 33 45 20
11.070354572409128 1.802797823872587 1.878602846175498 7 15 1
10.89501219069269 1.7087739221913356 1.883723433621539 29 39 15
10.629832669944685 1.7087739221913356 1.7940972307739633 30 42 15
10.542385065415985 1.6122368326454652 1.7959812977120695 32 44 17
10.549427621628988 1.5149231176798492 1.7958283784793985 33 46 19
10.365034241293515 1.6122368326454652 1.701799712828142 35 48 23
11.233909397260053 2.302612968903669 1.4237439241089278 38 43 14
11.396668584583491 2.17705836961771 1.4258589630352618 37 46 16
10.843081568682452 1.8928329775252803 1.5111814665897347 3 11 0
10.478061379582712 2.3669700474786515 1.700378568332567 38 45 15
10.823882817005728 2.1004592209228026 1.696216222107243 36 45 17
10.276041624498975 2.016330591004953 1.6052496770852331 27 33 10
10.908176474266405 1.8928329775252803 1.6952419772104204 3 10 0
10.653530791180065 2.3669700474786515 1.793592116576141 40 47 17
10.165116481186477 2.151573859997488 1.804491410828933 37 43 16
10.732243605118471 2.2315026828837783 1.7919308068331263 40 45 16
10.434050789500457 1.9248718234032727 1.898051463732444 27 34 8
10.490815443360415 2.2315026828837783 1.5091771914258827 39 46 16
10.536267249698705 2.016330591004953 1.7961143077814719 36 45 18
11.208979882122197 2.4298723510947244 1.6918857132399943 40 47 17
15.630721512332087 0.3966949593619158 1.0596624229974259 30 36 13
9.472865771472566 0.36408166339328346 1.8219240879462282 24 29 2
10.122639483463846 0.3288751506331975 1.6057720070349066 31 36 7
10.148265449407228 0.027921461006830506 1.9076267297660396 37 48 15
10.291632680125572 -0.17902700060861268 1.9027527739395165 40 52 25
9.682480881943217 0.7615060443368236 1.9245229878370909 37 46 25
9.816525969057315 0.607654255903388 1.9194854248356576 27 32 13
11.662789438960978 -0.7338296608708613 1.429188686431406 50 56 33
11.564108506143425 -0.7338296608708613 1.5149024827127444 49 55 32
11.053903506909789 -0.9254788246235174 1.4213314228828087 31 29 16
10.105185643504361 -0.9461946933377113 1.9091199637602885 34 36 15
9.989900468506741 -0.7972961718684346 1.9131833108779421 34 36 16
9.78639350360166 -0.647872102334935 1.8137137291212637 45 50 23
10.448161876452088 -1.002669765640525 1.7007514924974094 32 34 15
10.239502970238906 -0.8661853264047795 1.7034151736006684 37 39 18
9.989900468506741 -0.7972961718684346 1.9131833108779421 34 36 16
10.105185643504361 -0.9461946933377113 1.9091199637602885 34 36 15
11.78227965115849 -1.167906965089011 1.4306343315089565 21 22 15
11.26484124185513 -1.1314399186734907 1.8731188947349664 3 4 0
11.234473565922302 -1.0506606737062694 1.5132606941434292 37 38 28
10.759777138549074 -1.1314399186734907 1.6037001591002018 26 27 18
10.63203460695076 -1.2188399880130767 1.794050200197396 21 20 11
10.338840341494588 -1.3122181652040483 1.8004934347878099 54 53 35
11.330556983041026 -1.2493195189374644 1.5137491300404124 34 33 21
11.684607901954708 -1.167906965089011 1.5154794886893261 4 4 1
9.663936075602093 -1.841743903723085 1.9252316747818554 58 63 45
10.971622165780932 -1.4251538041499074 1.4202019969715522 57 59 40
10.846143100822822 -1.7028641089724461 1.5111983139830878 60 59 41
10.760453542486449 -1.6104425137927028 1.5107231430131325 58 58 39
10.7537829976623 -1.517340232608956 1.6037185062692785 58 57 37
10.853220215092543 -1.4251538041499074 1.6034167656894536 57 56 36
10.036584186657567 -1.8150572381060857 1.6060720180994263 59 60 44
10.136226089153364 -1.4104330490117907 1.8051699427001935 48 52 31
10.029682898972961 -1.5118598757622095 1.8077070266593032 55 57 36
10.022275129803013 -1.6145111114469963 1.807885489763146 60 59 41
10.114220607688233 -1.7162518434180627 1.805689447696409 60 59 41
9.452882614071784 -2.1826417309784936 1.6082512295375637 50 56 33
9.892779577873792 -2.332877142615566 1.916684650403926 49 53 31
9.274461065360049 -2.249117753561511 1.940817811947536 50 56 31
9.477722516944826 -1.9446402272175272 1.7141453521875623 53 57 36
9.962597136510942 -2.4841646869700544 1.914160293211142 49 53 31
9.796465474210653 -2.0398733820151165 1.6069370238686937 52 58 36
9.098236884217888 -1.9878340162142363 1.9483418810711821 54 59 37
9.542795070614247 -2.1826417309784936 1.7131611703823653 51 57 34
10.060241022904865 -2.2641511421398515 1.6059890323787256 49 53 31
10.144771928597356 -2.2641511421398515 1.704660972846094 50 54 31
10.338110746894866 -1.9092383909288906 1.5082658329611551 55 59 40
10.323976068326685 -1.9092383909288906 1.6050896465507778 56 62 42
19.582390100094425 -0.9945128105572817 1.11350377759325 39 48 20
19.113384361640236 -1.0437225853475762 1.1013926647642789 38 46 22
11.686171870699663 2.6737693752792513 1.6010909498748906 39 47 17
11.337636412771298 2.5547972541096544 1.5137847900203436 38 47 17
11.32474933376084 2.5547972541096544 1.6020580946856025 38 47 17
11.698660818538722 2.6737693752792513 1.515546005306975 41 48 18
10.876773565560228 2.7164631689654506 1.884266036755439 40 49 18
11.02371679071792 2.5020454474063127 1.8799481114105359 40 47 17
11.399907697733152 2.5547972541096544 1.6898479659056889 38 47 15
11.051291750589732 2.631994125388776 1.7854452515648704 40 49 19
10.876773565560228 2.7164631689654506 1.884266036755439 40 49 18
11.184188594215643 2.927446420119736 1.8753687701489714 38 51 20
11.184188594215643 2.927446420119736 1.8753687701489714 38 51 20
11.009312995225779 2.837890392987195 1.694092907263246 39 49 21
11.009312995225779 2.837890392987195 1.694092907263246 39 49 21
11.666436562088045 2.9456912047090684 1.5153932404172443 38 49 17
11.653913081087557 2.9456912047090684 1.6011748331324789 36 49 18
11.56691019241526 -3.0775616100514522 1.4280068776527932 40 54 25
12.307765058757637 -2.8258384075633507 1.354116436251218 47 57 31
10.69151710739222 3.11595046865258 1.792787246994736 39 52 21
10.655092754375145 -2.976912383185315 1.6982137673426954 44 58 29
11.156227552149245 -2.7977924482881082 1.6924611207373428 50 57 31
10.407588650409641 -2.7645380291700197 1.7989491672280489 49 58 32
11.03196063463584 -2.8852568598672184 1.7858272781635576 47 58 32
12.037316014386818 -2.8258384075633507 1.517101922944399 48 58 32
10.678288699995639 -2.7645380291700197 1.8902973129100138 51 57 32
10.713250853646553 -3.0714392276798064 1.7923293758280683 42 56 27
10.862605921225157 -2.8852568598672184 1.6957667778328849 44 58 31
10.371144766367715 -2.859419274144621 1.9001111799022168 46 59 32
10.763054039730656 3.0206218683085297 1.791287307127692 39 50 21
10.655092754375145 -2.976912383185315 1.6982137673426954 44 58 29
10.976415257153748 -3.0714392276798064 1.8813247978851912 44 58 29
10.713250853646553 -3.0714392276798064 1.7923293758280683 42 56 27
11.501256274731112 3.031119449049742 1.6015781752808285 39 49 20
10.763054039730656 3.0206218683085297 1.791287307127692 39 50 21
20.935550113414443 -2.805807722667305 0.9808939367897752 42 48 29
11.114871347110265 -2.595175305950268 1.6929160706086204 49 55 32
10.229349716987649 -2.6298228055414965 1.9048523690590389 49 58 32
11.455071843795352 -2.715471264042561 1.601702320644501 49 57 31
11.067567725383597 -2.6762712067305 1.8786828980564398 49 58 32
10.229349716987649 -2.6298228055414965 1.9048523690590389 49 58 32
11.114871347110265 -2.595175305950268 1.6929160706086204 49 55 32
11.36797296572094 1.2303654426304105 2.3962702334563497 31 40 10
11.36797296572094 1.2303654426304105 2.3962702334563497 31 40 10
10.939442471238001 1.1137120121120827 2.308031974189776 28 38 10
10.682321555433981 1.0090224273738655 2.2078281984169887 28 37 11
10.40340770755205 1.065430528965473 2.002605082017918 30 43 17
10.47808664296062 1.162730836437777 2.1071076285002945 28 41 14
10.557869367495035 1.2998501611171558 1.9958737894097032 33 42 14
11.36797296572094 1.2303654426304105 2.3962702334563497 31 40 10
10.654710756517192 1.2303654426304105 2.3325737498480015 27 37 9
10.293855134846556 1.1137120121120827 2.236050252915737 29 39 11
10.141234540307908 0.9164884030456462 2.0145512496815257 31 41 17
11.360354550345031 1.268935664759856 2.2748813014896183 29 38 9
10.740098112458101 1.268935664759856 2.203853509227851 27 40 11
11.073031864855132 1.622245911961162 2.297130842474102 34 43 14
11.073031864855132 1.622245911961162 2.297130842474102 34 43 14
10.524046102108043 1.7415687237936737 2.2190028991128647 35 43 15
11.327619084659045 1.8561955449095247 2.2773382301184673 37 45 16
10.522637701578287 1.8268017321313874 1.9973899518138047 22 29 5
10.81794866640281 1.4025306967861049 2.088534288480478 31 40 12
11.079737133911605 1.5014456976657204 2.2965933636685896 30 39 10
10.545196403516789 1.3826299344497675 2.2174847118440306 29 39 10
11.244504472864957 1.6167025027437147 2.171318936242426 29 39 11
11.49529470206461 1.8268017321313874 2.156451679969466 35 41 12
11.858206579301163 1.3826299344497675 2.3524989613930125 30 39 10
11.767264890402474 1.5014456976657204 2.360199923214407 32 41 11
11.839402115306896 1.7415687237936737 2.354076796721091 41 46 17
11.327619084659045 1.8561955449095247 2.2773382301184673 37 45 16
11.327619084659045 1.8561955449095247 2.2773382301184673 37 45 16
11.244504472864957 1.6167025027437147 2.171318936242426 29 39 11
10.255316915050685 1.5089087461514783 2.0092696715269796 31 41 14
10.248072245629519 1.6167025027437147 2.009601188676913 30 40 12
10.79733265762792 1.7234431739808915 2.0896221255432366 32 41 13
11.949486060797698 1.3574713946685188 2.4699378741526035 37 46 16
12.657056711911824 1.6293102434559095 2.528790662052317 44 51 21
12.729986030317137 1.764517702525903 2.520689108605492 43 50 20
11.949486060797698 1.3574713946685188 2.4699378741526035 37 46 16
11.859244362130154 1.4919401271968917 2.47956851586965 38 46 16
11.85298007102995 1.6293102434559095 2.4802469365152118 42 49 19
11.930825465480186 1.764517702525903 2.471907815447983 42 49 20
12.091156107307022 1.8929510628967592 2.455332463583077 42 48 20
11.24646964027666 2.117795666196873 2.283513254902726 41 48 18
10.619563612754792 2.117795666196873 2.2122081017258513 41 48 18
11.073689134559583 2.21210826790034 2.181922515078369 41 48 18
10.63306892123541 2.2948053227512495 1.992674666262284 41 46 17
10.797099792175402 1.9248718234032727 1.9858663750824477 23 31 5
11.590494712930344 2.011289653456811 2.375695537376475 42 49 19
10.804882653908228 2.151573859997488 1.9855489766929946 39 44 17
10.798239554924152 2.062301613604521 2.0895741700726784 39 46 16
11.327397120691387 2.062301613604521 2.1663154342455386 39 45 17
11.581743033327516 2.016330591004953 2.0513577154414118 36 44 16
10.798239554924152 2.062301613604521 2.0895741700726784 39 46 16
10.975357206320448 1.9636256796952016 2.1882132996448407 38 45 16
11.688522680457899 2.3669700474786515 2.0466010722768524 41 48 16
11.590494712930344 2.011289653456811 2.375695537376475 42 49 19
11.676238225266815 2.21210826790034 2.2521228139961584 42 49 18
11.596467167736057 2.2948053227512495 2.1506759638519606 42 49 17
12.330754872869107 2.011289653456811 2.4319410400591015 43 50 20
10.15633211415295 0.36408166339328346 2.0138447134130715 27 32 6
10.359741109351699 0.25852426825849956 2.11391193242656 29 34 10
10.91018716141527 0.25852426825849956 2.1924608745613283 31 36 10
10.543265408375602 -0.07636906999009052 1.996500901365639 37 47 17
10.972838635479446 0.027921461006830506 2.0805127239788876 34 45 12
10.994016259573593 -0.07636906999009052 2.0794362796515884 37 47 19
11.042553233956916 0.13161013791978463 2.07698715944744 33 42 12
10.994016259573593 -0.07636906999009052 2.0794362796515884 37 47 19
10.593867748865536 0.13161013791978463 1.9943361113799432 33 40 12
11.366852587102889 0.14675136044822887 2.2743958885944586 31 37 10
11.299139061557998 0.031175885688713708 2.279491583028528 32 38 10
10.315402201633304 -0.41058426852510316 2.0065400621655427 42 52 24
10.47140223801388 -0.3085214552717807 2.1074871226724032 41 51 22
11.105566140961326 -0.17902700060861268 2.073844409801398 39 49 21
10.775688870127059 -0.41058426852510316 2.090769405862154 39 49 19
10.866961721771442 -0.27801932563157133 1.9830351265020294 43 53 25
10.866961721771442 -0.27801932563157133 1.9830351265020294 43 53 25
11.401451473291702 0.9403153514814335 2.3930940419846003 27 33 9
10.522629893979461 0.8438643404453584 2.2191048362557666 27 37 14
10.690423174669306 0.9403153514814335 2.3293921741349872 27 35 12
11.038322128899068 1.0525045773922592 2.4292236718315463 23 33 8
10.551752743390596 0.6754807319208634 2.2170156799558622 27 31 16
10.625389109368527 0.7571007515743763 2.3352092672901956 30 36 17
11.401451473291702 0.9403153514814335 2.3930940419846003 27 33 9
10.522629893979461 0.8438643404453584 2.2191048362557666 27 37 14
11.502153698732506 0.29086512387385705 2.383714995721738 23 29 8
10.210057981486331 0.5130782190187249 2.1227858759549383 21 25 6
11.455155513644806 0.5757463761730189 2.3880600542533963 19 25 5
10.201574885550547 0.607654255903388 2.0117413664979473 32 37 20
10.79775864079888 0.29086512387385705 2.3200122689698786 19 23 4
11.695298012860697 0.6533807072362636 2.4977689220863843 16 22 2
12.203627980486212 0.5757463761730189 2.444156343606789 19 23 2
11.695298012860697 0.6533807072362636 2.4977689220863843 16 22 2
12.096065054972435 0.7571007515743763 2.4548371354685603 19 25 6
12.204636391529263 0.5301785886133606 2.5836836939946366 36 41 16
11.890910044298717 0.4612428814037182 2.476159011592531 14 18 4
11.890910044298717 0.4612428814037182 2.476159011592531 14 18 4
11.97574027962107 0.3863214196390064 2.6151083551324086 44 52 29
11.890910044298717 0.4612428814037182 2.476159011592531 14 18 4
12.204636391529263 0.5301785886133606 2.5836836939946366 36 41 16
11.368605956981773 0.5301785886133606 2.537098833186518 20 26 7
11.122518024288365 0.3863214196390064 2.569914636703035 40 49 24
12.09708243244873 0.750704491367117 2.5980979793600874 41 47 27
11.813234250858732 1.0525045773922592 2.4845821315402135 34 42 17
12.373839793431067 1.1810658276739872 2.562141343919842 40 49 17
12.09708243244873 0.750704491367117 2.5980979793600874 41 47 27
11.89861828234675 1.1162152358839095 2.626369699824755 44 51 19
11.755460990576978 0.8735592982175502 2.6483030667833183 48 55 21
11.89861828234675 1.1162152358839095 2.626369699824755 44 51 19
11.314491118082154 0.9746017401862507 2.5440579554113048 32 41 14
11.490967009981988 1.0279969318389093 2.6929883942491784 47 54 21
11.550063341349224 1.1810658276739872 2.5147156115342018 33 42 13
11.755460990576978 0.8735592982175502 2.6483030667833183 48 55 21
11.490967009981988 1.0279969318389093 2.6929883942491784 47 54 21
12.154244415243546 0.9746017401862507 2.590363356636124 43 50 18
11.669029502818244 0.8557098655059099 2.500774435639137 25 33 9
11.669029502818244 0.8557098655059099 2.500774435639137 25 33 9
11.185762141757406 0.565306413271133 2.7535162378934945 44 54 26
11.781536791648099 0.6202583580312508 2.6442019010361597 45 54 24
11.544254630267643 0.46018965587037486 2.68349204852274 45 54 26
11.544254630267643 0.46018965587037486 2.68349204852274 45 54 26
12.117310870663188 0.565306413271133 2.78475007430918 43 56 27
11.43048856770677 0.7405746605788042 2.704109393965655 45 56 23
12.091959173943298 0.9034982608018552 2.7904169995017973 44 54 24
11.1582941626394 0.9034982608018552 2.7595828542199436 48 55 24
12.091959173943298 0.9034982608018552 2.7904169995017973 44 54 24
12.091959173943298 0.9034982608018552 2.7904169995017973 44 54 24
10.633974375734569 0.04065086918765347 2.4744499903147066 24 32 4
10.56039787394126 0.03528869347708047 2.341127310983027 31 37 10
10.655825487463538 -0.11097701433141835 2.4718506836301457 28 38 7
10.582400911487015 -0.09642263351535062 2.3391118003430185 31 42 9
10.582400911487015 -0.09642263351535062 2.3391118003430185 31 42 9
10.633974375734569 0.04065086918765347 2.4744499903147066 24 32 4
10.655825487463538 -0.11097701433141835 2.4718506836301457 28 38 7
10.567633528544436 -0.4578713099317345 2.2158826861563976 34 44 14
10.257176638730485 -0.3462409792895324 2.2388588411763237 38 48 18
10.235676839660128 -0.39392550960744505 2.3723890617985046 33 43 14
9.954182331310303 -0.5900394943863742 2.4020581103964838 41 50 21
10.54676662117129 -0.5163756630820552 2.342382161113663 34 43 13
10.235676839660128 -0.39392550960744505 2.3723890617985046 33 43 14
10.191333687908221 -0.30135495355246306 2.531707005742626 43 53 27
10.235676839660128 -0.39392550960744505 2.3723890617985046 33 43 14
10.770878451397344 -0.2576838472645344 2.4584732696780645 28 39 7
10.698243540270491 -0.2248794372275943 2.3286995769224257 34 45 13
10.408097238870853 -0.4557907562056501 2.5025075792152625 43 53 24
10.54676662117129 -0.5163756630820552 2.342382161113663 34 43 13
10.714181906673472 -0.5900394943863742 2.4650017248890648 44 53 23
10.698243540270491 -0.2248794372275943 2.3286995769224257 34 45 13
10.698243540270491 -0.2248794372275943 2.3286995769224257 34 45 13
10.01518220355759 -0.2576838472645344 2.3954056053508443 34 44 16
10.90493560927516 -0.3462409792895324 2.3109090569410937 33 43 13
10.89223662943547 0.047933141911284886 2.6036690938676736 47 57 25
10.89223662943547 0.047933141911284886 2.6036690938676736 47 57 25
10.489379043567594 0.27029048046563176 2.672008844678332 46 56 29
10.489379043567594 0.27029048046563176 2.672008844678332 46 56 29
12.212913318032792 -0.6527296620185313 2.7643112407880213 43 53 28
11.958541359099785 -0.8152247304617672 2.8222587076300822 44 53 26
12.47479288442421 -0.8070637902922693 2.7144503070214383 43 52 29
12.47479288442421 -0.8070637902922693 2.7144503070214383 43 52 29
12.212913318032792 -0.6527296620185313 2.7643112407880213 43 53 28
10.717869582009257 -0.5043421826355852 1.989126325469997 42 51 23
10.21313905866592 -0.7994004796026852 2.2422659364273 38 42 14
10.21313905866592 -0.7994004796026852 2.2422659364273 38 42 14
10.38593362194674 -0.8973130666223913 2.357558435231125 47 52 23
10.848907697130501 -1.182296959735626 2.0869097060739032 55 57 38
12.356136211507694 -1.2841276374197974 2.3132518686063595 49 51 30
11.218170015530166 -1.0882785772557024 2.0683293731765615 11 10 4
10.295219468890984 -0.6239357333898315 2.2359462866447255 32 37 6
9.93600463468474 -0.5584743703868257 2.0243934029597765 41 47 20
9.748889866004852 -0.7171144739064201 2.033771768039442 36 41 13
11.004093817582662 -1.036608546206215 2.1863603463627763 38 40 14
10.4130752491661 -0.5584743703868257 2.110822890945795 36 42 13
10.250144739603755 -0.8792425032049841 2.120379177171473 37 37 11
10.295219468890984 -0.6239357333898315 2.2359462866447255 32 37 6
10.250144739603755 -0.8792425032049841 2.120379177171473 37 37 11
11.102202471797534 -0.7039181833247768 2.4225869303822702 43 51 19
12.976992287267278 -1.1487261977114493 2.636089824166925 45 52 23
13.860385163050607 -1.1487261977114493 2.6710344527305163 47 54 25
12.976992287267278 -1.1487261977114493 2.636089824166925 45 52 23
13.176676074430592 -1.2494257371895252 2.4747532231204072 46 51 26
12.4063227560044 -1.2494257371895252 2.4248784879306493 47 50 26
11.369055497828153 1.324703581847605 2.5370415927194196 39 48 18
12.205055139450028 1.324703581847605 2.583628716987988 43 51 19
12.116716992673094 1.4794232991952667 2.5954218784882945 43 50 18
12.116716992673094 1.4794232991952667 2.5954218784882945 43 50 18
11.630994646892027 1.462201714557455 2.668592130656393 46 53 19
11.72299350646044 1.2803759998949549 2.6534795118373093 45 52 19
11.630994646892027 1.462201714557455 2.668592130656393 46 53 19
11.72299350646044 1.2803759998949549 2.6534795118373093 45 52 19
12.110585881948497 1.638619837050775 2.5962553221682727 45 52 20
12.523555575149869 1.6514445958290562 2.7059747191666337 46 53 17
12.343792360983919 1.940080120507936 2.565871838616817 44 51 20
12.343792360983919 1.940080120507936 2.565871838616817 44 51 20
12.597257795543628 1.8351331486230913 2.693569506403345 45 52 16
12.523555575149869 1.6514445958290562 2.7059747191666337 46 53 17
12.597257795543628 1.8351331486230913 2.693569506403345 45 52 16
12.749210316364776 2.0023623109851663 2.6693775778447635 46 53 17
12.749210316364776 2.0023623109851663 2.6693775778447635 46 53 17
12.343792360983919 1.940080120507936 2.565871838616817 44 51 20
12.110585881948497 1.638619837050775 2.5962553221682727 45 52 20
12.186785881747804 1.7944734049321096 2.586035319770868 44 51 19
12.055014597930422 -1.1716714711165719 2.7988799890138814 45 55 29
12.055014597930422 -1.1716714711165719 2.7988799890138814 45 55 29
11.96556879884249 -1.4181408380012017 2.820487240161583 54 63 36
11.783809704879719 -1.0481309225367044 2.8706655663251692 45 54 27
10.836886292842388 2.475130900620362 2.451022931383141 44 53 20
11.26822518094563 2.3710003734738376 2.4059124263106604 45 52 20
11.768929132805543 2.284338761102398 2.3600573862354763 44 51 18
11.081504631081469 2.284338761102398 2.296451836177106 43 50 18
11.342673106877482 2.185638681245334 2.3986902568431 43 50 16
11.26822518094563 2.3710003734738376 2.4059124263106604 45 52 20
11.610112673501312 2.4405858503285507 2.1499063325373267 42 49 17
11.094447631454068 2.4405858503285507 2.0743959538317274 41 48 18
10.647949107821553 2.4405858503285507 1.9920475318160236 40 47 17
11.102248514913269 2.524623022068456 2.180121438749152 44 51 21
10.99742045062743 2.3686677403717997 2.186789569166018 43 50 18
11.09578345173046 2.454933345859232 2.2953108011293524 45 52 20
11.70332731026578 2.524623022068456 2.250247388704642 44 51 21
11.288625953884333 2.6200010553170956 2.280290225886067 43 52 19
11.37055690137966 2.555361529761178 2.3960240330765563 44 53 19
11.288625953884333 2.6200010553170956 2.280290225886067 43 52 19
12.262102293510539 2.3686677403717997 2.3203115767506497 45 52 20
11.37055690137966 2.555361529761178 2.3960240330765563 44 53 19
11.09578345173046 2.454933345859232 2.2953108011293524 45 52 20
11.60393056736369 2.3686677403717997 2.257185932102529 44 51 19
10.780536899362145 2.8023702793386405 2.4573731550418647 44 55 22
10.694086567711484 2.8452409570020207 2.329067549353649 43 52 21
10.94980738288163 2.7270772085682418 2.307172779616236 43 52 19
11.034254394521213 2.6711788899190694 2.4296506208825024 44 53 19
11.034254394521213 2.6711788899190694 2.4296506208825024 44 53 19
10.694086567711484 2.8452409570020207 2.329067549353649 43 52 21
10.297903767208728 2.6711788899190694 2.3661673778501418 44 53 20
10.780536899362145 2.8023702793386405 2.4573731550418647 44 55 22
11.611605705039194 2.2695803913156487 2.507435053730684 44 51 19
11.268448310472095 2.147427981078843 2.550088905465002 44 51 19
12.041700083008042 2.374406033121163 2.6057588194964314 46 53 17
11.625233441454593 2.475130900620362 2.5058429600765537 45 52 16
12.098106515227938 2.185638681245334 2.4546313521284686 43 50 16
11.711151999935723 2.2472227999560737 2.6553872600559942 46 53 17
11.769142769559869 2.0710218147625015 2.489454583777346 43 50 18
11.611605705039194 2.2695803913156487 2.507435053730684 44 51 19
12.111394443667518 2.147427981078843 2.59614529501956 45 52 17
11.711151999935723 2.2472227999560737 2.6553872600559942 46 53 17
12.041700083008042 2.374406033121163 2.6057588194964314 46 53 17
11.048821844853434 2.745753524087921 2.580367614133186 46 56 26
11.048821844853434 2.745753524087921 2.580367614133186 46 56 26
10.615327674358756 2.946854418517997 2.476683417577498 45 55 29
10.615327674358756 2.946854418517997 2.476683417577498 45 55 29
11.784000608240596 -2.6758208656529647 2.358769324558219 48 58 32
10.615327674358756 2.946854418517997 2.476683417577498 45 55 29
11.248850668291594 2.9725451345970697 2.407817166986984 45 55 27
10.52752075814649 2.9725451345970697 2.3441620335437543 44 55 26
11.784000608240596 -2.6758208656529647 2.358769324558219 48 58 32
12.744886633368681 -2.4409503445832947 2.6700422192089293 53 63 36
12.270926899652611 -2.539003299243799 2.575085938090945 52 62 35
11.817158515718651 -2.8324968258927687 2.638677757939128 51 64 35
12.308603645679044 -2.768449052767155 2.7451542130361597 54 67 38
12.270926899652611 -2.539003299243799 2.575085938090945 52 62 35
12.488672047176255 -2.588451453704959 2.7120152077763966 56 68 39
12.488672047176255 -2.588451453704959 2.7120152077763966 56 68 39
12.877048933099498 -2.675039005084138 2.650295711926988 54 67 38
12.744689352829882 -2.6153477244995034 2.5190779986546517 49 59 31
12.85877734594765 -2.9123693286518333 2.506820328378299 48 62 33
12.251751408832764 -2.7889808394410585 2.439481683120102 49 61 33
13.329285387782656 -2.739502197588547 2.5902207751252977 47 61 32
13.031245551679033 -2.7889808394410585 2.4890621689455625 48 62 33
12.251751408832764 -2.7889808394410585 2.439481683120102 49 61 33
12.251751408832764 -2.7889808394410585 2.439481683120102 49 61 33
12.308399372344851 -2.8782208718924074 2.5703172880063527 47 61 33
12.068148440764952 -2.9123693286518333 2.457663401482239 48 62 33
12.488470719212872 -2.739502197588547 2.548261270475147 48 61 32
12.744689352829882 -2.6153477244995034 2.5190779986546517 49 59 31
12.187106375216764 -1.3924370149861356 2.326054159171156 48 52 31
12.098637176325541 -1.505129256103419 2.332960976649956 51 55 34
9.903058997750447 -2.044439185205583 2.5747025551991523 52 62 35
10.231535739316305 -1.8145562650233305 2.526106185951189 53 63 37
10.418050840172752 -1.9710958496403035 2.5012230080456557 54 64 39
10.418050840172752 -1.9710958496403035 2.5012230080456557 54 64 39
9.861447601347646 -1.732633621554021 2.0280824446546317 57 61 42
10.054830108840356 -1.841743903723085 2.0186402945577164 54 62 40
10.298072577467224 -1.8747755118168392 2.2357289877899547 54 62 39
10.341958075647193 -1.732633621554021 2.114950275314783 54 62 40
10.89330275365388 -1.732633621554021 2.19357176154922 54 61 39
10.261239742818764 -1.916613918121427 2.3698192360132717 51 61 35
10.94341111605981 -1.8747755118168392 2.3077027237695633 53 61 37
10.766001445828625 -1.753127610811209 2.3227594578868187 54 60 38
10.261239742818764 -1.916613918121427 2.3698192360132717 51 61 35
12.450343220108063 -1.3410954507764754 2.5528176103917555 46 51 26
12.237986110862767 -1.3699525411308853 2.4408124339841546 48 52 30
13.018304501508212 -1.3699525411308853 2.4903640623929912 47 52 28
13.29356966141186 -1.3410954507764754 2.5946050616798315 45 51 26
10.760043009079707 -2.044439185205583 2.624631202807829 49 58 32
10.760043009079707 -2.044439185205583 2.624631202807829 49 58 32
10.579558867633741 -1.8634059543642254 2.6554793989933954 53 63 37
10.788058881682899 -2.3286997281527646 2.320848895745893 49 53 31
10.695197194626266 -2.109439788306015 2.4672152179987514 51 60 36
11.056161302887132 -2.2282469371851805 2.4273574608159354 51 57 32
11.056161302887132 -2.2282469371851805 2.4273574608159354 51 57 32
10.695197194626266 -2.109439788306015 2.4672152179987514 51 60 36
10.57836275301144 -1.9878340162142363 2.215119693830756 52 60 37
10.260994711153447 -2.1523266990215846 2.238565252413697 50 59 33
9.916517643264653 -2.0906343057893655 2.0253516137458902 52 58 35
9.68109374488226 -2.249117753561511 2.037270418338173 50 55 31
10.260994711153447 -2.1523266990215846 2.238565252413697 50 59 33
9.512405712839515 -1.9878340162142363 2.046220185722685 52 59 37
10.542509226134007 -2.041480542084904 2.34277506308589 50 60 34
10.542509226134007 -2.041480542084904 2.34277506308589 50 60 34
10.542509226134007 -2.041480542084904 2.34277506308589 50 60 34
10.801353516715116 -2.4841646869700544 2.089409579376653 49 55 30
10.858728288426544 -2.57417950629868 2.195860115589966 50 56 31
11.553199401334485 -2.506782345182442 2.379057983527501 50 56 31
12.137869505416214 -2.57417950629868 2.3298800843095373 48 57 31
11.553199401334485 -2.506782345182442 2.379057983527501 50 56 31
12.295705122168247 -2.506782345182442 2.435266253272097 48 57 31
11.383171245567262 2.6727807795876846 2.1629992214000797 42 51 19
11.225513406556901 2.7164631689654506 1.969109515293136 41 50 18
10.848755030959694 2.582881036219524 1.9837691262078958 40 49 19
11.287312955973722 2.582881036219524 2.0650054657024364 40 49 19
11.287312955973722 2.582881036219524 2.0650054657024364 40 49 19
11.047252753576675 2.7716579707303546 2.1836000484235263 41 51 21
11.321894942128981 2.8079084011062694 2.0633604433333974 41 52 20
11.76132716830053 2.837890392987195 1.9500142921946741 39 52 21
10.848755030959694 2.582881036219524 1.9837691262078958 40 49 19
10.79384079912732 2.8787161830999723 2.2002047473701527 42 52 22
11.074769111638576 2.905523903097378 2.075375252768862 40 50 21
10.79384079912732 2.8787161830999723 2.2002047473701527 42 52 22
11.76132716830053 2.837890392987195 1.9500142921946741 39 52 21
11.321894942128981 2.8079084011062694 2.0633604433333974 41 52 20
11.047252753576675 2.7716579707303546 2.1836000484235263 41 51 21
10.856732453256383 2.6727807795876846 2.0865008031557064 42 51 19
11.074769111638576 2.905523903097378 2.075375252768862 40 50 21
11.225513406556901 2.7164631689654506 1.969109515293136 41 50 18
11.390964678503623 -3.06402486629142 2.1625390121668624 45 58 28
11.322086377598282 -3.0714392276798064 1.9655229009557549 46 60 30
10.628838365146194 2.992292110725094 2.2115566523867893 42 55 24
11.370526395528884 3.113231411774844 2.1637475575549807 41 53 22
10.914014690827662 3.007932895038938 2.083528073806036 41 52 20
11.390964678503623 -3.06402486629142 2.1625390121668624 45 58 28
11.370526395528884 3.113231411774844 2.1637475575549807 41 53 22
10.843473726952084 3.113231411774844 2.0871940754109803 40 53 22
10.914014690827662 3.007932895038938 2.083528073806036 41 52 20
11.301523532086215 3.11595046865258 1.9662809977178852 39 52 21
10.628838365146194 2.992292110725094 2.2115566523867893 42 55 24
11.723155811922721 3.11595046865258 2.0450793725297878 41 54 24
11.207611905652284 -3.05486247377802 2.286513625301553 46 60 30
11.207611905652284 -3.05486247377802 2.286513625301553 46 60 30
11.255227809188165 2.992292110725094 2.2828409298805705 42 55 24
11.69121413275428 -2.859419274144621 2.14537696735919 47 62 35
11.498664361673285 -2.959805646493563 2.1562573192405656 50 65 38
11.03330402031837 -2.7645380291700197 1.9764517213660449 49 58 32
11.43043506334272 -2.976912383185315 1.9615772830095715 46 61 32
11.624115086009462 -2.8852568598672184 1.9547227294578595 45 60 32
10.977765440111039 -2.959805646493563 2.0802618692910997 49 64 36
11.512644188834944 -2.827979115500168 2.2636996511915317 48 60 34
11.317056614827766 -2.9387872547538807 2.278135123763242 51 65 36
11.99098488313349 -2.9387872547538807 2.3415664271524776 50 64 35
11.790088295437533 -2.7245747026479386 2.244317451002173 49 58 32
12.438413486394964 -2.7245747026479386 2.3071989097692396 50 59 33
11.99098488313349 -2.9387872547538807 2.3415664271524776 50 64 35
11.565614543351868 -2.6298228055414965 2.152424245042537 49 58 32
15.009989588598645 0.37015609416038303 1.3254352228625994 31 40 8
15.584101636442195 0.34680993230970125 1.464976818948628 32 39 14
10.207901340086252 1.20269348278993 1.803493802318996 39 48 21
10.02611309956328 1.065430528965473 1.9118962593429334 38 46 21
9.980587019824453 1.4025306967861049 1.913515930703356 32 44 15
10.636580948322713 1.802797823872587 1.698436734581787 32 41 18
9.980587019824453 1.4025306967861049 1.913515930703356 32 44 15
10.365034241293515 1.6122368326454652 1.701799712828142 35 48 23
10.475257294031126 1.418654098507479 1.70041345130078 35 49 21
11.070354572409128 1.802797823872587 1.878602846175498 7 15 1
11.060047335296352 2.1004592209228026 1.3292113954637375 27 33 10
10.86428069884587 2.1004592209228026 1.4187025700759923 27 33 10
10.358811684394814 2.016330591004953 1.7018788605026476 28 34 9
11.118300968874951 2.302612968903669 1.6026387682219552 39 44 15
11.199280228149417 1.9777775977571508 1.5130796897577479 4 11 1
10.476886785251063 2.2315026828837783 1.6045889417154624 38 44 15
11.076834477325102 1.8928329775252803 1.7849425628954045 1 7 0
10.732243605118471 2.2315026828837783 1.7919308068331263 40 45 16
11.132532593866552 2.4298723510947244 1.602598047692991 40 47 17
14.755858195466608 0.3966949593619158 1.1781556691818014 29 35 10
9.940530055878076 0.13161013791978463 1.8098730220741932 33 42 12
10.506327094571478 -0.27801932563157133 1.8957171293573785 43 53 26
10.291632680125572 -0.17902700060861268 1.9027527739395165 40 52 25
10.506327094571478 -0.27801932563157133 1.8957171293573785 43 53 26
10.809630651119624 -0.3717325509131478 1.886280166841249 43 54 26
10.223604346615453 0.13161013791978463 1.9050474151049146 34 43 12
9.324606480304608 0.607654255903388 1.7165159000817307 34 39 22
10.108957822711478 0.6912613559066397 1.8058140361615986 36 44 24
10.072578234410559 -0.5043421826355852 1.8066789309197642 46 55 28
11.564108506143425 -0.7338296608708613 1.5149024827127444 49 55 32
11.053903506909789 -0.9254788246235174 1.4213314228828087 31 29 16
10.239502970238906 -0.8661853264047795 1.7034151736006684 37 39 18
11.1590785114694 -1.335388306305452 1.4227505723923448 46 49 30
10.838853819272694 -1.1314399186734907 1.696042075606205 6 4 0
10.63203460695076 -1.2188399880130767 1.794050200197396 21 20 11
11.008573938520886 -1.1314399186734907 1.7862912885040467 18 19 9
10.951295453927244 -1.7028641089724461 1.419920340264633 61 60 42
10.30285971099785 -1.8150572381060857 1.801310094958776 57 63 43
9.929225068285358 -1.7162518434180627 1.7075850136334572 61 60 42
10.029682898972961 -1.5118598757622095 1.8077070266593032 55 57 36
10.853220215092543 -1.4251538041499074 1.6034167656894536 57 56 36
10.411834584850103 -2.1267440657833205 1.412038446577985 51 57 35
9.215282202978983 -2.0906343057893655 1.8291016075705007 52 58 35
9.671886768366193 -2.4841646869700544 1.8166486679694573 49 53 31
9.811360137263454 -2.0398733820151165 1.5049039640631645 52 56 35
9.962084129179042 -1.9446402272175272 1.9141787044406333 53 59 37
9.88325269492389 -2.0398733820151165 1.7082253187601182 54 58 37
19.113384361640236 -1.0437225853475762 1.1013926647642789 38 46 22
11.176444903061357 2.837890392987195 1.78300466449983 40 50 20
11.759020411405494 2.6737693752792513 1.6861957223374955 41 49 19
11.02371679071792 2.5020454474063127 1.8799481114105359 40 47 17
11.32474933376084 2.5547972541096544 1.6020580946856025 38 47 17
11.306590883240254 2.631994125388776 1.871967472126275 40 49 19
11.270839311561058 2.7530828498201845 1.602207673234209 39 48 20
11.346354781662221 2.7530828498201845 1.6904125588408567 40 49 19
11.176444903061357 2.837890392987195 1.78300466449983 40 50 20
11.088142211072858 -2.976912383185315 1.878092894057586 44 59 30
11.574392650986795 -2.991098734437844 1.514952197540782 43 57 28
11.434338708143112 3.1181938595157623 1.6017583783521354 39 51 20
11.03196063463584 -2.8852568598672184 1.7858272781635576 47 58 32
11.753285458927397 -2.906839977122883 1.600917909088492 43 57 32
12.037316014386818 -2.8258384075633507 1.517101922944399 48 58 32
11.156227552149245 -2.7977924482881082 1.6924611207373428 50 57 31
10.806623307566229 -2.6762712067305 1.790383749133103 50 56 31
10.141234540307908 0.9164884030456462 2.0145512496815257 31 41 17
10.682321555433981 1.0090224273738655 2.2078281984169887 28 37 11
11.635263195383454 1.1137120121120827 2.3717030872543527 27 36 8
10.180459686129458 1.268935664759856 2.1245773531790624 29 40 11
10.119488414409618 1.0090224273738655 2.1283071211162934 30 40 14
10.33800969602754 1.7234431739808915 2.005522133085847 30 39 12
10.718184224599039 1.5089087461514783 2.0938438036626366 30 40 12
11.32653259227189 1.7234431739808915 2.16636715319163 30 40 12
10.79733265762792 1.7234431739808915 2.0896221255432366 32 41 13
10.97423583868124 1.8268017321313874 2.0804415571005848 34 41 11
11.184018467119923 1.3574713946685188 2.414268821071707 30 39 10
11.176274658089895 1.3826299344497675 2.2889542690141043 28 38 9
11.156320827388143 1.7415687237936737 2.2905182136168003 39 46 18
11.327619084659045 1.8561955449095247 2.2773382301184673 37 45 16
10.33800969602754 1.7234431739808915 2.005522133085847 30 39 12
11.156320827388143 1.7415687237936737 2.2905182136168003 39 46 18
11.859244362130154 1.4919401271968917 2.47956851586965 38 46 16
12.729986030317137 1.764517702525903 2.520689108605492 43 50 20
11.949486060797698 1.3574713946685188 2.4699378741526035 37 46 16
12.091156107307022 1.8929510628967592 2.455332463583077 42 48 20
11.859244362130154 1.4919401271968917 2.47956851586965 38 46 16
11.930825465480186 1.764517702525903 2.471907815447983 42 49 20
12.091156107307022 1.8929510628967592 2.455332463583077 42 48 20
11.08016708935661 2.2948053227512495 2.075106224191164 40 45 16
10.63306892123541 2.2948053227512495 1.992674666262284 41 46 17
10.804882653908228 2.151573859997488 1.9855489766929946 39 44 17
10.338956883613045 2.062301613604521 2.005479592495633 37 43 16
10.975357206320448 1.9636256796952016 2.1882132996448407 38 45 16
11.237673779146336 1.9248718234032727 2.067387020173145 34 43 13
11.676238225266815 2.21210826790034 2.2521228139961584 42 49 18
11.265594276701949 2.3669700474786515 1.9676128362152088 41 48 17
10.520735535953577 0.4618043140596745 1.9974721284971733 16 20 1
11.016270370438493 -0.3085214552717807 2.1855788400551317 39 49 20
10.697093123068756 -0.08523500015796977 2.2068068037326873 33 42 11
10.775688870127059 -0.41058426852510316 2.090769405862154 39 49 19
10.746971186925583 0.14675136044822887 2.203384293639407 32 37 10
10.8117069456725 -0.1993851644984452 2.1990019218201264 37 47 19
10.972838635479446 0.027921461006830506 2.0805127239788876 34 45 12
10.8117069456725 -0.1993851644984452 2.1990019218201264 37 47 19
10.543265408375602 -0.07636906999009052 1.996500901365639 37 47 17
11.340495658030397 0.7571007515743763 2.398899341054048 24 29 12
10.543544570865809 0.7615060443368236 2.1034212558732115 35 41 18
10.072655264304188 0.7615060443368236 2.017790326555658 32 41 19
11.051080755720175 0.40726307065550876 2.2988967622076 13 17 1
11.401451473291702 0.9403153514814335 2.3930940419846003 27 33 9
11.038322128899068 1.0525045773922592 2.4292236718315463 23 33 8
11.455155513644806 0.5757463761730189 2.3880600542533963 19 25 5
11.740286790098775 0.40726307065550876 2.3625190265201725 8 11 0
10.4124174822723 0.40726307065550876 2.227147752846559 16 18 1
11.122518024288365 0.3863214196390064 2.569914636703035 40 49 24
11.781536791648099 0.6202583580312508 2.6442019010361597 45 54 24
11.781536791648099 0.6202583580312508 2.6442019010361597 45 54 24
11.550063341349224 1.1810658276739872 2.5147156115342018 33 42 13
11.813234250858732 1.0525045773922592 2.4845821315402135 34 42 17
11.253064264152263 0.750704491367117 2.5521271722584427 26 32 11
11.97574027962107 0.3863214196390064 2.6151083551324086 44 52 29
11.544254630267643 0.46018965587037486 2.68349204852274 45 54 26
12.509514125414398 0.6533807072362636 2.545771478105019 27 31 16
11.695298012860697 0.6533807072362636 2.4977689220863843 16 22 2
11.781536791648099 0.6202583580312508 2.6442019010361597 45 54 24
12.484958853835346 0.8557098655059099 2.548678498197043 36 42 17
12.154244415243546 0.9746017401862507 2.590363356636124 43 50 18
11.89861828234675 1.1162152358839095 2.626369699824755 44 51 19
11.669029502818244 0.8557098655059099 2.500774435639137 25 33 9
11.368605956981773 0.5301785886133606 2.537098833186518 20 26 7
11.755460990576978 0.8735592982175502 2.6483030667833183 48 55 21
12.399607690117191 1.0279969318389093 2.727973114344363 44 53 23
10.655825487463538 -0.11097701433141835 2.4718506836301457 28 38 7
9.552462314309972 -0.15880866252319553 2.6352749346906674 46 56 28
10.191333687908221 -0.30135495355246306 2.531707005742626 43 53 27
9.552462314309972 -0.15880866252319553 2.6352749346906674 46 56 28
10.655825487463538 -0.11097701433141835 2.4718506836301457 28 38 7
10.633974375734569 0.04065086918765347 2.4744499903147066 24 32 4
10.567633528544436 -0.4578713099317345 2.2158826861563976 34 44 14
9.954182331310303 -0.5900394943863742 2.4020581103964838 41 50 21
10.90493560927516 -0.3462409792895324 2.3109090569410937 33 43 13
10.408097238870853 -0.4557907562056501 2.5025075792152625 43 53 24
10.01518220355759 -0.2576838472645344 2.3954056053508443 34 44 16
10.582400911487015 -0.09642263351535062 2.3391118003430185 31 42 9
10.56039787394126 0.03528869347708047 2.341127310983027 31 37 10
10.191333687908221 -0.30135495355246306 2.531707005742626 43 53 27
10.235676839660128 -0.39392550960744505 2.3723890617985046 33 43 14
11.226595039374587 -0.4557907562056501 2.5556619235333926 46 56 27
11.958541359099785 -0.8152247304617672 2.8222587076300822 44 53 26
11.958541359099785 -0.8152247304617672 2.8222587076300822 44 53 26
12.47479288442421 -0.8070637902922693 2.7144503070214383 43 52 29
10.391864615002374 -1.182296959735626 2.0031170039806754 3 4 0
10.370677493802818 -0.7039181833247768 2.3590346298305898 43 49 18
10.32593215892216 -0.9740158680106 2.233615383440533 46 48 22
11.37570860496947 -1.182296959735626 2.163440621887897 34 37 21
11.67085670727876 -1.2494257371895252 2.368562299128529 48 50 28
10.4130752491661 -0.5584743703868257 2.110822890945795 36 42 13
10.370677493802818 -0.7039181833247768 2.3590346298305898 43 49 18
10.627395752002384 -1.1378155028247705 2.211657884635778 33 36 16
10.458591334488693 -1.036608546206215 2.108216033063256 16 17 4
10.234686202508168 -0.7171144739064201 2.1213046110448155 27 32 3
10.234686202508168 -0.7171144739064201 2.1213046110448155 27 32 3
10.21313905866592 -0.7994004796026852 2.2422659364273 38 42 14
13.448700108906158 -1.205589743001775 2.575947930953174 46 50 28
12.4063227560044 -1.2494257371895252 2.4248784879306493 47 50 26
12.205055139450028 1.324703581847605 2.583628716987988 43 51 19
11.72299350646044 1.2803759998949549 2.6534795118373093 45 52 19
12.205055139450028 1.324703581847605 2.583628716987988 43 51 19
12.116716992673094 1.4794232991952667 2.5954218784882945 43 50 18
11.86736767975877 2.0023623109851663 2.631039546927659 46 53 17
12.523555575149869 1.6514445958290562 2.7059747191666337 46 53 17
12.597257795543628 1.8351331486230913 2.693569506403345 45 52 16
12.523555575149869 1.6514445958290562 2.7059747191666337 46 53 17
12.186785881747804 1.7944734049321096 2.586035319770868 44 51 19
12.597257795543628 1.8351331486230913 2.693569506403345 45 52 16
12.055014597930422 -1.1716714711165719 2.7988799890138814 45 55 29
11.96556879884249 -1.4181408380012017 2.820487240161583 54 63 36
11.034254394521213 2.6711788899190694 2.4296506208825024 44 53 19
10.483477968665424 2.5995540221884608 2.492893651042128 45 54 20
11.26822518094563 2.3710003734738376 2.4059124263106604 45 52 20
11.70332731026578 2.524623022068456 2.250247388704642 44 51 21
10.94980738288163 2.7270772085682418 2.307172779616236 43 52 19
11.782374907123543 2.454933345859232 2.358908023971936 45 52 20
11.768929132805543 2.284338761102398 2.3600573862354763 44 51 18
10.657467626185577 2.555361529761178 2.3323270398379297 43 52 20
11.288625953884333 2.6200010553170956 2.280290225886067 43 52 19
10.216091038895035 2.745753524087921 2.528247408853633 45 56 24
10.836886292842388 2.475130900620362 2.451022931383141 44 53 20
10.694086567711484 2.8452409570020207 2.329067549353649 43 52 21
11.782374907123543 2.454933345859232 2.358908023971936 45 52 20
11.768929132805543 2.284338761102398 2.3600573862354763 44 51 18
11.769142769559869 2.0710218147625015 2.489454583777346 43 50 18
11.048821844853434 2.745753524087921 2.580367614133186 46 56 26
11.769142769559869 2.0710218147625015 2.489454583777346 43 50 18
12.111394443667518 2.147427981078843 2.59614529501956 45 52 17
11.769142769559869 2.0710218147625015 2.489454583777346 43 50 18
11.611605705039194 2.2695803913156487 2.507435053730684 44 51 19
10.615327674358756 2.946854418517997 2.476683417577498 45 55 29
11.784000608240596 -2.6758208656529647 2.358769324558219 48 58 32
10.52752075814649 2.9725451345970697 2.3441620335437543 44 55 26
10.52752075814649 2.9725451345970697 2.3441620335437543 44 55 26
12.270926899652611 -2.539003299243799 2.575085938090945 52 62 35
12.488672047176255 -2.588451453704959 2.7120152077763966 56 68 39
12.877048933099498 -2.675039005084138 2.650295711926988 54 67 38
12.488672047176255 -2.588451453704959 2.7120152077763966 56 68 39
12.004600833893642 -2.675039005084138 2.6109865043771365 52 64 35
12.85877734594765 -2.9123693286518333 2.506820328378299 48 62 33
12.488470719212872 -2.739502197588547 2.548261270475147 48 61 32
11.946512405543988 -2.6153477244995034 2.4702510545745784 48 58 32
13.160723504179327 -2.8782208718924074 2.611413628286778 48 62 33
12.744689352829882 -2.6153477244995034 2.5190779986546517 49 59 31
12.068148440764952 -2.9123693286518333 2.457663401482239 48 62 33
12.308399372344851 -2.8782208718924074 2.5703172880063527 47 61 33
17.568462514938762 2.6601226313623028 2.985172409554604 45 55 27
9.861447601347646 -1.732633621554021 2.0280824446546317 57 61 42
10.231535739316305 -1.8145562650233305 2.526106185951189 53 63 37
12.098637176325541 -1.505129256103419 2.332960976649956 51 55 34
10.261239742818764 -1.916613918121427 2.3698192360132717 51 61 35
10.94341111605981 -1.8747755118168392 2.3077027237695633 53 61 37
10.89330275365388 -1.732633621554021 2.19357176154922 54 61 39
11.063104068444165 -1.8145562650233305 2.578317408121152 53 63 35
12.237986110862767 -1.3699525411308853 2.4408124339841546 48 52 30
10.579558867633741 -1.8634059543642254 2.6554793989933954 53 63 37
10.579558867633741 -1.8634059543642254 2.6554793989933954 53 63 37
11.472572862535843 -2.57417950629868 2.2666029722048426 49 55 30
10.009685833730288 -1.9878340162142363 2.13516124708851 52 58 35
11.472572862535843 -2.57417950629868 2.2666029722048426 49 55 30
10.908526963189761 -2.1523266990215846 2.310608418736825 52 58 34
10.730306248464505 -2.249117753561511 2.204523304751476 50 56 33
10.342209132904586 -2.4841646869700544 2.005333591454167 50 56 31
11.794548817585657 2.582881036219524 2.1397148594260083 42 51 21
10.79384079912732 2.8787161830999723 2.2002047473701527 42 52 22
10.88473045308366 2.8079084011062694 1.9823213766421022 39 52 21
11.367949679967587 2.5020454474063127 1.9638427773970573 39 48 16
11.383171245567262 2.6727807795876846 2.1629992214000797 42 51 19
11.649896964570447 2.7164631689654506 2.0483102915219216 41 50 18
10.88473045308366 2.8079084011062694 1.9823213766421022 39 52 21
10.79384079912732 2.8787161830999723 2.2002047473701527 42 52 22
11.047252753576675 2.7716579707303546 2.1836000484235263 41 51 21
11.383171245567262 2.6727807795876846 2.1629992214000797 42 51 19
11.794548817585657 2.582881036219524 2.1397148594260083 42 51 21
11.69121413275428 -2.859419274144621 2.14537696735919 47 62 35
12.17575148658324 -2.827979115500168 2.3269325167176658 48 62 35
11.498664361673285 -2.959805646493563 2.1562573192405656 50 65 38
10.977765440111039 -2.959805646493563 2.0802618692910997 49 64 36
11.887746324347512 -3.05486247377802 2.3500353793398574 47 61 31
11.322086377598282 -3.0714392276798064 1.9655229009557549 46 60 30
11.887746324347512 -3.05486247377802 2.3500353793398574 47 61 31
12.17575148658324 -2.827979115500168 2.3269325167176658 48 62 35
11.301523532086215 3.11595046865258 1.9662809977178852 39 52 21
10.736321148758332 -2.859419274144621 1.9883624102212947 47 60 33
11.369222856061903 3.0206218683085297 1.9637963467880535 40 51 20
11.193669370224143 -2.7245747026479386 2.174432696445645 48 57 31
11.369222856061903 3.0206218683085297 1.9637963467880535 40 51 20
11.186838643344272 3.109867522317011 2.288129403739641 45 55 25
11.437817305584181 3.007932895038938 2.1597885053610173 41 51 21
11.04787272379046 -2.6298228055414965 2.0767202538914526 49 55 30
10.453965493854682 1.7087739221913356 1.7006789381033842 33 45 20
10.542385065415985 1.6122368326454652 1.7959812977120695 32 44 17
10.65077290249263 1.418654098507479 1.7936507811220346 34 47 20
10.442104247727464 2.151573859997488 1.8977896666656715 37 43 16
11.145641924500453 2.4298723510947244 1.5128016178744965 38 45 15
15.166654312682152 0.3966949593619158 1.117201273132739 31 39 9
10.148265449407228 0.027921461006830506 1.9076267297660396 37 48 15
10.502127226060638 0.41928492069291395 1.5092436450447455 23 28 4
9.67274687379544 0.4618043140596745 1.711235758714098 19 23 2
15.166654312682152 0.3966949593619158 1.117201273132739 31 39 9
9.923864177680013 0.6912613559066397 1.7076593718801705 40 49 31
10.116764897748553 0.23253783506984266 1.805629263293671 32 37 7
10.413041938295558 -1.0882785772557024 1.898736423239655 18 16 10
11.055902553362937 -1.335388306305452 1.5123303471817133 43 42 24
11.330556983041026 -1.2493195189374644 1.5137491300404124 34 33 21
10.136226089153364 -1.4104330490117907 1.8051699427001935 48 52 31
9.735136660779784 -2.1826417309784936 1.8150186999187372 49 55 30
9.599955194274493 -2.332877142615566 1.81852929669271 49 53 31
10.755007132603183 2.927446420119736 1.6970236976578734 39 50 17
11.698660818538722 2.6737693752792513 1.515546005306975 41 48 18
11.270839311561058 2.7530828498201845 1.602207673234209 39 48 20
10.882237881627734 2.631994125388776 1.6955401486831543 39 48 18
10.976415257153748 -3.0714392276798064 1.8813247978851912 44 58 29
10.69151710739222 3.11595046865258 1.792787246994736 39 52 21
11.501256274731112 3.031119449049742 1.6015781752808285 39 49 20
10.862605921225157 -2.8852568598672184 1.6957667778328849 44 58 31
11.025029719074746 3.0206218683085297 1.8799100764169874 40 50 22
11.455071843795352 -2.715471264042561 1.601702320644501 49 57 31
10.004116735278071 1.162730836437777 2.0210769844951697 34 43 16
10.557869367495035 1.2998501611171558 1.9958737894097032 33 42 14
11.583022656053522 1.9636256796952016 2.2586656772222358 39 46 18
11.24515172014348 2.151573859997488 2.0670267066378347 39 44 15
11.76095160794466 1.622245911961162 2.36074118876439 38 45 15
11.859244362130154 1.4919401271968917 2.47956851586965 38 46 16
11.924387926178165 2.117795666196873 2.347004702791427 42 49 19
11.24646964027666 2.117795666196873 2.283513254902726 41 48 18
10.248072245629519 1.6167025027437147 2.009601188676913 30 40 12
11.327397120691387 2.062301613604521 2.1663154342455386 39 45 17
11.073689134559583 2.21210826790034 2.181922515078369 41 48 18
11.335259501526592 1.8929510628967592 2.399402654321996 41 48 18
11.154766857523803 2.016330591004953 1.9717798862047506 36 44 18
10.759406493155431 0.23253783506984266 1.98741070338958 33 40 10
10.315402201633304 -0.41058426852510316 2.0065400621655427 42 52 24
10.697093123068756 -0.08523500015796977 2.2068068037326873 33 42 11
11.105566140961326 -0.17902700060861268 2.073844409801398 39 49 21
10.551752743390596 0.6754807319208634 2.2170156799558622 27 31 16
11.340495658030397 0.7571007515743763 2.398899341054048 24 29 12
11.890910044298717 0.4612428814037182 2.476159011592531 14 18 4
12.24775439636119 0.29086512387385705 2.439867567623681 6 10 0
11.755460990576978 0.8735592982175502 2.6483030667833183 48 55 21
12.117310870663188 0.565306413271133 2.78475007430918 43 56 27
12.09708243244873 0.750704491367117 2.5980979793600874 41 47 27
11.544254630267643 0.46018965587037486 2.68349204852274 45 54 26
12.24775439636119 0.29086512387385705 2.439867567623681 6 10 0
12.34358201418025 0.7405746605788042 2.7384385147775054 47 55 28
11.43048856770677 0.7405746605788042 2.704109393965655 45 56 23
12.154244415243546 0.9746017401862507 2.590363356636124 43 50 18
10.56039787394126 0.03528869347708047 2.341127310983027 31 37 10
10.408097238870853 -0.4557907562056501 2.5025075792152625 43 53 24
10.633974375734569 0.04065086918765347 2.4744499903147066 24 32 4
10.191333687908221 -0.30135495355246306 2.531707005742626 43 53 27
11.958541359099785 -0.8152247304617672 2.8222587076300822 44 53 26
10.89223662943547 0.047933141911284886 2.6036690938676736 47 57 25
10.32593215892216 -0.9740158680106 2.233615383440533 46 48 22
9.765117466702977 -0.8792425032049841 2.032942439048994 32 34 12
10.370677493802818 -0.7039181833247768 2.3590346298305898 43 49 18
10.449372894866695 -0.647872102334935 2.00057898503794 39 44 17
12.116716992673094 1.4794232991952667 2.5954218784882945 43 50 18
11.86736767975877 2.0023623109851663 2.631039546927659 46 53 17
12.186785881747804 1.7944734049321096 2.586035319770868 44 51 19
11.342673106877482 2.185638681245334 2.3986902568431 43 50 16
10.780536899362145 2.8023702793386405 2.4573731550418647 44 55 22
10.664198417245995 2.6200010553170956 2.2090862668860787 42 51 19
10.836886292842388 2.475130900620362 2.451022931383141 44 53 20
10.94980738288163 2.7270772085682418 2.307172779616236 43 52 19
11.342673106877482 2.185638681245334 2.3986902568431 43 50 16
12.028335162141772 2.3710003734738376 2.461733972430125 45 52 18
11.711151999935723 2.2472227999560737 2.6553872600559942 46 53 17
11.193506726883978 2.374406033121163 2.560130993116971 45 54 20
12.308399372344851 -2.8782208718924074 2.5703172880063527 47 61 33
12.488470719212872 -2.739502197588547 2.548261270475147 48 61 32
12.744886633368681 -2.4409503445832947 2.6700422192089293 53 63 36
12.308603645679044 -2.768449052767155 2.7451542130361597 54 67 38
10.418050840172752 -1.9710958496403035 2.5012230080456557 54 64 39
10.418050840172752 -1.9710958496403035 2.5012230080456557 54 64 39
10.766001445828625 -1.753127610811209 2.3227594578868187 54 60 38
10.526516829510204 -1.841743903723085 2.104375018710133 56 64 42
10.231535739316305 -1.8145562650233305 2.526106185951189 53 63 37
13.29356966141186 -1.3410954507764754 2.5946050616798315 45 51 26
13.018304501508212 -1.3699525411308853 2.4903640623929912 47 52 28
9.673678949500033 -2.1523266990215846 2.1573066160738374 51 57 32
10.321373683339825 -2.2282469371851805 2.363850386690207 51 57 34
10.542509226134007 -2.041480542084904 2.34277506308589 50 60 34
10.695197194626266 -2.109439788306015 2.4672152179987514 51 60 36
10.801353516715116 -2.4841646869700544 2.089409579376653 49 55 30
12.295705122168247 -2.506782345182442 2.435266253272097 48 57 31
11.723155811922721 3.11595046865258 2.0450793725297878 41 54 24
11.43043506334272 -2.976912383185315 1.9615772830095715 46 61 32
11.512644188834944 -2.827979115500168 2.2636996511915317 48 60 34
11.868163584840735 3.109867522317011 2.351666515614562 44 57 28
11.186838643344272 3.109867522317011 2.288129403739641 45 55 25
11.787206113858964 2.5020454474063127 2.0422917932614157 40 48 16
11.074769111638576 2.905523903097378 2.075375252768862 40 50 21
11.255227809188165 2.992292110725094 2.2828409298805705 42 55 24
11.179290668624482 -2.859419274144621 2.070219150215835 47 62 35
11.437817305584181 3.007932895038938 2.1597885053610173 41 51 21
11.523628879623912 2.927446420119736 1.9582478942638852 41 51 22
11.464804649408228 -2.7645380291700197 2.0566825228975043 48 57 31
11.390964678503623 -3.06402486629142 2.1625390121668624 45 58 28
11.04787272379046 -2.6298228055414965 2.0767202538914526 49 55 30
10.671436438110614 1.3251375348452046 1.6980175625009641 35 50 24
10.549427621628988 1.5149231176798492 1.7958283784793985 33 46 19
10.829605992344323 1.8928329775252803 1.6034879206832935 15 24 6
10.653530791180065 2.3669700474786515 1.793592116576141 40 47 17
11.583441059655517 2.17705836961771 1.3403297663564295 39 46 16
10.448161876452088 -1.002669765640525 1.7007514924974094 32 34 15
12.379931583424325 -1.0917673332789233 1.3553994967507472 53 54 46
10.072578234410559 -0.5043421826355852 1.8066789309197642 46 55 28
11.316995352053738 -1.793076705267647 1.3348019276443686 60 60 42
10.448377183598614 -1.9092383909288906 1.4125983804083027 60 62 45
10.74687435882304 -1.6104425137927028 1.603739677982063 60 59 41
10.7537829976623 -1.517340232608956 1.6037185062692785 58 57 37
9.927479020313434 -2.0398733820151165 1.404222040080816 53 57 36
10.051123026385945 -1.8150572381060857 1.5064779804830923 60 61 45
11.454663132892124 -3.0775616100514522 1.6017034237446175 41 54 25
10.678288699995639 -2.7645380291700197 1.8902973129100138 51 57 32
10.82769364401564 -2.976912383185315 1.7899494570447807 43 59 30
11.574392650986795 -2.991098734437844 1.514952197540782 43 57 28
10.47808664296062 1.162730836437777 2.1071076285002945 28 41 14
11.08016708935661 2.2948053227512495 2.075106224191164 40 45 16
10.81794866640281 1.4025306967861049 2.088534288480478 31 40 12
11.767264890402474 1.5014456976657204 2.360199923214407 32 41 11
11.85298007102995 1.6293102434559095 2.4802469365152118 42 49 19
10.975357206320448 1.9636256796952016 2.1882132996448407 38 45 16
11.079737133911605 1.5014456976657204 2.2965933636685896 30 39 10
11.76095160794466 1.622245911961162 2.36074118876439 38 45 15
11.185762141757406 0.565306413271133 2.7535162378934945 44 54 26
11.154984891517747 0.8438643404453584 2.2906231983549947 26 33 11
10.714181906673472 -0.5900394943863742 2.4650017248890648 44 53 23
11.299139061557998 0.031175885688713708 2.279491583028528 32 38 10
10.582400911487015 -0.09642263351535062 2.3391118003430185 31 42 9
11.8640373417437 0.6754807319208634 2.3520112332466994 24 29 12
10.54676662117129 -0.5163756630820552 2.342382161113663 34 43 13
11.740286790098775 0.40726307065550876 2.3625190265201725 8 11 0
11.89861828234675 1.1162152358839095 2.626369699824755 44 51 19
12.976992287267278 -1.1487261977114493 2.636089824166925 45 52 23
10.4130752491661 -0.5584743703868257 2.110822890945795 36 42 13
10.368512883484795 -0.7972961718684346 2.004156482065674 32 32 7
12.110585881948497 1.638619837050775 2.5962553221682727 45 52 20
12.110585881948497 1.638619837050775 2.5962553221682727 45 52 20
13.001204751892592 -1.1716714711165719 2.8247299524365475 49 59 32
11.610112673501312 2.4405858503285507 2.1499063325373267 42 49 17
12.186166925482137 2.4405858503285507 2.218640778989076 43 50 18
10.483477968665424 2.5995540221884608 2.492893651042128 45 54 20
10.694086567711484 2.8452409570020207 2.329067549353649 43 52 21
12.111394443667518 2.147427981078843 2.59614529501956 45 52 17
11.193506726883978 2.374406033121163 2.560130993116971 45 54 20
11.611605705039194 2.2695803913156487 2.507435053730684 44 51 19
12.270926899652611 -2.539003299243799 2.575085938090945 52 62 35
12.512818162961281 -2.6758208656529647 2.41516411349335 49 59 32
12.877048933099498 -2.675039005084138 2.650295711926988 54 67 38
10.252055262966877 -1.6195095300077198 2.120265032775755 55 59 40
11.056161302887132 -2.2282469371851805 2.4273574608159354 51 57 32
9.712999061384874 -1.8747755118168392 2.1546189339127513 52 60 37
10.170129013022274 -2.249117753561511 2.1252055555580696 50 55 31
10.57836275301144 -1.9878340162142363 2.215119693830756 52 60 37
9.158172108760628 -2.1523266990215846 2.0662371839133047 50 56 31
12.187106375216764 -1.3924370149861356 2.326054159171156 48 52 31
12.450343220108063 -1.3410954507764754 2.5528176103917555 46 51 26
11.523628879623912 2.927446420119736 1.9582478942638852 41 51 22
11.186838643344272 3.109867522317011 2.288129403739641 45 55 25
11.649896964570447 2.7164631689654506 2.0483102915219216 41 50 18
11.370526395528884 3.113231411774844 2.1637475575549807 41 53 22
11.317056614827766 -2.9387872547538807 2.278135123763242 51 65 36
11.047252753576675 2.7716579707303546 2.1836000484235263 41 51 21
11.369222856061903 3.0206218683085297 1.9637963467880535 40 51 20
10.338840341494588 -1.3122181652040483 1.8004934347878099 54 53 35
11.434338708143112 3.1181938595157623 1.6017583783521354 39 51 20
11.306590883240254 2.631994125388776 1.871967472126275 40 49 19
10.926029766876178 2.927446420119736 1.7879452918622931 37 50 18
10.229349716987649 -2.6298228055414965 1.9048523690590389 49 58 32
11.176274658089895 1.3826299344497675 2.2889542690141043 28 38 9
12.34358201418025 0.7405746605788042 2.7384385147775054 47 55 28
11.490967009981988 1.0279969318389093 2.6929883942491784 47 54 21
12.47479288442421 -0.8070637902922693 2.7144503070214383 43 52 29
10.770878451397344 -0.2576838472645344 2.4584732696780645 28 39 7
9.87554242141331 -0.5163756630820552 2.269734332244525 30 39 9
10.698243540270491 -0.2248794372275943 2.3286995769224257 34 45 13
10.38593362194674 -0.8973130666223913 2.357558435231125 47 52 23
10.657467626185577 2.555361529761178 2.3323270398379297 43 52 20
11.517867068462197 1.940080120507936 2.5185850884538854 42 49 17
11.102248514913269 2.524623022068456 2.180121438749152 44 51 21
11.72299350646044 1.2803759998949549 2.6534795118373093 45 52 19
10.025568701783945 2.8023702793386405 2.394285676171805 44 55 22
10.298072577467224 -1.8747755118168392 2.2357289877899547 54 62 39
10.695197194626266 -2.109439788306015 2.4672152179987514 51 60 36
10.252055262966877 -1.6195095300077198 2.120265032775755 55 59 40
11.193669370224143 -2.7245747026479386 2.174432696445645 48 57 31
15.721204653926534 0.34680993230970125 1.401682011622718 32 38 13
10.744695956235937 2.1004592209228026 1.6037463594053303 37 46 17
9.75380387116817 0.9164884030456462 1.9218241983178843 37 47 21
10.588032668693378 2.5020454474063127 1.6990252132257002 39 47 17
11.454663132892124 -3.0775616100514522 1.6017034237446175 41 54 25
11.508593088456474 2.7530828498201845 1.7767906430822458 40 49 20
10.633680419653144 -2.6762712067305 1.698471741206883 47 56 30
11.56691019241526 -3.0775616100514522 1.4280068776527932 40 54 25
10.891814341336675 2.011289653456811 2.3120098500708233 42 49 19
10.40340770755205 1.065430528965473 2.002605082017918 30 43 17
10.939442471238001 1.1137120121120827 2.308031974189776 28 38 10
11.85298007102995 1.6293102434559095 2.4802469365152118 42 49 19
10.261239742818764 -1.916613918121427 2.3698192360132717 51 61 35
10.864903509125067 -3.06402486629142 2.0860745330118236 48 62 31
11.60393056736369 2.3686677403717997 2.257185932102529 44 51 19
10.579558867633741 -1.8634059543642254 2.6554793989933954 53 63 37
10.94980738288163 2.7270772085682418 2.307172779616236 43 52 19
10.788058881682899 -2.3286997281527646 2.320848895745893 49 53 31
12.186785881747804 1.7944734049321096 2.586035319770868 44 51 19
10.760043009079707 -2.044439185205583 2.624631202807829 49 58 32
10.022275129803013 -1.6145111114469963 1.807885489763146 60 59 41
10.073799970798298 -0.647872102334935 1.9102163961238627 39 45 18
10.19226853459308 -2.7245747026479386 2.0121723249750927 49 58 32
10.257176638730485 -0.3462409792895324 2.2388588411763237 38 48 18
10.522637701578287 1.8268017321313874 1.9973899518138047 22 29 5
10.479633816789862 -0.9461946933377113 1.9992558343432885 36 38 17
11.550063341349224 1.1810658276739872 2.5147156115342018 33 42 13
11.630994646892027 1.462201714557455 2.668592130656393 46 53 19
11.074769111638576 2.905523903097378 2.075375252768862 40 50 21
