19.79819181744402 10 13 10
19.75254209164029 9 12 9
19.954717544921998 3 11 5
19.954717544921998 3 11 5
20.190204680191062 7 10 7
19.423148145335897 9 12 9
10.818874563190986 5 5 3
15.120015801291014 4 4 2
14.964378617422984 4 4 2
15.16791021555886 4 4 2
16.302512729279535 5 5 3
14.509060217658622 6 6 4
13.016289051345199 8 11 8
12.364238882524626 6 10 7
12.272343950454895 4 7 4
12.100382833928732 4 7 4
11.646797947202039 4 7 4
11.769982286073114 6 6 4
12.126598682218013 7 7 5
11.58924062369155 6 6 4
10.675000728407538 6 6 4
10.925906807100436 5 5 3
11.945550610422536 6 6 4
12.117442420697499 7 7 5
10.870953285345028 4 4 2
11.690539527636348 7 7 5
13.023201339287 6 6 4
11.072223351907255 7 10 7
12.783294247297018 8 8 6
13.997541422228027 5 8 5
13.239747269736695 9 12 9
12.569478138048558 8 12 9
12.710263622600522 10 13 10
10.794520945180528 2 5 2
10.126821115530964 4 7 4
10.169382410978526 6 11 8
12.273736514988983 6 9 6
11.51891395955506 3 6 3
11.309468122096154 6 9 4
12.218008794861314 8 9 6
11.531832882848608 9 12 9
11.705154188513998 6 11 8
11.790419547580617 9 13 10
10.507281696228127 7 10 7
10.982939197889745 7 11 8
12.768331495998906 7 10 7
11.409982512055263 6 13 11
11.864423432614853 7 14 11
13.083617542971318 9 16 12
13.251684106357619 7 10 7
11.607485512304448 7 13 9
13.4855455916832 7 10 7
12.69730091406624 6 9 6
12.44701730375883 8 14 11
12.106749443089615 8 14 12
11.8187848046096 10 14 11
11.841390306692439 8 15 11
12.018340533371571 9 16 12
14.097364222741419 8 11 8
12.627183441683655 8 11 8
13.348644144803421 8 11 8
11.800476339038854 9 12 9
13.618692111059898 6 12 11
11.242647216294534 7 14 10
14.631908174690947 8 15 11
14.298517213855037 8 15 11
14.0970872063885 6 12 11
13.134163513544664 7 14 10
15.178883913215342 5 9 6
15.548634263106475 6 6 4
15.739415617418135 6 6 4
15.228931849885456 4 5 3
15.178883913215342 5 9 6
15.783162934453587 5 8 5
16.077952801352335 6 6 4
20.768311798235132 7 10 10
20.977686092211822 6 10 9
21.081227940176976 7 9 6
21.120940728419274 6 11 10
17.91029631430016 4 12 8
17.91029631430016 4 12 8
18.181219136388556 5 13 9
19.96291002745698 10 13 10
19.586054772668902 9 12 9
20.658435402800368 6 9 6
19.357409598177906 8 10 7
15.325393504963097 6 6 4
12.364238882524626 6 10 7
13.086637623793116 7 10 7
11.408190122106625 6 6 4
11.579659470518557 5 5 3
10.959896756958653 7 7 5
10.816180398139627 5 5 3
10.20174376763639 3 10 6
12.013291530894573 9 12 9
11.944623522262406 10 13 10
9.62202314360065 5 8 5
11.404578337023956 5 8 5
11.535643023255192 4 7 4
12.118852784815331 6 9 6
11.152527168137123 7 14 10
10.889824504586148 9 13 10
10.889824504586148 9 13 10
11.128020634555181 7 15 11
11.841390306692439 8 15 11
12.792964321316417 6 12 11
13.153889358457455 7 14 10
14.028629733414089 8 15 11
12.401637768950152 10 13 10
12.627183441683655 8 11 8
12.933756813016029 8 10 8
16.457685862989198 5 6 4
16.016597321295684 5 8 5
15.111839510160396 6 9 6
20.913000703359987 8 11 11
21.112538444513937 6 12 11
19.067845134885157 10 13 10
13.547895951572912 4 7 4
11.338576034251286 7 7 5
12.60936585204072 4 7 4
11.326210014602596 6 6 4
11.825356812104205 3 6 3
12.869910512261903 7 7 5
12.62926621624853 6 8 5
13.148992960270256 9 12 9
12.274992118506496 7 11 8
11.881680476623588 7 11 8
11.531832882848608 9 12 9
13.637717142903995 7 14 10
12.546644839597219 8 9 7
13.357274087361018 9 16 12
21.120940728419274 6 11 10
15.752641321384562 6 7 5
20.08206929939462 8 11 8
14.58237639417227 5 5 3
11.060801133003215 8 8 6
10.913227061640134 3 6 3
12.626958333340433 7 7 5
12.783294247297018 8 8 6
10.883990860564506 6 10 7
10.842011414972227 6 10 6
11.770410299039197 7 13 11
12.615475597088052 9 15 14
21.176614340723145 7 9 8
17.44686312532113 4 13 9
14.563527175010783 5 5 3
10.826437234185228 5 5 3
11.060801133003215 8 8 6
14.007669241800624 7 10 7
14.376007070656344 6 14 10
10.812370858802655 5 8 5
12.046272618886421 6 6 4
12.69851463645926 8 11 8
12.293063128069482 8 12 9
11.76648155557386 5 8 5
