10.243402640546703 44 49 22
10.051745481928577 50 55 30
10.243402640546703 44 49 22
10.563565201318324 46 52 26
14.604514035323813 43 50 27
14.885747105471394 38 42 21
14.885747105471394 38 42 21
14.604514035323813 43 50 27
14.787736149916038 21 23 4
14.807291426079338 42 50 27
14.807291426079338 42 50 27
14.953976652354967 15 19 2
14.605744795767786 38 42 22
14.31901338636912 43 49 27
14.605744795767786 38 42 22
9.956476882355869 42 52 26
10.292204272180511 40 49 21
10.239032924490823 47 53 28
10.147621395877303 41 47 19
9.751128630634467 47 54 31
10.492220007944494 44 54 28
10.410586793029031 43 53 25
10.536657075741548 39 48 18
9.768575566016088 43 53 25
10.025803815178621 43 49 24
14.60955942113964 24 32 10
14.640613133619997 41 49 27
14.322904377245917 36 44 22
14.60955942113964 24 32 10
14.95770246929286 26 33 13
14.08095217598375 33 36 15
10.362022823394186 41 49 26
9.985044041152213 6 9 1
10.334059127720964 16 18 0
9.964796949589951 19 19 0
10.399870246173077 43 48 19
9.936601032271804 45 50 21
10.393309211794689 43 48 19
10.248398741004607 42 47 19
10.33891928536852 17 17 0
10.652323264277806 45 51 27
10.029935957387035 18 22 10
10.46940378875196 38 45 15
10.75944364764061 41 46 18
10.399870246173077 43 48 19
10.604866361441132 36 41 18
10.223760392502388 47 51 24
10.159864147741956 46 50 24
15.197722760980124 30 32 11
14.51092177852328 35 38 17
10.57924394452856 43 47 21
10.61689405189899 44 49 21
10.56183824018242 44 49 20
10.9155165134128 44 49 19
14.157966031394215 38 41 10
14.574362809913335 36 40 11
15.281404569991777 39 42 12
15.110240319173268 39 44 11
14.018292522597646 37 42 12
14.018292522597646 37 42 12
11.089809987739692 46 51 20
11.456071377794535 42 45 13
11.404586253305053 50 55 28
11.783998662613575 50 55 26
11.687811541581528 50 57 27
11.589748636533354 46 51 20
10.265652421856876 31 33 13
9.95620077124923 28 30 6
9.595894048167047 40 43 23
10.396265601034228 43 49 26
10.075715578143104 22 24 2
10.598540125395557 44 46 26
9.553707660864632 40 42 23
10.157460903135746 43 49 23
10.37576354669358 36 38 12
9.679267938900944 49 55 33
9.82968409816406 44 48 27
11.211450048187793 53 55 29
19.255170575988263 45 51 24
19.709590488651063 45 51 24
19.74749495604443 45 51 24
10.830008909437167 42 42 27
11.546751962926445 57 63 38
11.445324648012773 51 51 34
11.510049542208941 53 56 34
11.199952068382162 52 56 27
11.437362679352317 49 51 27
11.443753993654404 52 56 31
11.38627475347283 42 41 21
10.875335122955494 50 55 28
11.272575167546826 51 54 27
10.728788456257348 47 47 25
11.272575167546826 51 54 27
11.842017153261192 45 46 37
11.176811600471034 64 64 57
12.060740797101797 64 62 58
12.176185997523183 66 64 57
12.009311163224645 62 64 49
12.053491440025114 67 65 48
11.775906170071249 64 64 41
11.775906170071249 64 64 41
12.003528346538891 59 57 40
12.238915641758584 38 35 21
12.287921680035197 57 54 44
11.61710240910148 68 66 57
12.2980034729484 55 54 32
11.972935270758098 46 45 28
11.764646264045485 63 63 46
11.186617696449574 65 63 44
11.399054888802086 62 61 36
11.15910953965782 59 61 40
11.068391067196037 57 61 35
10.33988428724312 56 61 35
10.46951622620878 56 60 35
11.839238401814445 64 66 47
11.091101169140485 64 65 45
11.091101169140485 64 65 45
11.285082372844993 56 61 35
10.819401438241261 58 62 40
10.600088893237888 62 65 44
11.052996055305442 64 67 45
11.57199360307659 63 65 44
11.463273343959015 64 66 45
10.984330713549413 57 61 39
11.245548384968933 59 63 41
11.059609496127683 62 63 46
11.406322750807691 64 66 45
11.172258607737374 62 64 45
11.012943544749843 45 50 19
11.817379737580668 46 51 20
11.555483667008042 45 52 21
11.230267727101557 46 51 20
12.017177285138906 46 52 20
11.817379737580668 46 51 20
11.645364443891593 45 50 19
11.843822235123204 45 50 20
11.789353322215678 45 50 19
11.555483667008042 45 52 21
11.404803979066955 46 53 21
11.497426446150193 46 51 20
11.9486948623354 55 60 35
11.364429411362675 48 57 29
12.311350282751455 56 61 34
11.364429411362675 48 57 29
11.9486948623354 55 60 35
11.340630706596226 47 54 22
14.79442358564861 45 54 24
11.802858457198623 46 53 21
12.121407543186576 50 60 30
11.932651415572677 48 58 28
11.932651415572677 48 58 28
11.825726987509766 46 55 23
11.00483392966585 56 59 35
10.677820570305574 55 57 33
11.327377843601784 55 57 31
10.943407434738447 55 57 33
11.49185687647338 56 59 35
11.608632021328798 58 59 35
12.300880453676973 56 61 34
11.6535440369184 55 57 33
12.021381911587712 56 61 34
11.6535440369184 55 57 33
11.824384133094476 58 60 36
21.490504618367098 43 39 13
21.990795220038894 43 41 16
21.555251195865974 42 34 8
21.917621672401168 40 35 10
21.734606306098335 44 46 17
22.111839866993005 42 40 12
21.734606306098335 44 46 17
21.44710268351689 42 41 11
21.60475130340873 49 46 13
21.293822836406935 45 39 7
21.92073366791744 43 39 10
21.293822836406935 45 39 7
20.805925597430978 40 35 10
21.293822836406935 45 39 7
21.816673486366735 47 42 11
22.267845707064364 49 48 14
22.150733380749017 48 49 13
22.150733380749017 48 49 13
22.0023559369445 52 51 17
22.165415175552045 52 48 17
22.0023559369445 52 51 17
11.336814870110876 39 45 18
10.744822184527479 37 42 12
12.332559699174288 44 48 15
12.481922610464226 44 48 15
12.12630518830537 41 46 17
12.196460176618544 36 41 12
11.250346382973047 38 45 15
11.545301722445101 40 45 16
12.263183331165587 43 48 19
10.95959925742078 37 44 12
10.395474666678309 39 46 16
11.250346382973047 38 45 15
10.215651238449276 38 43 13
13.083718977614181 47 52 21
11.42553619435856 30 35 6
11.525472398503988 45 50 21
10.46585290102766 41 46 17
10.637955702102003 44 49 20
11.077007233157229 12 15 1
10.972987403771947 36 41 11
10.637955702102003 44 49 20
11.030435245773793 44 49 20
12.27514977887672 45 50 21
11.525472398503988 45 50 21
11.525472398503988 45 50 21
11.060384885588432 42 47 18
12.27514977887672 45 50 21
12.36822294325005 48 53 22
11.767265552481286 46 51 20
11.312123513792114 47 52 21
11.456394489049323 44 49 19
11.940685043454538 43 48 17
12.23358742772873 49 54 24
12.046589157493116 45 50 18
11.126225502934723 38 41 15
11.280626885049573 15 16 0
11.126225502934723 38 41 15
13.142995361994112 24 25 7
13.800169941175326 10 10 0
13.674247380670383 14 14 0
12.872627834991688 33 35 11
12.4096004793983 34 37 8
12.4096004793983 34 37 8
12.02241802137716 45 50 16
12.02241802137716 45 50 16
12.4096004793983 34 37 8
14.106594661162946 22 24 5
13.911734757276056 15 16 1
13.911734757276056 15 16 1
12.858326949962747 50 55 22
13.236892039615864 53 60 28
12.675329910476254 51 57 28
12.204819745473248 53 60 28
12.564908394993974 52 57 24
12.675329910476254 51 57 28
12.564908394993974 52 57 24
11.647816656286386 40 43 12
11.624598136538346 40 43 12
12.22952751668478 31 35 4
12.22952751668478 31 35 4
11.756359295330947 41 46 13
12.551907097121541 43 48 15
12.098940427876386 36 43 11
12.098940427876386 36 43 11
12.218538616619336 45 52 20
11.947900857613698 46 51 20
13.204105749583121 39 44 11
11.787563510450902 54 61 29
12.355282952358229 50 55 25
12.333396361521105 52 57 30
12.355282952358229 50 55 25
12.333396361521105 52 57 30
11.8716335020221 47 52 23
11.8716335020221 47 52 23
11.894831000706374 55 60 33
12.143971056816023 46 51 20
12.143971056816023 46 51 20
12.457663017407626 54 59 32
12.457663017407626 54 59 32
12.639014612869056 54 61 29
12.617620194072483 54 59 31
12.739114624131824 53 58 32
12.617620194072483 54 59 31
11.837511293694696 39 44 13
11.283999147330059 48 52 21
11.837511293694696 39 44 13
11.566963691194527 52 52 25
11.203213104280078 49 52 22
11.617257048498194 37 40 9
11.799082471948111 35 40 9
10.999846006286113 42 42 18
11.664147413435954 48 49 18
11.617257048498194 37 40 9
12.69283489228158 56 58 32
12.69283489228158 56 58 32
12.179285695633562 50 50 26
11.847824732287014 56 59 36
11.847824732287014 56 59 36
11.68882529324243 47 47 24
12.480042857134363 30 35 6
13.423171427097616 51 54 21
12.848729805306288 48 51 20
14.116416142659352 49 54 21
13.423171427097616 51 54 21
12.993965648230494 40 45 14
12.545257840708013 47 51 20
13.843452609042227 46 51 18
12.993965648230494 40 45 14
12.77250092767559 46 51 19
12.475183711361447 50 56 20
12.865028081917487 52 59 27
12.865028081917487 52 59 27
13.07549603365294 52 57 24
12.865028081917487 52 59 27
13.07549603365294 52 57 24
12.626575807698362 46 51 19
13.002401362882512 49 54 21
13.067853860577463 48 53 20
13.499201957855046 47 52 19
13.499201957855046 47 52 19
13.002401362882512 49 54 21
12.626575807698362 46 51 19
13.850730205831026 52 58 29
13.850730205831026 52 58 29
13.892758528535234 50 55 28
13.850730205831026 52 58 29
13.612581541069577 51 56 29
13.892758528535234 50 55 28
14.126184571732038 51 56 29
13.850730205831026 52 58 29
11.402423115460294 50 56 20
11.845205341574411 49 55 20
12.15600833175147 50 55 22
12.24294897666831 48 53 22
11.765634307922179 49 54 22
11.845205341574411 49 55 20
11.774587643692662 48 53 21
11.536540329487853 47 52 22
11.815082012632157 48 53 22
11.612460575025207 50 57 20
11.724969163350982 49 55 20
11.18073743565533 49 54 23
12.25155349972191 49 54 23
11.99195257147344 49 54 23
11.462529896535344 50 57 21
11.765634307922179 49 54 22
13.264363959185083 49 54 20
13.013688096829766 49 54 21
12.375189468057616 49 54 20
12.375189468057616 49 54 20
12.570508740210675 48 53 22
13.531790847452404 48 53 22
13.013688096829766 49 54 21
13.446773845763783 48 53 22
12.82984658317754 49 54 23
12.246603695427385 50 56 21
12.626913757937997 48 53 21
12.951161636335314 49 54 21
12.246603695427385 50 56 21
12.246603695427385 50 56 21
12.580657325948252 50 56 20
12.336434999641124 51 58 25
11.938159535510803 50 56 19
12.056269771278304 52 58 22
12.056269771278304 52 58 22
12.280606246248073 50 56 20
12.056269771278304 52 58 22
13.69688093381841 64 73 44
13.69688093381841 64 73 44
13.69688093381841 64 73 44
12.797372024622804 52 61 30
12.27713238190508 52 59 29
11.850499687470675 50 59 29
12.27713238190508 52 59 29
12.797372024622804 52 61 30
13.687871747383747 64 72 42
13.924732815938624 62 69 39
14.576880919985504 56 61 34
13.687871747383747 64 72 42
14.219417030081004 56 61 34
13.687871747383747 64 72 42
14.576880919985504 56 61 34
13.699905856758047 56 61 34
13.924732815938624 62 69 39
12.589318120952953 55 61 36
13.432944889816484 54 56 33
13.95265978002945 55 62 32
14.523203134282173 52 57 28
14.15567300615452 52 58 29
14.425305597355365 54 56 30
14.15567300615452 52 58 29
13.95265978002945 55 62 32
14.948704970734935 52 54 30
14.948704970734935 52 54 30
14.786135147480014 50 55 26
14.523203134282173 52 57 28
14.601578491831738 53 56 27
15.42738251695754 52 54 29
15.42738251695754 52 54 29
14.385701533264585 52 55 26
13.819202278616924 63 71 47
13.819202278616924 63 71 47
13.819202278616924 63 71 47
11.418383655747524 62 64 44
13.42334990097087 55 56 31
11.492860767875094 58 60 39
11.492860767875094 58 60 39
12.214947342887866 43 43 22
11.75972528360633 55 60 35
12.281347229369496 57 62 37
12.10528203257826 59 64 39
11.917318548665122 63 67 45
10.895872811648895 58 63 40
10.895872811648895 58 63 40
11.820695610253994 61 66 43
11.391916741619282 57 63 38
12.106766864831815 58 64 39
12.511070361151438 62 66 44
12.106766864831815 58 64 39
11.76125374171553 57 61 36
11.76125374171553 57 61 36
12.108704565604748 55 57 33
12.534956180554502 55 58 34
10.415053047644909 56 61 35
11.664879070443268 56 61 34
10.805876487603271 56 59 34
12.846877180061554 62 67 40
12.846877180061554 62 67 40
12.349166055128359 60 66 41
12.935837427846177 60 65 40
13.240088335375201 61 67 42
12.441685534412699 56 62 37
12.441685534412699 56 62 37
14.866936751661022 55 60 33
13.635766748753277 56 58 32
14.516617088626726 55 60 33
14.228089647515219 56 61 34
12.580508564153114 62 65 43
11.977944684349058 62 65 44
11.550816000833317 46 52 20
11.572629367452809 47 52 20
11.779632344812919 48 55 21
11.427482775422392 46 51 20
11.779632344812919 48 55 21
11.550816000833317 46 52 20
11.49273520060613 45 50 20
12.057586800599006 47 52 21
12.276961649684955 48 53 21
11.885459114829638 48 55 21
11.217862551478614 48 55 22
11.943135145148037 50 56 21
11.797407686340337 50 57 23
11.986793912846181 50 58 24
12.169557349091152 48 55 21
11.328938185690243 49 56 20
11.175204313015593 50 57 21
12.169557349091152 48 55 21
11.328938185690243 49 56 20
11.842944650197367 47 53 21
11.842944650197367 47 53 21
12.452042999405455 48 53 21
11.77601069659831 47 54 20
12.148815822190006 47 54 21
12.148815822190006 47 54 21
11.921999702396658 48 55 22
11.923507358788083 47 54 22
11.525260944604153 47 52 21
11.374180887592285 46 53 21
11.77601069659831 47 54 20
12.148815822190006 47 54 21
12.067712157348707 47 54 22
11.523701185387022 48 53 22
11.925752778399277 50 59 29
12.532261050346404 54 63 35
11.735381508079481 49 57 25
11.925752778399277 50 59 29
12.633206958507463 57 67 37
12.5053981712421 59 61 36
12.811645838023043 55 68 41
12.633206958507463 57 67 37
11.884895026039445 47 56 26
11.309833857582586 46 53 22
11.736913136395847 51 60 32
11.86214056389172 47 54 22
11.86214056389172 47 54 22
12.410189999361554 48 55 22
12.431941394758315 53 62 34
12.410189999361554 48 55 22
11.445219260941444 52 62 32
12.03477594374756 55 68 39
12.303502876768745 58 60 34
11.641881074529012 51 61 35
12.444749207892158 56 61 34
11.84463933573974 54 64 34
11.84463933573974 54 64 34
11.445219260941444 52 62 32
11.641881074529012 51 61 35
12.71353093706107 57 70 41
12.968200334281573 57 62 35
12.71353093706107 57 70 41
12.842325896961073 58 62 35
11.503063084165916 59 60 35
12.842325896961073 58 62 35
11.35010398673179 60 60 34
11.805304381170217 61 59 36
11.730810964057378 55 57 32
11.250207760778142 56 58 34
9.810175857856352 52 57 34
14.605744795767786 38 42 22
14.953976652354967 15 19 2
14.807291426079338 42 50 27
15.018306031537724 41 49 28
14.604514035323813 43 50 27
15.22757707477226 11 14 0
14.435494579662102 45 52 32
14.604514035323813 43 50 27
14.605744795767786 38 42 22
14.787736149916038 21 23 4
10.110544271223509 41 50 20
9.680842177674743 43 52 23
10.147621395877303 41 47 19
10.093688445884544 46 52 25
10.025803815178621 43 49 24
10.292204272180511 40 49 21
10.239032924490823 47 53 28
15.45278569968036 36 44 23
14.60955942113964 24 32 10
14.60955942113964 24 32 10
14.403998657002768 29 32 11
11.061768240651833 34 38 16
9.787828075619302 5 8 1
10.46940378875196 38 45 15
9.885708861376438 46 50 24
10.75944364764061 41 46 18
10.239866409016665 43 48 19
10.747859144064556 43 48 20
11.429965028960645 44 49 19
15.15301997766719 37 41 9
15.281404569991777 39 42 12
10.821513140400628 38 42 11
11.131180688465506 40 44 13
11.089809987739692 46 51 20
10.753859663874884 44 47 16
11.456071377794535 42 45 13
10.753859663874884 44 47 16
11.589748636533354 46 51 20
10.63560614889643 16 18 0
9.822742219178902 45 51 32
10.036582040057848 47 51 35
11.598682857201577 57 63 38
11.383009883839508 62 64 48
11.210852045794748 41 43 23
10.892239873536294 52 58 34
11.510049542208941 53 56 34
11.131259524893167 44 46 22
11.131259524893167 44 46 22
11.688775850034261 43 44 31
11.848136116969723 73 71 50
12.003528346538891 59 57 40
11.668720217408055 63 61 55
11.770859872004227 69 68 55
11.934942502971975 48 47 27
12.063769149844116 53 54 27
11.881766127880415 67 67 43
11.31586240350399 55 54 39
11.438827684970128 33 32 15
11.15910953965782 59 61 40
11.338211820674935 57 61 39
11.839238401814445 64 66 47
11.849701943127927 61 63 44
10.856218694979436 57 62 38
11.252048652886163 65 67 46
12.156763081817536 46 51 20
11.93009805701083 45 52 20
11.404803979066955 46 53 21
11.645364443891593 45 50 19
11.93009805701083 45 52 20
11.349734629481457 45 50 19
11.348150744880112 45 50 20
12.10159083482771 46 51 20
12.156763081817536 46 51 20
11.340630706596226 47 54 22
11.802858457198623 46 53 21
12.388255399791861 51 61 35
11.446310464755552 58 60 36
11.824384133094476 58 60 36
11.897830654284178 60 60 36
12.452067060801594 57 59 35
12.617891503794128 57 61 34
21.490504618367098 43 39 13
21.228278913361336 42 38 13
22.267845707064364 49 48 14
21.755840627545815 47 43 9
21.60475130340873 49 46 13
21.635957068791225 48 47 12
22.0023559369445 52 51 17
21.883822875526132 49 50 15
21.883822875526132 49 50 15
11.541424930862817 28 33 10
11.077007233157229 12 15 1
10.395474666678309 39 46 16
11.42553619435856 30 35 6
11.647401739802676 38 43 14
12.196460176618544 36 41 12
10.762328448157898 42 47 18
10.900321466784675 38 44 17
11.030435245773793 44 49 20
10.424092350346877 43 48 19
12.332559699174288 44 48 15
13.094935622799417 47 52 21
11.767265552481286 46 51 20
11.940685043454538 43 48 17
10.67576924020631 38 42 21
12.4096004793983 34 37 8
10.67576924020631 38 42 21
12.863041360262772 30 34 5
11.066412135596584 36 38 20
10.780480657767876 38 43 20
13.674247380670383 14 14 0
12.204819745473248 53 60 28
12.858326949962747 50 55 22
12.675329910476254 51 57 28
12.345739102906794 53 59 28
13.236892039615864 53 60 28
12.564908394993974 52 57 24
11.647816656286386 40 43 12
11.624598136538346 40 43 12
12.22952751668478 31 35 4
12.551907097121541 43 48 15
12.098940427876386 36 43 11
11.471108168171794 45 50 21
12.77428652992822 38 43 13
11.569571295490162 49 54 24
11.787563510450902 54 61 29
12.333396361521105 52 57 30
12.355282952358229 50 55 25
11.431447684234108 36 41 12
12.457663017407626 54 59 32
11.67884116613809 47 54 24
11.8716335020221 47 52 23
12.617620194072483 54 59 31
12.639014612869056 54 61 29
12.617620194072483 54 59 31
11.154385250134997 36 39 8
11.566963691194527 52 52 25
11.664147413435954 48 49 18
11.011552933667472 44 45 17
11.052720228951651 41 44 15
11.74176254994953 45 48 17
11.617257048498194 37 40 9
12.37614591698061 54 57 35
12.480042857134363 30 35 6
12.993965648230494 40 45 14
13.635791756215617 46 52 16
12.475183711361447 50 56 20
13.208904869114987 48 53 20
12.848729805306288 48 51 20
12.865028081917487 52 59 27
13.435850928729344 48 53 22
13.067853860577463 48 53 20
13.435850928729344 48 53 22
12.558823723089406 48 53 22
12.558823723089406 48 53 22
13.984521493165694 49 54 23
13.984521493165694 49 54 23
14.126184571732038 51 56 29
13.892758528535234 50 55 28
14.126184571732038 51 56 29
13.892758528535234 50 55 28
11.402423115460294 50 56 20
12.25155349972191 49 54 23
12.585475749316268 49 54 23
12.15600833175147 50 55 22
11.724969163350982 49 55 20
11.536540329487853 47 52 22
11.815082012632157 48 53 22
11.99195257147344 49 54 23
13.446773845763783 48 53 22
12.375189468057616 49 54 20
12.246603695427385 50 56 21
12.626913757937997 48 53 21
12.200478584475466 49 54 21
13.69688093381841 64 73 44
14.41742810504531 64 73 43
14.41742810504531 64 73 43
12.797372024622804 52 61 30
12.797372024622804 52 61 30
12.27713238190508 52 59 29
12.27713238190508 52 59 29
14.219417030081004 56 61 34
14.219417030081004 56 61 34
14.219417030081004 56 61 34
13.687871747383747 64 72 42
11.977588423321096 54 56 35
14.948704970734935 52 54 30
14.425305597355365 54 56 30
14.786135147480014 50 55 26
14.425305597355365 54 56 30
14.425305597355365 54 56 30
14.523203134282173 52 57 28
14.601578491831738 53 56 27
14.651101389455038 54 54 28
13.819202278616924 63 71 47
12.42161874076833 54 53 31
13.634246802952296 53 55 28
12.511070361151438 62 66 44
12.10528203257826 59 64 39
11.917318548665122 63 67 45
10.607556378495715 55 57 33
11.928125051294101 61 66 39
11.928125051294101 61 66 39
12.36395731954253 57 62 36
11.272116187540693 56 58 34
11.27938138901925 62 66 44
11.012327949015205 57 62 37
14.008132334700626 56 58 32
14.008132334700626 56 58 32
12.846877180061554 62 67 40
11.531121310176285 63 66 45
12.174538478172835 47 52 20
12.169557349091152 48 55 21
10.98286453588967 46 51 20
11.572629367452809 47 52 20
11.797407686340337 50 57 23
11.062585197245628 49 56 24
11.885459114829638 48 55 21
12.276961649684955 48 53 21
10.853079088957728 45 50 20
11.374180887592285 46 53 21
11.567389048213894 48 55 21
11.885459114829638 48 55 21
11.427482775422392 46 51 20
11.797407686340337 50 57 23
11.77601069659831 47 54 20
11.284327185638586 48 53 22
11.885459114829638 48 55 21
11.686665314248236 58 60 34
11.333697230320439 46 55 25
12.811645838023043 55 68 41
11.925752778399277 50 59 29
11.735381508079481 49 57 25
11.736913136395847 51 60 32
12.533695299677472 56 66 36
12.533695299677472 56 66 36
11.991291873790287 51 61 31
11.884895026039445 47 56 26
11.172013650324853 55 57 31
12.516694795144797 60 58 37
11.503063084165916 59 60 35
12.665738598772391 57 62 35
12.046513901942944 57 62 35
12.665738598772391 57 62 35
9.804553064008335 46 52 27
10.520483986679848 44 50 22
10.492220007944494 44 54 28
10.410586793029031 43 53 25
14.640613133619997 41 49 27
15.45278569968036 36 44 23
10.87604605837566 18 20 0
10.363283851207076 8 10 0
10.645342335251813 42 47 19
10.652323264277806 45 51 27
14.863258441751901 37 42 9
15.110240319173268 39 44 11
9.896208474734545 45 49 31
10.142455511959195 30 32 14
11.443753993654404 52 56 31
11.601358973896835 46 45 27
11.770963393456332 51 53 29
11.586067633388899 52 55 24
11.083736549114146 49 48 29
11.199952068382162 52 56 27
11.803187203744407 66 65 53
11.51161115114786 64 64 55
11.399054888802086 62 61 36
11.068391067196037 57 61 35
11.424015272783262 64 66 45
11.371286726847986 63 64 43
10.847318636754128 64 67 45
10.95542447953332 62 63 45
11.729388824654377 45 50 20
11.639505499195181 45 50 20
11.671801827085165 51 61 33
12.311350282751455 56 61 34
11.47565278615107 51 61 31
11.825726987509766 46 55 23
12.728284364867246 57 60 35
11.6535440369184 55 57 33
12.261543118337435 55 56 31
11.49185687647338 56 59 35
21.228278913361336 42 38 13
21.228278913361336 42 38 13
21.660567320500018 41 37 11
21.92073366791744 43 39 10
22.32200372272608 44 43 9
21.60475130340873 49 46 13
22.267845707064364 49 48 14
10.296551423066019 41 46 19
11.583389050814661 44 49 20
10.95959925742078 37 44 12
11.060384885588432 42 47 18
11.647401739802676 38 43 14
12.046589157493116 45 50 18
13.349081468885677 26 27 11
14.106594661162946 22 24 5
13.911734757276056 15 16 1
12.143971056816023 46 51 20
13.204105749583121 39 44 11
11.756359295330947 41 46 13
11.8716335020221 47 52 23
12.333396361521105 52 57 30
12.22952751668478 31 35 4
11.683092443972786 49 56 26
12.14487447617082 53 59 30
11.64203432328132 45 45 21
11.606161100119575 37 39 14
12.49065186654552 51 54 26
11.283999147330059 48 52 21
12.69283489228158 56 58 32
11.68882529324243 47 47 24
12.012153043412418 39 42 13
12.475183711361447 50 56 20
13.208904869114987 48 53 20
13.208904869114987 48 53 20
14.126184571732038 51 56 29
12.121656275405588 48 53 21
11.462529896535344 50 57 21
11.612460575025207 50 57 20
11.612460575025207 50 57 20
13.013688096829766 49 54 21
12.336434999641124 51 58 25
12.280606246248073 50 56 20
12.626913757937997 48 53 21
12.570508740210675 48 53 22
11.850499687470675 50 59 29
14.576880919985504 56 61 34
13.924732815938624 62 69 39
12.589318120952953 55 61 36
14.15567300615452 52 58 29
14.385701533264585 52 55 26
14.948704970734935 52 54 30
11.652991545079006 55 56 30
13.28457599037223 58 60 39
12.534956180554502 55 58 34
11.928125051294101 61 66 39
12.526546329183354 54 56 32
11.180951704023647 57 62 39
12.09611995932735 59 64 41
13.635766748753277 56 58 32
12.441685534412699 56 62 37
12.349166055128359 60 66 41
11.923507358788083 47 54 22
12.03477594374756 55 68 39
11.77601069659831 47 54 20
11.333697230320439 46 55 25
11.284327185638586 48 53 22
12.532261050346404 54 63 35
11.71387121957765 48 55 23
11.943135145148037 50 56 21
11.735381508079481 49 57 25
11.919469198581309 57 61 34
11.567389048213894 48 55 21
12.431941394758315 53 62 34
11.250207760778142 56 58 34
11.18354035410956 56 58 34
10.236741321880684 47 53 28
10.051745481928577 50 55 30
15.246568220600947 41 52 26
10.578376641621983 30 35 16
10.715358754767863 43 48 19
14.863258441751901 37 42 9
9.801040528132074 33 35 10
14.59509936384269 38 43 11
11.783998662613575 50 55 26
11.36579255859906 55 60 31
10.826210960149302 57 61 36
11.533868644535813 61 62 37
10.824043672119455 58 62 40
11.849701943127927 61 63 44
10.687171942862403 57 62 38
10.467275083475226 60 63 42
11.61692304032829 46 51 20
11.47565278615107 51 61 31
12.388255399791861 51 61 35
21.92073366791744 43 39 10
12.36822294325005 48 53 22
12.481922610464226 44 48 15
11.021733991772395 41 48 18
10.780480657767876 38 43 20
11.399749910939372 48 53 23
13.236892039615864 53 60 28
12.143971056816023 46 51 20
12.564908394993974 52 57 24
11.683092443972786 49 56 26
11.799082471948111 35 40 9
11.64203432328132 45 45 21
11.799082471948111 35 40 9
13.07549603365294 52 57 24
11.458731443102426 49 54 22
11.612460575025207 50 57 20
13.101515735274619 49 54 21
13.95265978002945 55 62 32
12.281347229369496 57 62 37
12.10528203257826 59 64 39
11.382662409855664 56 60 34
12.108704565604748 55 57 33
11.490581051319285 57 62 37
12.349166055128359 60 66 41
12.846877180061554 62 67 40
14.516617088626726 55 60 33
11.759731664403148 46 53 21
11.921999702396658 48 55 22
11.458625100831883 48 55 21
11.71387121957765 48 55 23
12.179139207057316 54 65 37
12.235807573069572 46 52 20
11.779632344812919 48 55 21
11.289698893957912 46 53 21
12.323984064821774 59 61 35
12.303502876768745 58 60 34
11.309833857582586 46 53 22
12.516694795144797 60 58 37
14.435494579662102 45 52 32
9.809772672351835 46 51 22
10.021217622084077 45 49 23
10.334059127720964 16 18 0
10.06401021342107 48 54 27
14.59509936384269 38 43 11
11.136212470478338 52 57 30
11.348150744880112 45 50 20
12.211065180389888 46 51 20
10.82517674616517 45 50 21
10.424092350346877 43 48 19
12.332559699174288 44 48 15
12.263183331165587 43 48 19
11.894831000706374 55 60 33
11.566963691194527 52 52 25
12.121656275405588 48 53 21
12.24294897666831 48 53 22
12.77250092767559 46 51 19
13.287193329944229 39 44 14
12.121656275405588 48 53 21
12.056269771278304 52 58 22
12.848729805306288 48 51 20
13.423171427097616 51 54 21
13.42334990097087 55 56 31
14.228089647515219 56 61 34
11.75972528360633 55 60 35
14.523203134282173 52 57 28
11.779632344812919 48 55 21
13.064402783953998 58 63 36
12.179139207057316 54 65 37
11.217862551478614 48 55 22
11.759731664403148 46 53 21
11.991291873790287 51 61 31
10.384393294982404 45 51 26
11.222590504245957 44 49 19
14.824601646958925 36 38 17
10.69347763279952 44 49 20
10.932379673951763 63 64 47
21.734606306098335 44 46 17
13.083718977614181 47 52 21
12.12630518830537 41 46 17
11.483956862617225 46 51 22
12.739114624131824 53 58 32
13.07549603365294 52 57 24
13.101515735274619 49 54 21
12.77250092767559 46 51 19
13.101515735274619 49 54 21
14.15567300615452 52 58 29
13.95265978002945 55 62 32
12.441685534412699 56 62 37
11.671801827085165 51 61 33
11.845205341574411 49 55 20
12.675329910476254 51 57 28
11.418383655747524 62 64 44
11.61692304032829 46 51 20
10.86455140064574 34 39 10
12.580657325948252 50 56 20
10.826210960149302 57 61 36
15.15301997766719 37 41 9
13.924732815938624 62 69 39
12.138406575823758 44 49 20
11.845205341574411 49 55 20
