10.190754695327183 22 26 4
9.722893433673985 36 42 22
9.212959660789613 30 36 14
9.081813891730492 33 39 17
9.708468090852556 34 40 18
9.172663508104128 30 35 13
9.469993625626872 34 40 18
9.436731039357497 34 40 18
9.895036163826488 35 41 19
9.100675156066199 34 40 18
9.854298852162184 35 41 21
9.88615660547441 37 43 23
9.860333866738703 35 41 19
9.926763180597913 35 41 19
9.31470443002732 34 40 18
9.38794306850241 34 40 18
9.778494417497276 32 40 18
9.388188780454323 34 40 18
8.977342807496427 34 40 19
17.798289767262048 35 40 12
18.295458602638888 37 40 11
10.586906614758238 27 35 10
9.82845209863265 30 37 12
11.249041080651763 27 36 10
10.393617200525524 29 35 10
9.281372492754352 35 41 16
9.548280620047416 26 35 9
9.749822382078026 39 45 20
9.17601157953764 30 39 13
10.024362540232328 35 41 18
11.205822189506078 28 34 9
10.344152505698284 32 38 13
10.399297156327593 33 36 15
9.688161010951395 34 41 18
10.252602383637404 33 37 15
9.755877167974841 41 47 19
9.28773267185271 41 47 22
10.027307502778834 39 44 20
10.10115087661568 41 45 23
9.533153044453277 16 22 0
9.912453476750063 42 48 25
9.521541594445825 40 45 22
10.418511878331696 36 45 19
9.21008652567483 22 28 5
9.097822852301828 30 39 13
9.327250602785684 35 42 18
9.705618965967629 35 43 20
9.324284993961424 39 46 24
10.030176527669402 41 47 24
9.527741451640315 41 50 18
10.033119783670571 42 47 22
8.936593088895377 42 48 22
8.723039905224507 41 47 22
8.716482123673282 41 47 24
9.46163121805413 40 49 20
9.90675155406649 37 45 22
11.257043928776655 42 48 26
10.255517213688774 40 46 21
10.269282819852563 37 45 22
10.286016654802529 37 45 22
10.758569861478954 39 47 24
10.385804171987186 40 49 21
10.750751309852456 40 49 20
11.213855881142898 40 48 25
10.869675518172143 41 46 23
10.261273612705683 40 49 17
9.950317511684013 40 50 22
10.70276263483679 42 46 24
10.50348808079705 41 49 21
9.575484884769944 40 42 21
9.397880310994907 40 45 22
10.10690859482387 39 43 21
8.92389794994282 40 46 21
9.38270945773668 40 44 21
9.028882255511158 40 44 22
8.833832337631787 42 46 24
8.955768518891187 40 46 20
8.791508893878795 42 44 22
9.593545331606427 41 50 22
9.34622449499237 44 49 25
9.4314702015904 43 49 24
8.650860669689362 43 48 23
8.409698315073793 44 49 25
8.856452516554405 43 48 24
9.340104267885454 43 49 25
9.909515477348412 35 43 20
9.746713204537766 35 44 21
9.848967283437931 37 49 26
10.36332840838814 35 43 20
10.052920370096556 42 54 30
10.635800834200209 42 52 27
10.552244490993683 43 53 27
9.920628728499445 31 39 16
9.73490278013995 34 42 20
9.1571377081468 33 41 19
10.530327249160276 38 48 24
10.024236334261213 35 43 20
9.958457250247275 35 43 20
17.008808238105495 49 62 35
16.97851677774032 45 58 29
16.95831581414056 46 59 29
10.565423801866034 35 43 20
10.681192380942509 39 47 24
10.14606442878999 35 43 20
10.646279281587203 36 44 21
12.020472800435845 42 50 27
10.355073199385986 35 43 20
11.103510678294557 38 46 23
10.143663612855043 44 55 29
10.919500868715716 45 55 29
11.545201931613024 41 51 27
11.272181830896288 41 51 25
11.353040572160715 43 55 30
10.919500868715716 45 55 29
11.11148521282443 44 57 30
11.218823669373341 41 54 27
11.317756356161064 42 55 26
9.22620125716236 41 45 23
8.978259459078544 43 47 25
9.01321415893208 42 46 24
9.88127238185727 47 53 29
8.811203755564923 42 46 24
9.275711618617889 45 50 26
9.24174980571983 45 49 27
8.78523392167732 47 50 28
8.73634612428144 46 52 29
8.888485165815533 41 45 23
9.929929765007552 46 48 26
9.413069977197402 43 47 25
9.918481838602236 41 46 22
9.846190843505873 44 48 26
10.573679992367545 44 49 26
10.366495472122189 43 52 26
10.115308340717284 43 52 26
9.767512564362134 45 51 26
9.3979702109241 46 50 28
9.849277946457939 46 55 29
8.923916593376306 46 50 28
9.003615674909746 43 47 25
9.272425523920957 45 51 26
9.967559633899297 45 55 28
9.753083647872913 45 54 27
9.297154614317554 46 53 28
10.14378098878281 46 56 28
10.60918022362085 47 53 28
10.01053125605788 46 56 28
10.489980995838316 46 56 30
10.851487627121205 47 56 28
10.205589932427833 45 54 28
10.429857533665945 46 56 30
10.266976903295763 45 58 29
10.652111757414493 46 56 30
10.185432068825664 37 49 25
10.33022268491955 38 48 24
9.539459171721665 40 52 28
10.100801625493613 37 50 27
10.576442183608124 40 52 28
10.28560771501655 35 45 21
9.889304302488318 35 45 21
10.68106946400247 38 50 27
9.897835220910826 36 48 25
9.699414602886732 30 41 18
10.745172850738035 44 48 26
9.040933230900306 32 38 16
9.454866720205075 34 40 18
10.092327309584968 34 40 18
9.895036163826488 35 41 19
9.37595244039323 35 41 19
9.894638479727787 34 40 18
9.70233861371953 37 43 23
9.819452589011524 36 42 22
9.400337014665666 33 39 17
9.57490886387871 33 41 19
18.57292141516261 38 43 14
9.758328543235505 25 31 8
10.390955940264028 29 38 12
11.251665505669042 28 30 7
9.300038028709714 39 45 20
11.38549526195933 19 22 2
9.185659625722236 38 46 23
9.975839315398424 38 42 19
9.676349240414599 38 43 19
9.831645860745187 38 43 20
10.15198378351687 41 46 21
10.109471834382976 38 47 21
10.032747184896174 37 43 20
10.13465979866092 30 36 14
9.705618965967629 35 43 20
9.412668147760137 35 43 20
9.587582982888032 42 49 23
10.42701031028326 43 50 20
9.54584638254507 42 51 24
9.213697506708606 42 50 25
10.52503449747121 42 48 26
10.74800457336257 42 46 24
10.11257684500712 40 47 17
10.766799882794238 41 50 20
9.623152909066246 39 43 20
9.58749169132323 39 43 21
10.160435040455312 38 43 18
9.530748032762405 40 44 22
9.079420461499554 40 44 22
9.723854586334577 45 51 26
9.473710701626004 43 48 23
8.650860669689362 43 48 23
9.723854586334577 45 51 26
9.361454474721318 41 50 22
9.10143029008576 42 47 22
10.205056777757585 37 45 22
9.73490278013995 34 42 20
9.901095003021965 39 51 27
9.497046039469419 32 41 18
9.723102782848892 34 42 19
10.908982299415037 42 53 28
9.560018942455013 32 40 17
12.738197682297276 37 45 22
16.98864329370552 53 64 36
11.216191559848642 38 49 25
10.934937903549596 36 44 21
11.315147260206233 41 49 26
10.673007902391983 34 42 20
11.589702901729487 43 56 27
11.45081371108883 43 56 29
11.272181830896288 41 51 25
9.139041075789734 41 45 24
8.739538803712737 43 47 25
8.978259459078544 43 47 25
9.42543088285443 43 47 25
9.204584876660258 45 49 27
9.947561870356747 47 53 29
9.964509175844784 42 46 24
9.973019645517093 41 45 23
9.101400486109144 43 47 25
10.372010072756058 45 51 26
8.93037105626896 45 54 27
9.176463344316998 47 52 27
9.967559633899297 45 55 28
9.741305673752022 44 52 25
9.976230716489667 45 55 27
10.33079174182351 47 57 31
10.266976903295763 45 58 29
10.160604336333316 46 56 30
10.086546133769293 37 47 23
10.335937478263382 41 53 29
9.906824494932959 38 50 26
10.486920131241044 42 52 28
10.210755904889067 42 51 25
9.129030153213963 33 39 17
9.505932186052657 29 35 13
9.436731039357497 34 40 18
9.643403058543896 35 41 19
10.415227424612333 39 45 25
9.82845209863265 30 37 12
9.76770703546299 41 50 22
11.380307532116836 30 37 11
10.129200507319933 36 45 19
9.521541594445825 40 45 22
9.981681565991074 42 46 24
10.17717620303267 41 45 23
10.149074998418227 39 45 22
9.515409003364308 38 46 23
10.74800457336257 42 46 24
11.213855881142898 40 48 25
10.869675518172143 41 46 23
10.914225586898736 41 45 23
10.495051577368782 38 47 21
10.530643570433016 41 50 20
10.075681504632653 36 40 18
8.673907566586466 42 47 22
9.530911057588586 44 50 27
9.10778540053517 43 47 25
9.349063760985548 40 42 21
8.313982673656632 43 47 25
10.047044596942882 36 46 22
10.908982299415037 42 53 28
10.188216593950232 35 43 20
9.297154614317554 46 53 28
9.235560345517712 47 53 29
8.541119987780124 46 50 28
9.022565209107901 46 50 28
9.735433819488993 44 53 27
10.160604336333316 46 56 30
9.379325966204012 39 51 27
9.110298734411773 36 48 24
9.056879635882357 37 49 26
9.379325966204012 39 51 27
10.001057893778437 22 27 4
9.769964130590518 32 37 12
9.610811255579891 34 40 18
9.36387399907225 35 41 19
9.07541070532762 34 40 19
10.02170239608067 39 43 21
10.182976888028254 40 49 17
9.03538526480014 46 50 27
10.393797033316549 33 37 16
10.032635935469214 27 36 10
11.587155040521608 41 49 26
11.719673163488505 44 57 30
9.799530958039798 40 52 29
9.536167553737359 33 43 19
10.128788236445885 26 31 9
10.942234834095993 25 31 9
18.57292141516261 38 43 14
9.825637765385249 34 40 15
9.204078850885278 35 44 18
9.992870047260032 39 47 24
8.955768518891187 40 46 20
9.93299084253211 44 54 28
11.545201931613024 41 51 27
11.172845600645152 40 51 26
11.71463342253822 39 47 24
9.336866633923375 44 48 26
8.85652912709435 44 49 24
9.626353844289065 45 55 27
9.24174980571983 45 49 27
9.57853176033405 45 50 25
10.790752542869495 47 57 29
10.294215867127651 37 50 27
10.630164910652068 40 51 27
10.352521300728604 41 51 27
11.157312045275031 29 32 11
9.646436204633428 34 43 20
9.810902616699416 34 42 19
9.915243168338643 41 47 25
9.94970691874583 38 50 27
