12.4647795770957 36 39 8
12.564675000149233 33 36 8
11.94875318054332 29 31 10
17.100952599927894 45 51 18
9.023223786641408 48 50 32
11.545486078317154 33 35 16
11.689041678394464 34 35 14
11.033224852647292 39 41 13
11.607168769031363 29 31 12
11.664553716598192 31 33 12
11.262797001254715 37 39 15
11.252266660841075 39 42 13
11.033224852647292 39 41 13
12.215837866743735 28 30 12
11.201286264535758 34 36 11
11.360787702606784 41 43 17
10.641039549559093 38 43 14
11.303910225485735 38 41 12
11.499233826775894 38 40 16
11.03112482534337 40 42 16
11.691509685605347 44 48 19
10.229307076628091 42 44 17
11.106572475519886 43 46 14
11.410130182202591 45 49 19
11.106572475519886 43 46 14
11.108658239893018 39 44 13
11.386149791929244 46 47 19
10.118696823824159 27 29 7
10.311295318159937 36 38 14
9.33933316855672 34 36 12
9.448588227558325 36 38 14
10.563460783043103 35 37 15
10.201205927635286 36 41 12
10.165062466832353 39 41 15
10.87359956838045 39 41 15
9.930320542086315 36 40 13
10.743719381667647 44 46 20
10.903249169924573 44 46 20
10.679219252390423 41 43 17
10.610956014006769 40 42 16
10.093322478013077 38 40 13
10.665705270180302 38 41 12
9.629597904554146 36 38 12
10.931562566717812 42 44 18
11.093704800215216 42 44 18
10.31956279760772 37 39 13
11.465047396863993 51 54 25
11.859954845119365 47 50 21
11.711483974375895 47 50 21
11.31139424501378 51 54 25
11.52493237355525 38 41 10
11.632901365042814 37 40 8
11.775391320183063 39 42 11
11.26713342752792 47 50 21
11.775391320183063 39 42 11
11.377549104596742 44 47 16
11.244908524302186 50 53 24
11.244908524302186 50 53 24
11.21118828764451 49 52 21
10.788958799771036 47 50 19
11.144045897233115 51 55 28
11.499395405690045 52 56 29
10.788958799771036 47 50 19
11.302082930052519 48 53 22
8.197580743755545 52 54 28
8.87130216465422 52 54 28
9.275529562845794 54 56 30
9.296122142603721 55 57 33
10.570284015776183 58 60 36
9.83993046496233 55 57 33
9.287284932563873 56 58 36
9.257807393117865 57 59 37
9.83993046496233 55 57 33
9.818118842199139 59 61 37
9.949294297932544 54 56 30
9.932774339715694 58 60 37
10.676865301123838 58 60 36
16.131573285599956 55 60 33
13.579744064690031 61 65 43
13.45027051089595 60 64 41
10.267063249350368 24 24 4
10.907970196622879 17 15 5
9.997962365238285 28 29 4
9.798567595183043 34 36 10
9.708125791675524 32 34 10
11.384010355544094 16 13 9
10.479452868888124 24 23 6
10.1775808992915 32 33 12
10.442294631917532 42 44 18
10.637641040878654 42 44 18
10.230056258500346 32 32 10
9.914654903104072 36 38 14
10.92141459012513 41 43 17
9.425871075831973 36 38 14
10.693598894118654 39 41 15
10.610788697260917 39 41 15
10.710122618940092 38 40 14
11.177768381137467 34 37 8
10.524824976544469 31 30 9
10.917333737187404 42 44 18
9.950759304378135 37 39 15
9.86171335029022 36 38 14
10.862297069529529 32 37 12
10.836233450731607 41 43 17
11.39199827085622 39 41 13
10.109718025688903 40 42 16
11.542079244227935 15 12 7
11.702779362009203 12 11 1
11.38506030819516 14 11 6
11.137985091607542 14 12 2
11.830499930779146 13 14 3
11.358156551858167 16 17 2
10.903661335611375 27 28 10
11.726596953891711 38 40 19
11.375751632209724 4 5 0
11.071478423661326 23 25 9
11.43144599331982 29 31 14
10.77391788217291 36 38 21
10.851670197061654 44 46 20
10.948818922633084 43 45 19
11.757138470097424 38 40 14
12.179827369049898 38 40 16
10.647831133466346 45 47 21
10.83947404543354 45 47 21
11.514940932832904 47 49 23
11.514940932832904 47 49 23
10.83947404543354 45 47 21
11.909990209318556 39 42 13
11.477368036760506 40 43 14
9.474563284594764 57 58 48
9.626919175205389 59 61 38
8.914034774787549 59 61 40
8.920644915079507 57 59 40
10.882933546753213 60 61 50
9.26356762649025 58 59 48
11.147825667432516 61 61 57
9.795820791634599 47 48 31
9.759143205005154 31 32 18
10.620477174676646 46 47 21
10.794031146715477 53 55 35
10.724338504078327 46 48 25
10.724338504078327 46 48 25
10.012003804844069 48 49 34
10.502104906352562 44 44 21
9.733082584821208 55 55 51
8.708189462107104 59 59 55
9.345171788370726 53 54 47
9.369430504101416 55 56 49
10.400721413154477 52 53 40
9.63532870946406 53 54 46
11.459871739896384 56 59 36
13.305174427683742 59 63 41
13.238710134326293 59 63 41
11.525117454546079 57 59 38
11.74507888366362 48 50 26
11.590052467631972 48 50 22
12.290099474312012 53 55 29
13.267566561305639 54 57 31
11.935069925312622 57 59 40
11.723760063635213 53 55 31
13.370232536007766 61 63 42
13.305174427683742 59 63 41
11.459871739896384 56 59 36
13.43604624126072 59 63 43
11.548752496112755 59 60 46
13.639171919273663 61 63 44
12.601962299724901 61 63 45
12.163287638147374 59 61 40
12.900659501928837 62 63 47
11.252116227345017 56 57 45
12.219956975362207 58 59 47
12.89608955652428 62 64 45
12.050288741141902 61 62 48
12.690359855942306 61 62 46
11.367864235743067 55 57 38
11.168228200733791 46 48 23
11.27961209871415 43 46 16
10.365075865850848 55 57 32
11.605703363327159 50 53 24
10.738571039483398 52 54 27
10.487204651164383 50 53 24
10.104422355098587 55 57 31
9.559731270704038 60 62 38
9.862584460133382 53 55 29
20.54453331089505 59 62 40
9.882842565500477 58 60 36
8.541273224083493 58 60 37
9.354482973574157 58 60 36
9.259704702230689 56 58 39
9.242559560408269 52 53 41
12.564675000149233 33 36 8
12.068726400376544 33 36 7
11.023391026215323 34 36 14
11.264853839630556 36 38 14
10.98030825022269 41 44 15
11.920912261407336 32 34 12
11.472045205209866 33 35 12
11.824750404241438 37 40 11
10.876761126406704 37 39 14
11.106572475519886 43 46 14
10.991327875348627 44 47 18
11.607658440244126 42 47 16
11.386149791929244 46 47 19
9.64910639896211 35 37 13
9.64910639896211 35 37 13
10.118696823824159 27 29 7
10.9051432952308 36 38 16
9.985218748214873 37 37 15
10.218699640155991 38 41 12
9.132015616979963 36 38 14
10.34601565938934 36 38 15
10.429852887938722 39 41 15
10.743719381667647 44 46 20
10.165062466832353 39 41 15
11.140550490784113 50 52 24
11.632901365042814 37 40 8
10.936765934182251 46 49 18
11.668740839938538 43 46 13
11.874116026487366 46 49 19
10.936765934182251 46 49 18
11.140550490784113 50 52 24
10.562442972492205 52 54 28
10.835173098551342 52 54 28
10.904217529788644 44 47 16
10.765746793853355 50 53 24
11.27992688823786 49 54 25
11.412160466431308 46 49 16
8.7703030075363 53 55 34
10.113237259390962 56 58 34
9.246014545774093 55 57 33
10.22231777104074 57 59 38
10.844953408814687 59 61 37
9.246014545774093 55 57 33
10.113237259390962 56 58 34
9.818118842199139 59 61 37
16.131573285599956 55 60 33
13.579744064690031 61 65 43
13.45027051089595 60 64 41
11.076793709379016 15 12 6
11.392548591807854 10 9 0
10.862297069529529 32 37 12
10.00912044651444 37 39 15
11.949721638306055 6 7 0
10.979984870817246 39 41 17
10.605232059842342 39 41 15
11.535180783896223 35 37 12
10.830792476266105 41 43 17
11.286947611476284 39 41 17
11.879841661404475 38 40 19
10.92141459012513 41 43 17
10.340388167035197 43 45 19
10.311366945936474 40 42 16
10.907970196622879 17 15 5
10.948818922633084 43 45 19
11.135282912230855 41 44 16
11.118097288494985 41 43 15
11.118097288494985 41 43 15
10.478257465353744 45 47 28
10.132883788332082 53 55 37
10.502104906352562 44 44 21
10.863337068214497 42 45 14
10.480405690231471 58 58 54
9.428932792929666 47 48 39
8.917210975316593 43 44 33
8.914034774787549 59 61 40
10.443976762910717 41 40 26
9.645270447756957 56 57 42
10.563000453375551 43 42 25
10.747639941114981 44 44 18
10.274083327744854 57 58 50
9.601434514048515 35 36 22
11.481680549844125 52 54 29
11.675958392666944 59 61 42
11.787545209919445 57 59 38
11.723760063635213 53 55 31
13.365823144576936 60 63 43
13.23425692231723 59 63 41
11.278775224290252 53 58 32
10.913833394488229 45 48 19
13.248697841859117 56 61 34
11.725680106129568 60 61 48
12.89608955652428 62 64 45
11.909142556603165 60 62 43
12.900659501928837 62 63 47
11.580578208357645 57 58 50
11.145806080758469 50 52 28
11.145806080758469 50 52 28
11.21287943554551 54 56 35
10.377829550971265 50 52 26
10.487204651164383 50 53 24
20.54453331089505 59 62 40
9.253336773170043 60 62 40
8.973548591983977 52 53 37
9.497755018312422 53 54 45
8.541273224083493 58 60 37
8.639220123577521 50 52 31
12.460859943171545 26 28 9
11.768146648813499 35 38 8
10.331088749085824 41 44 14
11.530102677990616 36 38 14
11.518681829793284 32 34 12
10.311295318159937 36 38 14
10.98030825022269 41 44 15
10.769130412553338 43 45 19
9.930320542086315 36 40 13
8.587606985706314 51 53 27
11.568206875200483 43 46 16
10.98235827094997 50 53 24
10.121353335217227 58 60 36
11.503205564590628 41 44 13
11.302082930052519 48 53 22
13.45027051089595 60 64 41
11.306760759711562 29 31 12
9.70205218766542 33 35 9
10.281101239479911 29 28 9
10.850922350877077 14 15 3
9.416819014016545 34 36 12
10.717552149422964 21 20 4
10.900670449451463 37 40 14
9.325499196987684 36 38 14
9.855734395187412 36 38 14
10.847685176197313 17 16 4
10.610788697260917 39 41 15
9.968514429848838 35 38 14
11.735143011908605 17 13 10
10.830792476266105 41 43 17
11.39199827085622 39 41 13
10.026772228253215 35 35 13
10.524824976544469 31 30 9
11.501978928828155 22 23 9
11.879841661404475 38 40 19
11.909990209318556 39 42 13
11.606539295648934 46 48 22
11.514940932832904 47 49 23
10.546121834268318 59 60 52
11.411022148241138 49 51 25
12.676417635470818 61 63 42
12.606638867616534 61 62 46
11.909142556603165 60 62 43
13.177476398753086 55 60 35
11.607239522319388 55 56 40
9.200133915737847 51 52 38
10.325019070582492 58 60 36
8.350795857200087 55 57 34
10.077335334286335 56 58 34
17.100952599927894 45 51 18
10.960536821043474 33 35 11
12.09648916324076 36 39 10
11.976794050112053 32 34 12
10.1439499702461 39 41 15
10.97819810046901 42 44 18
11.299974823239436 52 56 29
9.757390520742454 56 58 36
11.859954845119365 47 50 21
11.346207412620235 50 55 28
8.892830838129079 53 55 32
11.769700992032552 51 53 23
11.661991101017946 16 12 9
11.184887283527944 14 12 5
11.9890570086247 12 10 3
10.647831133466346 45 47 21
9.784743432997686 37 39 23
8.81666334338201 48 49 42
13.23425692231723 59 63 41
12.982484558801485 60 62 44
10.487204651164383 50 53 24
11.17185035221809 51 54 25
11.673847452302692 36 38 13
10.035451024542873 41 43 17
10.730286632786033 40 42 16
9.257807393117865 57 59 37
8.565311174847704 51 53 27
10.99548307814521 52 54 27
11.26713342752792 47 50 21
11.05048311400377 42 45 14
10.767396257501611 18 17 2
11.173054867002863 13 11 4
9.088241212178664 59 60 50
8.834201996575556 56 57 49
10.730286632786033 40 42 16
11.40668292143832 39 41 14
10.564892327178649 42 44 18
9.468527364497891 51 53 27
11.140349517026921 30 32 12
11.355720869214158 42 44 18
11.477368036760506 40 43 14
11.66810760312243 44 47 18
9.158123344858762 56 58 34
9.82647867097492 60 62 38
9.92059834800592 35 36 14
10.25439820264711 52 54 28
