18.217377298424697 32 41 17
10.602962804708547 38 42 23
10.225721541217679 32 37 20
13.800542063458007 22 28 8
18.19225431363897 37 45 23
18.36512237459429 33 41 19
17.677745775467994 32 41 18
8.355011274988877 28 37 11
8.856941856454043 25 35 12
8.965242428621732 29 37 14
8.476455818870985 31 39 16
8.355011274988877 28 37 11
8.727537228278086 28 36 14
8.49269193053059 30 38 15
9.191817496702603 28 36 14
9.188017286011155 32 39 17
8.282369791491258 32 40 18
10.43045196657235 32 40 18
10.418472663971103 25 37 16
11.23302630568114 33 41 18
11.23302630568114 33 41 18
12.458815012632622 38 47 29
13.846948923831128 40 47 34
15.818897106097749 41 46 31
15.918311288478815 44 51 35
13.846948923831128 40 47 34
10.307139044720962 39 43 24
11.165760348213544 40 44 27
10.895792490581782 40 44 25
10.495186306066717 40 44 25
10.79178901488249 38 42 25
10.626734071495205 40 44 25
10.527244915553531 39 43 24
10.907408806419495 38 42 23
10.619736139281766 40 44 25
12.189586722509373 41 45 26
10.574848091575488 36 40 21
12.060153716600828 35 40 23
11.3292842101602 33 38 21
11.3292842101602 33 38 21
10.867605336732183 41 45 24
10.232817065762184 37 41 24
10.253351751588939 42 46 27
10.260599568257296 38 42 25
10.213423950048705 41 45 26
9.857753901670119 42 46 27
10.604587320061757 43 47 28
10.563900275293715 43 48 29
10.684818549003003 43 47 28
12.361935430955944 40 44 27
12.384942712741628 40 45 28
12.48824104494544 41 46 29
11.902198073277036 44 49 31
9.400623945732029 21 33 12
10.805861844802607 37 45 23
10.27968984237877 34 43 21
11.334172189150868 38 49 30
10.942131675442562 45 54 36
10.796995738589468 43 52 34
10.65272218851424 42 50 32
12.040445005976322 39 48 29
12.344780758226232 41 49 34
12.541516632398078 40 52 34
12.113200510866198 44 53 35
12.642161744334102 44 53 35
13.095351805970246 41 49 34
13.193710969509848 41 51 35
12.998216215809814 43 51 35
12.311559527242874 39 48 32
12.95370588555016 42 51 33
11.922409839944809 40 49 33
13.97027687987679 42 49 36
11.995197173871443 44 56 37
13.119022578551556 41 50 34
11.479691734354944 38 43 26
11.17521249132775 46 54 38
12.177448765114638 41 46 29
12.177448765114638 41 46 29
11.795555510589049 42 50 33
12.627168607831145 42 46 29
11.224897933758509 43 47 28
11.94085858923605 41 45 28
10.467656294692606 34 39 24
10.765124886876444 42 44 25
11.94985837387252 42 50 34
12.868562339590477 44 52 35
12.358746436652156 43 52 36
12.868562339590477 44 52 35
12.358746436652156 43 52 36
10.260004464639797 38 42 24
9.763615789479704 38 42 23
10.155527531216253 32 37 20
13.647318253499273 23 29 9
14.19222460659118 27 31 12
14.101414144870867 25 29 8
18.17372188350857 35 42 20
18.16492676223634 38 45 25
18.057643848690198 34 42 20
8.476455818870985 31 39 16
8.597682856090941 26 34 12
8.740785388311915 26 36 13
11.48308656949064 37 45 23
9.961459131167326 39 43 24
11.165760348213544 40 44 27
11.882738434739078 40 44 27
10.31221153785359 40 44 24
10.791028603227314 37 41 22
12.060153716600828 35 40 23
12.083735600666245 44 46 27
10.655303250316333 43 47 26
9.987225359661235 42 46 27
10.602764747822043 39 43 26
10.322880593276468 41 45 26
10.232817065762184 37 41 24
10.305796294765347 42 46 28
10.305796294765347 42 46 28
14.260446496930532 18 24 4
10.649218555949405 25 35 14
11.106731593289087 42 53 35
10.743369506608007 43 52 34
12.595741864623616 39 48 30
11.897818546556191 37 48 29
12.3698878920987 43 51 35
12.113200510866198 44 53 35
12.666679441129077 42 51 36
13.16165406666536 44 55 36
12.529141319081248 43 55 37
12.32103249504019 40 48 33
12.113200510866198 44 53 35
12.311559527242874 39 48 32
11.711253658208433 42 46 29
11.014470274655906 40 45 26
10.985840676177755 42 46 27
12.248050679572009 43 45 26
12.576535893746511 44 52 34
10.403123080508324 33 41 19
9.421519085068805 22 32 11
8.727537228278086 28 36 14
10.578533310742886 35 43 21
11.897128827608288 38 48 27
11.181773944258861 33 37 19
11.563858380560893 42 46 29
10.623887017289304 40 44 25
10.302484491742065 35 39 23
9.857753901670119 42 46 27
10.530118099157127 40 44 25
10.262747845689395 39 43 26
11.962146988594965 42 48 28
12.384942712741628 40 45 28
10.65272218851424 42 50 32
10.799797157783471 41 50 34
9.563804552714675 28 38 15
13.205463505465197 43 52 35
12.539476996472711 40 49 34
13.193710969509848 41 51 35
11.464247695532752 43 47 30
11.882576802761953 43 48 33
10.765124886876444 42 44 25
11.490887818177155 44 52 36
11.713836430352321 40 44 29
12.576535893746511 44 52 34
12.256824905204576 41 50 32
12.256824905204576 41 50 32
10.486906800918236 24 35 14
13.816407750308775 38 47 29
10.895792490581782 40 44 25
11.60302177493679 41 45 26
10.501485853501489 39 43 24
12.033330202942809 45 51 31
14.117940517219136 14 19 1
10.63420204014711 30 39 16
13.97027687987679 42 49 36
12.113200510866198 44 53 35
10.487731181922804 38 42 23
12.868562339590477 44 52 35
12.868562339590477 44 52 35
11.720429751266769 42 50 32
11.396389296109739 38 47 28
11.717464956858935 42 51 35
11.78387104587283 42 46 31
10.73583037129079 40 44 25
10.942131675442562 45 54 36
10.536917510713586 43 49 29
8.476455818870985 31 39 16
