12.346695879330237 57 60 57
14.101266024380571 57 61 64
12.293332986259545 57 60 53
8.797656571531682 19 23 0
8.076356953791521 37 43 9
15.187207084703369 32 32 9
14.690931276841685 31 33 10
21.554739917745415 21 23 2
8.378322722660942 27 32 0
7.940801101872449 44 49 20
9.047203222577384 9 13 0
8.207831284345316 38 44 8
22.011742535835438 23 18 4
20.853367178696114 26 21 5
22.057048624001457 52 45 26
21.145758923547557 53 47 31
11.120711305407704 48 51 44
10.795991270567143 42 46 24
10.506375004718574 39 43 22
11.57161318540373 40 44 30
10.481807608412549 40 42 23
12.665586046189372 33 40 16
12.208251897752803 48 56 31
12.285397313976285 36 43 20
11.865425684899108 32 39 19
14.381197870634953 59 62 60
13.31748078215002 48 57 29
12.160148504511113 51 60 32
10.738655631266928 42 45 24
10.86820882172192 43 45 24
12.238130975232327 41 45 23
11.899451922121692 36 40 13
11.674222662213571 41 46 20
11.39824074982634 43 45 27
11.55154570452959 54 57 46
11.797429596884854 45 49 36
12.064506190269974 60 63 57
11.926334155533679 60 63 53
11.095974673970217 39 41 22
12.455737799127776 41 44 15
12.679607233625681 39 45 15
12.274515065510927 34 38 17
12.602905691460263 38 40 18
12.003724587201608 40 42 21
12.470700407043232 35 37 17
12.417870405855224 36 38 17
12.679607233625681 39 45 15
8.618591899953625 29 34 2
14.657739227878864 46 51 24
13.963952869832063 48 53 26
14.848446206620109 48 53 27
15.488877281059816 53 58 31
15.131537288845617 48 53 26
14.786860669896988 44 49 21
14.69578550798016 45 50 23
14.69578550798016 45 50 23
14.598153349041024 51 56 29
15.042549117398243 50 55 28
15.019758559143083 49 54 27
15.510978570100523 51 58 28
15.234939784235557 50 55 28
15.123925306629555 53 58 31
13.648050638150528 59 63 56
13.945348291410369 58 62 65
12.62573782901732 38 44 25
13.08920881938689 58 62 58
12.577044011463466 59 62 57
13.432750946693972 57 62 51
13.860974920370097 59 63 58
11.705119961754685 52 56 43
13.173641354182656 39 48 18
12.645860629084888 40 47 17
12.934196787766965 39 43 24
12.272038454332922 40 45 15
12.568953151279864 34 38 18
13.14347633804264 41 45 21
13.014427177338414 42 49 23
13.096487133297881 46 51 26
13.578586293391481 41 46 22
13.014427177338414 42 49 23
13.179054860156844 45 52 26
13.085589565466758 41 47 19
14.552924180189882 58 62 57
12.181121190524713 45 51 28
13.166186367291411 44 51 27
13.14638568248253 49 55 29
13.138710419844553 52 57 32
13.45251340794626 52 57 30
13.335297052762488 49 54 28
11.81328167515879 41 49 26
11.946862952885777 37 44 21
12.021816903771812 46 54 31
11.98599395850722 53 59 34
12.980309432513856 49 54 28
13.055887550149361 50 59 31
12.648103244952557 52 61 34
12.602957834945787 44 52 27
13.176813061942031 52 60 32
14.786847367216419 62 69 39
14.224580233123794 56 63 33
13.92421811368254 43 50 20
14.616892488972798 52 61 33
14.299697314522724 54 63 35
14.046677206362627 56 65 37
13.746444451031886 54 67 38
14.264783007806416 50 55 30
13.939577881434634 52 57 32
13.489530237118698 51 56 31
14.222503235046867 54 60 35
13.67989871180926 51 56 31
9.466777401852642 35 37 9
9.466777401852642 35 37 9
8.66813028385539 31 35 4
8.05135456709689 32 36 4
10.329701148990438 38 39 16
9.499889109683501 36 39 9
9.499889109683501 36 39 9
9.828038059928293 39 41 18
9.861384783823219 38 40 16
10.33660419605233 43 45 19
10.002307137867412 38 39 16
10.535086463064214 48 52 23
10.535086463064214 48 52 23
15.883872116292904 57 63 38
15.779180275956477 56 62 35
14.926922603361591 56 62 35
15.21975084091478 56 62 37
14.662340806034525 55 61 36
14.107189547867813 53 58 29
14.106237827410837 54 59 31
14.473123501343428 56 62 35
15.110458379344847 57 62 33
14.106237827410837 54 59 31
14.409806500806921 55 61 34
14.409806500806921 55 61 34
12.52862493558158 53 58 33
12.04730933785775 54 59 34
12.32742712551218 53 58 33
12.666985651987128 55 57 33
12.575172814287692 51 59 31
13.125597357914414 54 59 34
12.08190999849168 49 58 32
11.971618340012748 49 59 33
11.978767264810163 50 59 31
12.509738452794359 51 60 32
12.034711772089372 49 58 30
12.468168128497547 53 58 33
13.042691218751713 54 59 34
12.31366866478224 54 56 32
12.620844056801245 50 59 33
12.47517976626138 50 60 32
12.273105839960571 50 59 33
12.581978811568481 51 57 32
12.475892967493989 53 61 31
12.68042809953956 51 56 31
12.68042809953956 51 56 31
14.700491345485986 51 53 29
14.524430947458212 54 59 29
14.501810804181002 51 56 25
14.908855005435365 51 56 31
12.594591895460756 53 55 31
13.017355425200032 49 54 29
14.200148982382846 54 59 28
12.825151071124111 51 53 29
12.192595856388058 50 53 27
12.56175367898917 52 54 30
12.973221769614014 53 62 32
13.890208196758998 53 58 33
13.837377338799092 55 62 32
13.463974711401368 56 61 36
13.327528672777168 53 58 33
13.358548490628634 54 60 35
18.472279380927823 37 41 19
18.13034694999109 33 38 14
18.097990987394986 32 37 13
18.77062907857495 37 41 18
20.234113952843845 43 48 23
20.254559109233874 41 43 20
15.648771742938909 51 52 27
14.854303671227585 51 53 29
16.18274902758394 52 52 23
14.66950992992646 52 52 21
14.599226127774019 51 53 27
14.792560607664655 49 53 27
20.608383952363916 34 25 6
12.346695879330237 57 60 57
13.3304295519358 57 61 62
8.369906743676157 31 35 5
14.159097412197793 31 33 9
15.651307654200757 29 29 7
8.378322722660942 27 32 0
22.231960047064863 38 30 12
22.039001139758895 25 20 6
21.271771210614816 39 32 14
22.057048624001457 52 45 26
12.35836729289941 39 48 22
11.304884289284283 39 44 17
11.306623355918843 39 40 24
11.341912093567942 44 48 34
11.871081802592213 61 62 51
12.282799877905516 60 63 57
12.417870405855224 36 38 17
11.862509448536384 48 51 33
8.123823798700522 37 43 7
14.427895983063925 47 52 25
14.689833830799598 49 54 28
15.597294412060842 50 55 29
14.598153349041024 51 56 29
13.659025838316278 43 50 20
14.598153349041024 51 56 29
15.063466081900446 49 54 25
15.042549117398243 50 55 28
12.878004989807836 57 61 62
14.14061929226376 59 63 61
11.705119961754685 52 56 43
13.288395632065596 55 59 44
12.340614067859306 40 44 15
13.853633927454117 47 52 33
12.568953151279864 34 38 18
13.713709690463045 44 48 28
12.49134101018129 46 52 27
12.712419863954315 38 43 18
12.62680113976115 39 44 20
13.364441992477445 42 46 28
13.893494935711153 42 51 21
11.906178088868968 38 46 24
14.432713784813835 58 62 57
13.258880580341346 51 57 31
13.716498085816033 49 55 28
12.117600996921489 52 58 33
13.328939781956748 48 53 28
12.522073029165673 50 60 32
13.371634350990426 51 56 29
13.371634350990426 51 56 29
14.189481096270239 46 55 25
14.224580233123794 56 63 33
14.616892488972798 52 61 33
13.371433104604705 52 57 32
13.489530237118698 51 56 31
9.7506764046943 38 40 12
10.094725731878064 37 39 13
9.432035656686569 33 35 9
10.847727114867224 46 48 22
9.86861542127427 41 42 20
13.94020688140084 54 59 28
13.796964129555816 53 57 26
14.548861628549908 54 59 32
14.690600494746814 54 59 30
13.749231104561323 51 56 27
15.667469360237096 56 62 36
13.916575815115698 54 59 31
15.667469360237096 56 62 36
12.474964058259598 55 58 34
13.093885387264297 54 59 34
12.830511964923089 55 60 35
12.575172814287692 51 59 31
12.23911548112962 54 56 32
12.08190999849168 49 58 32
12.08914566591488 50 59 33
11.936994949573808 51 60 34
12.254851443593385 51 60 32
11.971618340012748 49 59 33
12.508313533539058 49 59 31
14.287512198625556 49 54 29
12.594591895460756 53 55 31
14.886818996208495 50 55 30
12.144068245937158 52 58 33
14.848300521428289 51 56 25
12.408350706922525 50 55 30
12.707761052600501 51 53 27
12.054707440018287 49 55 30
12.123112563975432 53 55 31
14.363175445182364 55 62 32
13.327528672777168 53 58 33
14.363175445182364 55 62 32
13.600039001076723 55 64 34
18.217620132011543 42 45 23
18.12084642152814 34 39 14
19.355106024795024 41 46 21
18.792666475469158 37 42 16
14.46744328844134 51 53 27
14.616632267832417 51 54 23
13.620970606558718 57 61 64
12.698036752281178 58 60 61
13.518818488873864 56 60 61
7.899350884235848 42 47 14
16.2191205760139 22 23 2
8.66164469935333 14 17 0
12.208251897752803 48 56 31
12.445426557213766 37 39 18
10.38433193647723 42 47 22
8.800700488322919 29 34 2
10.864520353617179 41 45 24
11.56998193031612 45 47 34
15.146559129217982 51 58 29
15.146559129217982 51 58 29
12.648103244952557 52 61 34
13.002428330949021 42 47 21
11.79401505872666 33 38 21
12.510890213595612 43 51 27
12.986837364739536 50 55 28
13.898628062043525 48 53 28
12.577044011463466 59 62 57
12.244381598393566 49 53 38
13.4801460786973 43 50 20
13.69568099163477 42 49 19
12.315126610887946 50 57 32
14.512890951335665 53 58 33
13.861346896767513 53 65 37
13.939577881434634 52 57 32
13.939577881434634 52 57 32
8.829738380646955 32 35 4
14.548861628549908 54 59 32
14.473123501343428 56 62 35
13.749231104561323 51 56 27
15.561321696062803 58 63 36
14.842476246836927 55 61 34
14.409806500806921 55 61 34
13.957604598852857 56 63 33
14.524430947458212 54 59 29
12.563318765760137 51 59 31
12.640974647124942 54 59 34
13.145019933663898 53 63 35
14.181233921055584 54 60 35
18.55794461340674 39 43 21
18.13034694999109 33 38 14
20.254559109233874 41 43 20
20.324245667729663 40 42 20
21.287238804390146 23 17 2
21.377688910822716 19 12 0
8.797656571531682 19 23 0
8.157248135216845 42 48 16
21.22138774184008 23 16 3
21.850262195513366 28 23 7
11.917801544002494 43 46 30
10.716204586502407 41 43 22
12.612744786401 33 37 11
12.040593521344109 40 45 18
14.67245633567103 46 51 26
14.467347787471969 50 55 28
13.014427177338414 42 49 23
13.49072493455421 48 54 29
13.384986953416458 57 61 62
12.478839208029648 43 49 25
11.791509940114272 39 47 24
9.099015173272814 32 35 4
10.108848033214546 42 44 19
14.662340806034525 55 61 36
14.106237827410837 54 59 31
13.100421903143863 50 55 30
13.017355425200032 49 54 29
13.094025689195467 54 59 34
14.746113659248913 51 53 28
12.973221769614014 53 62 32
21.570611895221894 39 30 11
13.01091837553845 51 58 32
13.042691218751713 54 59 34
12.660292798085715 53 56 32
11.862509448536384 48 51 33
13.785010357478779 46 55 23
18.440523386819315 35 40 15
12.615113069028629 51 53 29
12.096474550243194 52 57 46
18.440523386819315 35 40 15
12.02427404068417 43 47 26
14.222503235046867 54 60 35
14.224192777275064 53 58 30
12.340614067859306 40 44 15
14.574667901112907 52 57 30
15.266092127227255 50 50 19
13.912501269028912 57 61 62
13.669663117803772 45 50 23
8.05135456709689 32 36 4
14.740364862414383 51 53 27
