17.876216867027708 188 193 65
17.876216867027708 188 193 65
17.960637237303942 188 193 65
18.08582788308405 188 193 65
10.98395691432201 188 193 65
12.54344383826895 188 193 65
12.916028531850658 188 193 65
12.916028531850658 188 193 65
12.543383645655258 188 193 65
11.894870625546393 188 193 65
11.40618721171493 188 193 65
11.8713322233758 188 193 65
11.851807166936062 188 193 65
11.247880588503103 188 193 65
11.018708768375705 188 193 65
11.018708768375705 188 193 65
11.578066423099381 188 193 65
12.026826808385852 188 193 65
12.448845605527422 188 193 65
12.793247326428034 188 193 65
12.793247326428034 188 193 65
12.793247326428034 188 193 65
12.86925376796068 188 193 65
12.86925376796068 188 193 65
12.840298970295363 188 193 65
12.840298970295363 188 193 65
12.177041375693884 188 193 65
11.982775822840974 188 193 65
11.812596319585051 188 193 65
11.781044814101689 188 193 65
11.580138024521716 188 193 65
11.25674314439536 188 193 65
11.585531965263806 188 193 65
10.863935862866754 188 193 65
10.573108405980634 188 193 65
10.570768030452207 188 193 65
10.570768030452207 188 193 65
11.074216087050369 188 193 65
10.395892796843873 188 193 65
10.84857834661494 188 193 65
11.265787640597885 188 193 65
11.840611298858896 188 193 65
12.344262470032467 188 193 65
11.869856619840172 188 193 65
12.316143701831082 188 193 65
11.432967951375376 188 193 65
12.06050003246395 188 193 65
12.03383710380308 188 193 65
12.25233917241802 188 193 65
12.25233917241802 188 193 65
12.03383710380308 188 193 65
11.664918798902168 188 193 65
11.8902022833963 188 193 65
13.74638859175554 188 193 65
12.91251233130764 188 193 65
13.67532218018019 188 193 65
12.126991438222268 188 193 65
12.44725576169432 188 193 65
12.224845857659881 188 193 65
13.161178960646685 188 193 65
12.791700287371146 188 193 65
12.224845857659881 188 193 65
12.904387292284369 188 193 65
9.096642560499939 188 193 65
9.54370767382042 188 193 65
11.982345412698955 188 193 65
12.37601054384916 188 193 65
12.858708215829951 188 193 65
13.301707122474566 188 193 65
12.768550882374313 188 193 65
10.902001724255928 188 193 65
10.69303330908343 188 193 65
10.69303330908343 188 193 65
11.32742066368673 188 193 65
11.090711390033361 188 193 65
11.64547288207819 188 193 65
11.090711390033361 188 193 65
11.9626233912427 188 193 65
11.090711390033361 188 193 65
10.84050549483405 188 193 65
10.84050549483405 188 193 65
12.345482499919084 188 193 65
9.36458838783326 188 193 65
8.638238276860344 188 193 65
8.824752442529402 188 193 65
10.522483541205345 188 193 65
10.41352200808444 188 193 65
10.476068936770146 188 193 65
10.476068936770146 188 193 65
10.451571179561897 188 193 65
10.41352200808444 188 193 65
10.522483541205345 188 193 65
10.595315031393445 188 193 65
10.533476200161584 188 193 65
10.806173275539468 188 193 65
10.745547966757304 188 193 65
10.595315031393445 188 193 65
10.777765137113567 188 193 65
9.708731340366452 188 193 65
9.631829757939311 188 193 65
10.632713676341602 188 193 65
10.958100228419376 188 193 65
10.750222340471534 188 193 65
10.109881599789807 188 193 65
10.144117813130284 188 193 65
10.174295342522248 188 193 65
9.641193433266187 188 193 65
12.943647642283096 188 193 65
12.943647642283096 188 193 65
12.612486616526384 188 193 65
12.671311629249185 188 193 65
13.447847189891851 188 193 65
13.447847189891851 188 193 65
13.503033503482492 188 193 65
14.112991684643145 188 193 65
14.112991684643145 188 193 65
14.565452625059123 188 193 65
14.271973042901884 188 193 65
14.271973042901884 188 193 65
13.727057929257986 188 193 65
14.49834110454812 188 193 65
15.296132523433974 188 193 65
14.49834110454812 188 193 65
11.458361907111229 188 193 65
12.094097199030575 188 193 65
12.094097199030575 188 193 65
12.197535296366668 188 193 65
11.589625450693422 188 193 65
11.78270335423379 188 193 65
14.748084682046501 188 193 65
14.69589049443205 188 193 65
14.201645742208957 188 193 65
14.69589049443205 188 193 65
14.93296091009091 188 193 65
11.294977345328064 188 193 65
11.505287876238569 188 193 65
11.195815674710762 188 193 65
11.294977345328064 188 193 65
11.307474026881986 188 193 65
11.272259444537402 188 193 65
11.473022892897546 188 193 65
11.601804761522976 188 193 65
11.338040074830005 188 193 65
11.297289243851186 188 193 65
10.236411664474998 188 193 65
11.879164700053986 188 193 65
14.629377363214273 188 193 65
13.955700874238193 188 193 65
14.57675813309838 188 193 65
14.578455414818048 188 193 65
13.88207845678106 188 193 65
13.828404916212726 188 193 65
18.756081426071894 188 193 65
17.89055085019792 188 193 65
13.116016679121387 188 193 65
12.652307622710325 188 193 65
11.373574717422956 188 193 65
11.523835447110345 188 193 65
11.57372640224444 188 193 65
11.561636286168456 188 193 65
11.561636286168456 188 193 65
11.889594539398379 188 193 65
12.414925404152925 188 193 65
12.793247326428034 188 193 65
11.781044814101689 188 193 65
11.982775822840974 188 193 65
12.177041375693884 188 193 65
12.092594926415625 188 193 65
12.177041375693884 188 193 65
11.28750133837381 188 193 65
11.28750133837381 188 193 65
10.603516256342942 188 193 65
11.585531965263806 188 193 65
10.204120327321615 188 193 65
10.204120327321615 188 193 65
11.311270560718922 188 193 65
10.33286055690141 188 193 65
11.489966750703756 188 193 65
11.463253308815743 188 193 65
12.089213426768575 188 193 65
11.895657009420132 188 193 65
13.76687597876736 188 193 65
12.91251233130764 188 193 65
13.67532218018019 188 193 65
11.98112413370445 188 193 65
11.947946936551288 188 193 65
12.17541604020716 188 193 65
12.791700287371146 188 193 65
11.98112413370445 188 193 65
9.418037017474024 188 193 65
9.477618953050671 188 193 65
12.858708215829951 188 193 65
10.902001724255928 188 193 65
12.435954194791572 188 193 65
11.090711390033361 188 193 65
10.940626096431334 188 193 65
11.9626233912427 188 193 65
10.686906925225177 188 193 65
11.64547288207819 188 193 65
10.625601153503009 188 193 65
8.824752442529402 188 193 65
10.46021415267565 188 193 65
10.533476200161584 188 193 65
10.522483541205345 188 193 65
10.958100228419376 188 193 65
10.750222340471534 188 193 65
10.451571179561897 188 193 65
10.476068936770146 188 193 65
10.67844743537368 188 193 65
10.388876761534304 188 193 65
10.745547966757304 188 193 65
10.566340005142232 188 193 65
10.451571179561897 188 193 65
10.67844743537368 188 193 65
10.109881599789807 188 193 65
11.251339514146585 188 193 65
12.612486616526384 188 193 65
14.271973042901884 188 193 65
13.447847189891851 188 193 65
15.083384054612246 188 193 65
11.458361907111229 188 193 65
12.04418212014611 188 193 65
11.48071155638226 188 193 65
14.88141516045523 188 193 65
14.69589049443205 188 193 65
14.88141516045523 188 193 65
14.93296091009091 188 193 65
11.473022892897546 188 193 65
11.264361473396937 188 193 65
11.986762921185715 188 193 65
11.1728961498614 188 193 65
10.188693942680917 188 193 65
13.828404916212726 188 193 65
14.78284812398801 188 193 65
14.008886702543538 188 193 65
13.88207845678106 188 193 65
10.98395691432201 188 193 65
13.325415486635558 188 193 65
13.353318418620473 188 193 65
11.479194783491497 188 193 65
10.946296062519334 188 193 65
10.972013141969033 188 193 65
12.452880637585453 188 193 65
13.23459470133659 188 193 65
10.728336363095618 188 193 65
11.489966750703756 188 193 65
11.432967951375376 188 193 65
11.840611298858896 188 193 65
12.575383751140263 188 193 65
9.457395313636706 188 193 65
12.970813086587594 188 193 65
13.301707122474566 188 193 65
10.84050549483405 188 193 65
13.503033503482492 188 193 65
10.608577655677987 188 193 65
10.745547966757304 188 193 65
10.608577655677987 188 193 65
13.447847189891851 188 193 65
11.408020623555284 188 193 65
14.69589049443205 188 193 65
13.955700874238193 188 193 65
11.40566497307306 188 193 65
10.163503530333982 188 193 65
11.229664428075234 188 193 65
13.325415486635558 188 193 65
12.840298970295363 188 193 65
13.20456729317764 188 193 65
12.254850771975358 188 193 65
10.923904164152292 188 193 65
11.311270560718922 188 193 65
12.904387292284369 188 193 65
13.028020259451566 188 193 65
10.940626096431334 188 193 65
12.03842258779446 188 193 65
8.68113272469104 188 193 65
10.46021415267565 188 193 65
10.533476200161584 188 193 65
14.931386730020476 188 193 65
10.958100228419376 188 193 65
10.750222340471534 188 193 65
11.48071155638226 188 193 65
11.601804761522976 188 193 65
12.03383710380308 188 193 65
9.055716482841785 188 193 65
9.708731340366452 188 193 65
14.008886702543538 188 193 65
11.229011689356334 188 193 65
14.271973042901884 188 193 65
12.316143701831082 188 193 65
10.89580298451569 188 193 65
13.828404916212726 188 193 65
11.664918798902168 188 193 65
12.575383751140263 188 193 65
12.652307622710325 188 193 65
12.448845605527422 188 193 65
