10.48703729665918 124 115 136
9.40706381815012 124 115 136
10.530719030233524 124 115 136
10.14175575986807 124 115 136
10.156312378974434 124 115 136
10.405451576361921 124 115 136
10.294918172508122 124 115 136
9.707491976310612 124 115 136
10.166520635833992 124 115 136
10.500897340414431 124 115 136
11.365919479879192 124 115 136
9.662438584173684 124 115 136
10.74226065019446 124 115 136
10.475108160301914 124 115 136
9.926041213018264 124 115 136
10.676260057511273 124 115 136
10.375405318889502 124 115 136
10.983560173509693 124 115 136
10.166970883553185 124 115 136
10.166970883553185 124 115 136
4.467358043239068 124 115 136
4.6614059689729475 124 115 136
9.153929402415452 124 115 136
9.025415162584418 124 115 136
8.979213282950093 124 115 136
8.883533355208929 124 115 136
8.720086366648733 124 115 136
9.71412602440401 124 115 136
9.756848471422755 124 115 136
7.891506664626633 124 115 136
8.686399789493848 124 115 136
9.169804643328465 124 115 136
10.38139209957022 124 115 136
8.8998909299784 124 115 136
8.979624719208743 124 115 136
8.143053599334499 124 115 136
9.02767701338024 124 115 136
9.846117600496536 124 115 136
9.262280817936594 124 115 136
10.773309408785268 124 115 136
10.721075237527144 124 115 136
10.50838709785168 124 115 136
10.425364557702517 124 115 136
10.343071103565032 124 115 136
9.802545320012463 124 115 136
9.802545320012463 124 115 136
9.611492519026399 124 115 136
11.116001295083421 124 115 136
9.611492519026399 124 115 136
6.690776223986788 124 115 136
7.669993343735893 124 115 136
7.708123171813436 124 115 136
9.537430252856625 124 115 136
8.178978350657792 124 115 136
9.715593389727035 124 115 136
9.263173860811063 124 115 136
9.537430252856625 124 115 136
9.189011218971299 124 115 136
11.37883257098578 124 115 136
10.6299473952024 124 115 136
9.895375243570202 124 115 136
20.089905756748003 124 115 136
8.170796101077114 124 115 136
8.136890589793536 124 115 136
10.197906973974867 124 115 136
10.393784254718453 124 115 136
8.324559168820059 124 115 136
8.47750589907098 124 115 136
8.324559168820059 124 115 136
7.797137513803699 124 115 136
10.633738912283677 124 115 136
10.917276995026034 124 115 136
9.972039652534056 124 115 136
10.138093114985871 124 115 136
9.58876982608993 124 115 136
9.900674836419784 124 115 136
11.700138115881158 124 115 136
10.134342007864552 124 115 136
10.405451576361921 124 115 136
10.268251909532681 124 115 136
10.123510298391157 124 115 136
10.74226065019446 124 115 136
4.405038868317334 124 115 136
9.183429505816724 124 115 136
9.445244100583198 124 115 136
9.153929402415452 124 115 136
9.169804643328465 124 115 136
10.721075237527144 124 115 136
8.8998909299784 124 115 136
9.293880292386516 124 115 136
10.073847737216242 124 115 136
10.36976568243026 124 115 136
10.062705753155905 124 115 136
10.50838709785168 124 115 136
6.980905528345082 124 115 136
8.351017962382633 124 115 136
9.65678360120527 124 115 136
9.138681320803958 124 115 136
10.783145824435474 124 115 136
10.779488783437598 124 115 136
8.171830234645586 124 115 136
8.149909614461354 124 115 136
9.046251255906796 124 115 136
7.57398008465576 124 115 136
10.29108763638979 124 115 136
10.865394916904949 124 115 136
10.771201635027818 124 115 136
10.015700470207667 124 115 136
4.651123489040324 124 115 136
8.767653843424384 124 115 136
9.246811872856714 124 115 136
11.036609371034519 124 115 136
9.02767701338024 124 115 136
8.866887482460656 124 115 136
9.977421549027541 124 115 136
9.977421549027541 124 115 136
9.522167932551001 124 115 136
7.70595343536796 124 115 136
9.012215323477298 124 115 136
9.633052986585227 124 115 136
7.380448172907576 124 115 136
7.797137513803699 124 115 136
4.9507785591358395 124 115 136
8.817540050910509 124 115 136
6.359414147802982 124 115 136
7.801425663091387 124 115 136
9.521927566496853 124 115 136
8.543468127024688 124 115 136
8.669639416406923 124 115 136
7.207741620067717 124 115 136
9.788307694882874 124 115 136
10.674264809514646 124 115 136
8.07055020929915 124 115 136
8.8998909299784 124 115 136
9.900674836419784 124 115 136
9.169804643328465 124 115 136
10.343071103565032 124 115 136
7.025158462153094 124 115 136
9.189011218971299 124 115 136
