10.590016662485397 14 24 40
9.925916941907762 22 32 48
9.290296969645327 25 35 47
9.587267833703102 21 31 44
9.984210296929296 11 23 36
8.666788927323347 19 30 44
9.419093217594337 16 29 43
8.161718795747419 13 25 37
9.19274751219635 9 22 35
9.730689119409002 25 38 51
10.768251466789673 40 57 74
9.914318746035564 11 24 38
10.445854094695914 10 25 40
11.21902920129642 4 19 36
10.530167999588878 30 52 70
10.025420882617968 10 25 40
10.555559619261869 48 68 87
10.056494820877438 23 36 50
9.445788196097766 12 27 40
11.001238309172257 12 28 43
10.353960169913323 15 28 41
9.007317544856756 21 34 48
9.170426770832487 21 36 51
9.271133745317643 21 36 53
9.480639103233006 24 39 56
10.329795224274 25 44 64
11.640859101907289 51 82 106
10.730061808047733 56 86 110
9.714229647172175 67 88 107
9.841111502826678 33 52 69
9.746295801313499 26 41 56
10.453565546748065 58 80 99
9.93774884863727 62 86 108
11.74925535541227 45 70 93
10.668291026044628 21 40 58
10.758300530221655 34 54 73
10.939361369876705 32 54 75
10.427925578173832 78 102 123
11.73020723056709 54 67 82
11.324319375845029 19 32 47
10.57074112386081 22 37 53
10.051144910160513 19 37 52
10.486813219262705 38 56 73
11.379398700906123 53 68 85
10.705067904274795 16 32 49
10.270034570401698 29 49 66
10.151969094394628 70 87 104
9.78018711850276 15 33 51
9.899013678663263 52 71 85
10.078657560739927 48 65 80
10.511490472681304 47 66 83
10.244775723054126 49 68 84
11.161538415112167 73 88 103
10.007582200081314 18 33 50
9.944798688627346 24 37 51
10.955481321546861 25 39 54
10.414979855052646 1 3 9
9.460939141280587 40 66 86
9.512704534200102 50 76 99
10.220296936428596 6 16 27
10.071641689277785 42 66 84
10.788159485260001 44 64 79
10.740882794229787 46 69 85
12.276224668028132 61 66 68
11.77885121138518 67 86 100
11.305403018574898 0 1 6
11.104610771937214 0 5 16
11.842368616180341 59 83 100
9.830149130681862 44 50 60
9.157727816584252 21 33 46
10.868076453358723 31 46 64
9.656015525333848 32 48 63
9.59855147993635 56 72 89
12.4982419036217 129 144 154
11.592381012820345 77 90 105
12.358861252464626 124 134 144
11.333843981309467 59 92 121
12.282044371083234 52 83 107
12.260228919438301 47 81 107
11.395082130909435 98 111 123
10.706692591907975 32 48 70
11.906270336998709 139 152 163
11.786433601860836 54 84 113
10.795584413321077 43 68 91
11.311722205117901 59 78 97
10.372062717696235 24 42 62
12.298765463217773 82 107 129
11.094144563749255 36 55 76
10.994672499312262 64 70 74
12.296557791445519 0 3 9
10.693410930256983 16 36 52
10.882115623405051 13 32 47
8.795836720042159 25 45 61
9.88284952398641 16 40 58
9.88284952398641 16 40 58
10.032591531291132 3 26 46
9.936010061969107 27 53 71
9.38610425120021 38 64 84
10.322099125572699 30 53 73
10.081416336804532 23 42 58
11.191953016587357 33 56 76
11.44751514399734 69 98 124
10.596114108743954 11 29 48
13.261514036554486 83 116 143
12.327058772237917 68 100 127
11.920536238351083 62 90 114
10.72425346673775 48 68 87
10.487697103693106 63 85 106
12.154918881795798 71 104 130
12.6424679229952 36 68 96
12.154918881795798 71 104 130
13.06958963793197 68 102 130
12.679842820247009 30 62 87
12.282093350239055 20 52 77
12.518954874230204 101 133 162
10.904245299009562 58 82 100
10.342822083879666 56 79 100
12.44312636030825 75 109 138
12.660805378899555 95 128 158
12.950150935915314 79 111 144
16.123590894161808 17 27 42
16.826491358508314 17 27 41
17.211544287206046 17 27 41
10.45091917081033 24 36 49
10.031556605802875 20 33 46
9.615218355286308 23 32 42
8.468771989689929 15 25 37
10.26632962911241 20 30 44
9.348805352048581 12 22 36
8.337098319460836 12 25 38
9.688351726114279 16 28 41
9.282679046321592 22 37 51
11.951936844692494 16 35 51
9.93323162037035 10 25 40
10.955667153114627 18 34 50
9.851988883698455 30 44 59
9.820267855604328 61 80 99
9.198564501720773 21 31 45
9.662522307564622 20 31 45
9.788315211921505 18 32 48
10.038728629326062 33 53 72
10.730864211198647 38 60 81
11.494190033425616 46 71 95
10.671637012858016 42 60 77
10.978498190120616 53 85 112
10.545407982735489 63 86 106
11.640859101907289 51 82 106
10.261298794734394 29 51 72
10.516518440371982 43 59 76
11.923456135211902 16 29 44
9.927881701303992 53 71 91
10.784786156616919 19 32 47
11.120663864620012 21 34 50
10.732447295822942 50 67 81
10.73164501103898 50 65 81
10.275244861078031 17 34 53
10.5867983060776 52 67 84
11.276124526108182 63 77 92
10.856620312870785 45 65 79
10.856620312870785 45 65 79
11.609348802581385 49 66 78
11.10621556410066 48 68 84
10.122044664850186 60 81 98
10.071641689277785 42 66 84
12.376918566577876 48 67 81
10.371168978312639 37 55 71
11.160728611511004 35 50 70
12.239078098266408 65 91 112
11.532937201058122 36 54 74
12.298765463217773 82 107 129
12.815686093191205 53 85 113
11.695910205382845 28 28 35
12.577261690778943 0 3 8
11.15111754896823 2 12 19
10.693410930256983 16 36 52
11.284113409715255 10 30 46
9.784790127109279 19 43 59
8.791776867495285 20 44 61
10.37128498490773 22 42 61
10.683390284450395 105 135 158
10.061016497736686 39 65 87
10.592744266133582 98 126 147
11.274617780211676 73 102 127
11.425655988188481 18 34 52
11.041756536937227 31 51 70
12.282093350239055 20 52 77
11.846165480965544 43 76 102
12.913558398086147 77 112 138
12.698126302907015 95 128 157
12.518954874230204 101 133 162
12.6424679229952 36 68 96
12.262438418201688 55 92 121
17.264379709528335 15 28 41
16.826491358508314 17 27 41
10.25428244183834 21 35 47
10.134275063034558 16 30 42
9.579056081982506 9 24 39
10.431348665524935 89 112 131
10.721746183219524 13 31 45
9.519186289844733 24 39 52
10.453565546748065 58 80 99
8.599650326153192 12 25 38
9.742632022656112 30 48 65
9.11374600458382 21 32 46
9.742632022656112 30 48 65
10.30376645104077 46 65 77
10.976014436677827 41 57 74
10.65152904676771 47 64 80
12.134294082315979 55 59 62
11.246032176164364 46 71 93
11.71956719984635 46 68 90
10.303783279492896 29 44 62
10.809643043959161 47 67 82
11.109440061026085 63 92 117
12.092276683833502 0 5 15
11.988474214007647 65 76 86
9.60688383729507 29 44 61
10.883689662252156 58 75 93
10.030809213416704 17 39 56
9.06478660158172 14 39 59
10.183637565797767 8 36 57
13.123436658305442 87 119 153
10.746727367917906 50 72 93
13.55119943566515 99 123 146
10.366015604132114 23 38 53
9.079310820581316 22 32 44
10.816241185168114 60 75 93
9.813813556036793 15 28 41
9.894557088601262 0 17 37
12.133584489402512 90 111 127
10.683312335052019 62 75 90
10.456980240871404 51 73 92
9.702251782328638 13 28 41
10.061855022272235 20 35 52
10.70508410187881 67 97 123
10.196674161838034 32 33 40
10.947378358601075 0 13 25
10.515767880578021 21 37 54
10.52086746383128 3 25 45
11.188762630768517 90 116 140
10.030809213416704 17 39 56
10.931984353355405 33 52 69
11.209478438629132 59 85 106
8.331781619550561 11 25 38
9.40111806659282 25 34 44
9.458861744078831 24 39 54
11.357438979316198 51 80 109
10.699267602987218 56 80 101
12.339377354007892 58 91 117
12.262438418201688 55 92 121
9.06478660158172 14 39 59
10.886228502120446 15 35 54
12.339377354007892 58 91 117
11.764430993019058 40 62 82
9.9151057372183 54 68 86
9.305646127443692 17 30 43
12.219403206474356 102 135 163
9.54640663345955 27 44 63
