11.67191105903628 96 189 113
15.53138096732128 96 189 113
13.74872121948892 96 189 113
12.826575892596313 96 189 113
12.644871621401073 96 189 113
12.240655125418339 96 189 113
12.00723767955122 96 189 113
12.549642190342558 96 189 113
12.613257306879051 96 189 113
13.312120069098896 96 189 113
12.98172290202664 96 189 113
12.604175827828143 96 189 113
14.014646566445057 96 189 113
12.59964475017885 96 189 113
14.215139801935328 96 189 113
13.203784455303799 96 189 113
13.114869619951161 96 189 113
12.270819691826736 96 189 113
11.853854878774198 96 189 113
13.114869619951161 96 189 113
13.36712544775153 96 189 113
13.203784455303799 96 189 113
16.092723350860975 96 189 113
15.883812743158915 96 189 113
12.792674181461027 96 189 113
12.700881619762278 96 189 113
15.935752722241869 96 189 113
13.602211641116705 96 189 113
16.288519381489234 96 189 113
12.80696475905892 96 189 113
12.79136767995076 96 189 113
12.696954527212682 96 189 113
12.759835228168834 96 189 113
10.10190159025387 96 189 113
9.615344434639665 96 189 113
9.94254030984256 96 189 113
9.852348558622284 96 189 113
10.705785454797306 96 189 113
10.761419522092757 96 189 113
10.705785454797306 96 189 113
10.389109904921643 96 189 113
10.37272798364715 96 189 113
9.712879978364978 96 189 113
10.523274048042817 96 189 113
10.067789919120091 96 189 113
14.66174270848789 96 189 113
14.567777716539721 96 189 113
14.54213175387724 96 189 113
14.6962747879982 96 189 113
13.93390948494834 96 189 113
14.206115399395044 96 189 113
14.23236685840818 96 189 113
13.960672805639414 96 189 113
13.93390948494834 96 189 113
14.206115399395044 96 189 113
13.8924745465221 96 189 113
13.978815467819393 96 189 113
13.774882964190693 96 189 113
14.094705751875779 96 189 113
14.25016361623762 96 189 113
14.363864780697284 96 189 113
13.122315228346482 96 189 113
13.8924745465221 96 189 113
13.595369473550246 96 189 113
13.595369473550246 96 189 113
14.545564586231583 96 189 113
14.533868388644162 96 189 113
14.571204506958955 96 189 113
13.641389939113804 96 189 113
13.760122376620375 96 189 113
13.902325480141469 96 189 113
13.890087651342826 96 189 113
13.69967469005644 96 189 113
13.641389939113804 96 189 113
14.576926242766117 96 189 113
14.58858791935833 96 189 113
14.576926242766117 96 189 113
14.77341147872904 96 189 113
14.625784352507003 96 189 113
14.798656640764037 96 189 113
14.77341147872904 96 189 113
14.77341147872904 96 189 113
14.798656640764037 96 189 113
13.986235109906993 96 189 113
14.140540701946279 96 189 113
13.797149133099259 96 189 113
13.953545893241111 96 189 113
14.815773184969334 96 189 113
10.997907118991042 96 189 113
11.052070798012624 96 189 113
11.423151391717072 96 189 113
15.597244727876005 96 189 113
14.986454067378556 96 189 113
15.262172987731844 96 189 113
15.597244727876005 96 189 113
15.303181782102211 96 189 113
15.637374826033597 96 189 113
15.028215258714546 96 189 113
14.418877638002144 96 189 113
12.099869778656096 96 189 113
12.240655125418339 96 189 113
12.419053793084178 96 189 113
12.00723767955122 96 189 113
12.604013960732399 96 189 113
12.604013960732399 96 189 113
13.916570711654424 96 189 113
13.423301036302458 96 189 113
14.014646566445057 96 189 113
13.36712544775153 96 189 113
13.36712544775153 96 189 113
16.071351331429582 96 189 113
12.792674181461027 96 189 113
13.602211641116705 96 189 113
12.80696475905892 96 189 113
13.34416889126602 96 189 113
11.239789314423522 96 189 113
10.389109904921643 96 189 113
9.615344434639665 96 189 113
10.452433545779298 96 189 113
10.507101307991999 96 189 113
10.63388054681901 96 189 113
14.54213175387724 96 189 113
13.729309972774946 96 189 113
14.328531608078412 96 189 113
13.729309972774946 96 189 113
14.585165213179387 96 189 113
13.774882964190693 96 189 113
14.585165213179387 96 189 113
13.8924745465221 96 189 113
13.760122376620375 96 189 113
13.641389939113804 96 189 113
14.576926242766117 96 189 113
14.545564586231583 96 189 113
14.815773184969334 96 189 113
14.668572400702534 96 189 113
14.533868388644162 96 189 113
13.592930407331743 96 189 113
14.545564586231583 96 189 113
12.982113685602135 96 189 113
14.559528906864282 96 189 113
14.77341147872904 96 189 113
13.712082460632205 96 189 113
13.712082460632205 96 189 113
13.62279790548654 96 189 113
10.882520263973955 96 189 113
11.052070798012624 96 189 113
10.997907118991042 96 189 113
15.028215258714546 96 189 113
15.597244727876005 96 189 113
14.986454067378556 96 189 113
15.597244727876005 96 189 113
14.986454067378556 96 189 113
12.00723767955122 96 189 113
12.549642190342558 96 189 113
13.203784455303799 96 189 113
13.36712544775153 96 189 113
15.935752722241869 96 189 113
13.652804267417231 96 189 113
15.957306353314829 96 189 113
12.696954527212682 96 189 113
20.451907229641566 96 189 113
10.557842172370014 96 189 113
9.797954821304238 96 189 113
13.729309972774946 96 189 113
13.756471349147795 96 189 113
13.774882964190693 96 189 113
13.902325480141469 96 189 113
12.982113685602135 96 189 113
14.094705751875779 96 189 113
14.363864780697284 96 189 113
14.206115399395044 96 189 113
14.986454067378556 96 189 113
15.011340951595026 96 189 113
14.519282957448636 96 189 113
10.067789919120091 96 189 113
10.557842172370014 96 189 113
14.651283888363682 96 189 113
14.545564586231583 96 189 113
14.363864780697284 96 189 113
14.54213175387724 96 189 113
14.625784352507003 96 189 113
15.637374826033597 96 189 113
12.96119714790358 96 189 113
12.944213360722616 96 189 113
9.881758776811216 96 189 113
10.10190159025387 96 189 113
10.523274048042817 96 189 113
14.6962747879982 96 189 113
13.986235109906993 96 189 113
15.957306353314829 96 189 113
16.288519381489234 96 189 113
13.729309972774946 96 189 113
14.25016361623762 96 189 113
13.797149133099259 96 189 113
14.206115399395044 96 189 113
