13.243281485191337 0.725795851543291 2.376851922068229 237 3 135
13.243281485191337 0.725795851543291 2.376851922068229 237 3 135
12.540845671647276 0.725795851543291 2.321616243012719 237 3 135
13.055431369309787 0.8017192964626084 2.285439210722271 237 3 135
13.243281485191337 0.725795851543291 2.376851922068229 237 3 135
8.106063560467723 1.588339127119367 1.639421954413978 237 3 135
8.099171075511688 1.588339127119367 1.5159295076997057 237 3 135
8.376396381718246 1.8297426982063323 1.5177471151675137 237 3 135
8.44112057424977 1.344913656730165 1.756173858249956 237 3 135
8.106063560467723 1.588339127119367 1.639421954413978 237 3 135
7.415695399959382 1.8643414626375472 1.51086684140109 237 3 135
7.190884239671089 1.7305718860723232 1.5089908917382537 237 3 135
7.159124684696458 1.4502753762539273 1.6485163242475143 237 3 135
7.97421778350972 1.4502753762539273 2.032995928783487 237 3 135
7.564121028702129 1.8643414626375472 1.7779627771719293 237 3 135
7.564121028702129 1.8643414626375472 1.7779627771719293 237 3 135
8.00971868994786 1.7305718860723232 2.0307890423125214 237 3 135
8.212144397703243 1.8643414626375472 2.018613098154083 237 3 135
7.581322768679959 1.4502753762539273 1.9146569016548305 237 3 135
7.533935030217201 1.5908142964390357 1.9169101427031017 237 3 135
10.745579666511029 1.1873924803880125 2.3506264459758546 237 3 135
11.195888302579776 1.0587937029936785 2.5934886044244942 237 3 135
10.745579666511029 1.1873924803880125 2.3506264459758546 237 3 135
10.858883879897604 1.4036365129220356 2.646664218526842 237 3 135
10.662617912277344 1.2744597956463801 2.502127825671324 237 3 135
10.983243464499518 1.220501519150736 2.62607719936808 237 3 135
10.858883879897604 1.4036365129220356 2.646664218526842 237 3 135
10.881530160165388 1.1317259749862367 2.4755491131611747 237 3 135
10.662617912277344 1.2744597956463801 2.502127825671324 237 3 135
10.662617912277344 1.2744597956463801 2.502127825671324 237 3 135
11.195888302579776 1.0587937029936785 2.5934886044244942 237 3 135
10.078313497789818 1.299551890570936 2.8181893244643783 237 3 135
10.078313497789818 1.299551890570936 2.8181893244643783 237 3 135
10.44054398613765 0.8236709807969245 2.7269574472859652 237 3 135
10.77851737509194 0.960378980733707 2.6606606478847947 237 3 135
10.557469342687552 1.1439690844919275 2.7024739230933306 237 3 135
10.42803342142785 1.363772781180965 2.729691596227849 237 3 135
9.65437488309232 1.5908142964390357 2.3172702646901335 237 3 135
8.514177952211238 1.9092051192183435 2.281728806330405 237 3 135
9.888093780731515 1.8643414626375472 2.295620926608829 237 3 135
9.076286804854453 1.7305718860723232 2.2295449146517408 237 3 135
8.692008395340299 1.8643414626375472 2.122503716485932 237 3 135
9.197984591086106 1.9092051192183435 2.3642048615413525 237 3 135
10.18110166588315 1.9694018198138292 2.56875363064556 237 3 135
9.76887366880984 1.7562688813336291 2.4550804750241313 237 3 135
10.50042213325136 1.594102513797323 2.5231974122365344 237 3 135
9.702946492717434 1.594102513797323 2.4634141487188614 237 3 135
9.109099437477546 1.5986829882630997 2.548978526999988 237 3 135
10.18110166588315 1.9694018198138292 2.56875363064556 237 3 135
10.018538267353174 1.7916558971536527 2.5944250270539566 237 3 135
9.935522878731392 1.9092051192183435 2.4348608228728663 237 3 135
9.954264759277365 1.5986829882630997 2.605117760195833 237 3 135
9.954264759277365 1.5986829882630997 2.605117760195833 237 3 135
9.720254783305057 2.0536383751512877 2.6470968724079578 237 3 135
9.344082350540422 2.177562420108738 2.727901828612219 237 3 135
10.267598030192774 2.177562420108738 2.767063305858022 237 3 135
9.549849786029942 1.8433179360331575 2.6812815021026073 237 3 135
10.455205654202773 1.8433179360331575 2.7237828814067955 237 3 135
8.852776892954399 2.0536383751512877 2.593462231501934 237 3 135
10.04271502514938 1.6167371016355823 2.8289376919982474 237 3 135
8.161577261131573 1.9881533862626601 1.889310731358869 237 3 135
8.990813759682432 1.9881533862626601 2.102175069312862 237 3 135
9.634669631686384 2.124185908324867 2.472258882367182 237 3 135
10.52175324868661 2.3652060675076365 2.7097573434659616 237 3 135
10.862366848108008 2.501291073127234 2.646070466241092 237 3 135
10.862366848108008 2.501291073127234 2.646070466241092 237 3 135
9.988346968792861 2.2263358412081744 2.599406971137798 237 3 135
9.988346968792861 2.2263358412081744 2.599406971137798 237 3 135
11.36295089589023 0.8236709807969245 2.7624183518759686 237 3 135
7.8149928160753745 -0.7926187187394894 2.361604111832233 237 3 135
9.818397266410065 1.1804741353464556 2.90981404802422 237 3 135
9.594684399378702 0.09958228613942857 3.0515868766035563 237 3 135
9.655539695033356 0.9019530668763384 2.997768309015647 237 3 135
8.587939309432572 -0.7951203329771922 2.646281260882819 237 3 135
8.30881602270299 -1.0031861008868288 2.712580517979559 237 3 135
8.809274557554437 -1.1493675679900808 2.901146190649761 237 3 135
8.820285751472547 3.1015838553903112 2.8961064251274733 237 3 135
9.557284700180785 2.59795335108667 3.1242481460909644 237 3 135
10.012596627795146 2.3694688589212465 2.8383812057958995 237 3 135
10.012596627795146 2.3694688589212465 2.8383812057958995 237 3 135
9.557284700180785 2.59795335108667 3.1242481460909644 237 3 135
9.781852942959086 1.6387065066599305 2.926213359462198 237 3 135
9.781852942959086 1.6387065066599305 2.926213359462198 237 3 135
10.012596627795146 2.3694688589212465 2.8383812057958995 237 3 135
10.012596627795146 2.3694688589212465 2.8383812057958995 237 3 135
9.557284700180785 2.59795335108667 3.1242481460909644 237 3 135
9.85294946461469 2.6724292732378023 2.8953959380423666 237 3 135
9.684879505477713 2.381383099834357 2.9781744133609016 237 3 135
9.025213824628311 -2.412248442715757 2.8176689437563445 237 3 135
8.376831869247509 -2.204601214259765 2.6951608586784297 237 3 135
8.841423101720295 -2.108640016885415 2.8867391163814946 237 3 135
8.605725909282054 -1.724733491537731 3.033874482015846 237 3 135
9.025213824628311 -2.412248442715757 2.8176689437563445 237 3 135
8.09962146846279 -1.6194361601418947 2.7730801980016317 237 3 135
8.178483358729295 -1.9442297610809747 2.7488660263281157 237 3 135
8.679990814644743 -2.4664395369150043 2.9722616066234897 237 3 135
7.146692390142765 -1.2663822064209718 2.0915700615634707 237 3 135
7.372776602606267 -0.9400971770571284 2.4242608084591817 237 3 135
6.954019307849656 -1.2093004967084469 2.2851625173749763 237 3 135
7.720425333904738 -1.9818176631034332 2.3740651627808047 237 3 135
7.766710688687765 -1.918255642167494 2.1976338394276587 237 3 135
7.720425333904738 -1.9818176631034332 2.3740651627808047 237 3 135
7.418727862857668 -1.599655533517622 2.417189170840639 237 3 135
7.6835521343408155 -1.354976811843015 2.5929463468987013 237 3 135
7.636798774209125 -1.6070225768089375 2.6030457778748186 237 3 135
8.774954933614012 -2.0714828528541305 2.608165814808098 237 3 135
7.9302042691862225 -2.0714828528541305 2.5440014969441913 237 3 135
8.392466220230755 -1.918255642167494 2.2942858751166173 237 3 135
9.114886881045662 3.1143101723234152 2.7895414959162173 237 3 135
9.178923734999769 2.8088680821682326 2.771016313243823 237 3 135
9.114886881045662 3.1143101723234152 2.7895414959162173 237 3 135
7.8321989215246495 -2.3937586333913705 2.5626431369929015 237 3 135
9.160222965385422 -2.858419101328543 2.7763068774845094 237 3 135
8.686485726821255 -2.3937586333913705 2.6256729292959387 237 3 135
9.313334885898321 -2.5943803699840626 2.735487358275712 237 3 135
9.549523909190615 -2.9243397171603225 2.681350329848953 237 3 135
9.313334885898321 -2.5943803699840626 2.735487358275712 237 3 135
7.582468114174169 -2.0591183996256515 2.0589051824092452 237 3 135
7.958887462977428 -2.3844387958197997 2.343492497712328 237 3 135
8.686517367983374 -2.3844387958197997 2.426016309678304 237 3 135
7.401148229639053 -2.1396379032063426 2.2338920515728846 237 3 135
8.537519496612244 -2.18173541562376 2.1336792528312145 237 3 135
10.674853555495572 0.9218017557103231 2.5005882154673293 237 3 135
11.085698655859726 0.8140413338221448 2.6099938867440615 237 3 135
11.491918585128158 0.9218017557103231 2.5526483653365357 237 3 135
10.674853555495572 0.9218017557103231 2.5005882154673293 237 3 135
8.376396381718246 1.8297426982063323 1.5177471151675137 237 3 135
8.17803730897786 1.71108776509993 1.5164591487044585 237 3 135
8.278661647008619 1.4650621895275924 1.7598552035843766 237 3 135
8.594015365151296 1.231025544760129 1.6355199072397484 237 3 135
8.184863380837296 1.71108776509993 1.6387602366487732 237 3 135
8.44112057424977 1.344913656730165 1.756173858249956 237 3 135
7.831195392326209 1.8643414626375472 1.9032543454677016 237 3 135
7.929178480490356 1.5908142964390357 2.0358277553023703 237 3 135
11.195888302579776 1.0587937029936785 2.5934886044244942 237 3 135
10.983243464499518 1.220501519150736 2.62607719936808 237 3 135
10.881530160165388 1.1317259749862367 2.4755491131611747 237 3 135
10.745579666511029 1.1873924803880125 2.3506264459758546 237 3 135
10.078313497789818 1.299551890570936 2.8181893244643783 237 3 135
10.77851737509194 0.960378980733707 2.6606606478847947 237 3 135
9.720631486684008 1.7305718860723232 2.3109834132526244 237 3 135
8.514177952211238 1.9092051192183435 2.281728806330405 237 3 135
8.946254875901985 1.594102513797323 2.3932293611141895 237 3 135
9.76887366880984 1.7562688813336291 2.4550804750241313 237 3 135
10.18110166588315 1.9694018198138292 2.56875363064556 237 3 135
10.825852448363074 1.5986829882630997 2.652347237621051 237 3 135
10.455205654202773 1.8433179360331575 2.7237828814067955 237 3 135
9.720254783305057 2.0536383751512877 2.6470968724079578 237 3 135
10.393632817982601 1.60550341192517 2.7373342273012886 237 3 135
8.990813759682432 1.9881533862626601 2.102175069312862 237 3 135
10.52175324868661 2.3652060675076365 2.7097573434659616 237 3 135
10.514264526402336 0.4956035292532477 2.7113054645341044 237 3 135
7.8149928160753745 -0.7926187187394894 2.361604111832233 237 3 135
9.557284700180785 2.59795335108667 3.1242481460909644 237 3 135
9.594684399378702 0.09958228613942857 3.0515868766035563 237 3 135
8.768525551482679 -1.6447685892768071 2.9208963163196398 237 3 135
8.768525551482679 -1.6447685892768071 2.9208963163196398 237 3 135
8.962120068027835 -0.8002740727831885 2.8393380097101226 237 3 135
9.781852942959086 1.6387065066599305 2.926213359462198 237 3 135
9.847251855939607 2.0716882223936586 2.897709058557673 237 3 135
8.587939309432572 -0.7951203329771922 2.646281260882819 237 3 135
8.143718181258153 -1.284428031785463 2.759303066109898 237 3 135
9.847251855939607 2.0716882223936586 2.897709058557673 237 3 135
6.705443168156719 -1.0440153934324963 2.1297420260676114 237 3 135
8.392466220230755 -1.918255642167494 2.2942858751166173 237 3 135
8.19449614931178 -1.7615187671187824 2.3158311529130238 237 3 135
7.6835521343408155 -1.354976811843015 2.5929463468987013 237 3 135
9.549523909190615 -2.9243397171603225 2.681350329848953 237 3 135
9.549523909190615 -2.9243397171603225 2.681350329848953 237 3 135
9.114886881045662 3.1143101723234152 2.7895414959162173 237 3 135
9.114886881045662 3.1143101723234152 2.7895414959162173 237 3 135
8.256625331674442 -2.2471633871606214 2.488174439623528 237 3 135
8.099723269248493 -2.0591183996256515 2.1681658352449213 237 3 135
7.929178480490356 1.5908142964390357 2.0358277553023703 237 3 135
10.018538267353174 1.7916558971536527 2.5944250270539566 237 3 135
11.085698655859726 0.8140413338221448 2.6099938867440615 237 3 135
9.076286804854453 1.7305718860723232 2.2295449146517408 237 3 135
9.482399950387425 1.60550341192517 2.695841571558189 237 3 135
7.415695399959382 1.8643414626375472 1.51086684140109 237 3 135
9.76887366880984 1.7562688813336291 2.4550804750241313 237 3 135
7.581322768679959 1.4502753762539273 1.9146569016548305 237 3 135
9.166687125513358 1.9252154719242414 2.7744674503165534 237 3 135
10.662617912277344 1.2744597956463801 2.502127825671324 237 3 135
10.106426034607379 1.9252154719242414 2.8099903134765447 237 3 135
10.106426034607379 1.9252154719242414 2.8099903134765447 237 3 135
10.75738056451692 0.6746189022468737 2.6644399255433875 237 3 135
9.993964138765879 2.501291073127234 2.5984746711931535 237 3 135
9.480856641384582 2.0473720140816876 2.3343356801549557 237 3 135
9.480856641384582 2.0473720140816876 2.3343356801549557 237 3 135
9.634669631686384 2.124185908324867 2.472258882367182 237 3 135
11.65473856188048 0.6746189022468737 2.7038548571830394 237 3 135
11.67425077429367 0.960378980733707 2.7002971796107547 237 3 135
9.618376625969349 1.7007188543151115 3.027504118953022 237 3 135
9.618376625969349 1.7007188543151115 3.027504118953022 237 3 135
9.85294946461469 2.6724292732378023 2.8953959380423666 237 3 135
8.867128208103559 -2.7381530948493484 2.8758394004027075 237 3 135
8.143718181258153 -1.284428031785463 2.759303066109898 237 3 135
8.867128208103559 -2.7381530948493484 2.8758394004027075 237 3 135
8.605725909282054 -1.724733491537731 3.033874482015846 237 3 135
9.818397266410065 1.1804741353464556 2.90981404802422 237 3 135
9.781852942959086 1.6387065066599305 2.926213359462198 237 3 135
9.85294946461469 2.6724292732378023 2.8953959380423666 237 3 135
7.72038973332245 -1.8546379041068812 2.5851893313105117 237 3 135
7.0456764720335485 -1.1275846057012777 2.4792390609084607 237 3 135
8.272420417006554 -1.7991017760885286 2.485684576815637 237 3 135
7.401148229639053 -2.1396379032063426 2.2338920515728846 237 3 135
8.256625331674442 -2.2471633871606214 2.488174439623528 237 3 135
8.225767683481655 2.0473720140816876 2.157778306839084 237 3 135
8.556598461704647 1.71108776509993 1.874125425268038 237 3 135
10.212182961693536 1.0287828931102292 2.7811197237310443 237 3 135
10.42803342142785 1.363772781180965 2.729691596227849 237 3 135
8.235287534887908 1.588339127119367 1.76086308355988 237 3 135
11.195888302579776 1.0587937029936785 2.5934886044244942 237 3 135
9.622660603508248 2.3652060675076365 2.66624854378931 237 3 135
8.537519496612244 -2.18173541562376 2.1336792528312145 237 3 135
9.025213824628311 -2.412248442715757 2.8176689437563445 237 3 135
8.841423101720295 -2.108640016885415 2.8867391163814946 237 3 135
7.418727862857668 -1.599655533517622 2.417189170840639 237 3 135
9.025213824628311 -2.412248442715757 2.8176689437563445 237 3 135
11.430724074488896 0.4956035292532477 2.747805730302469 237 3 135
9.76887366880984 1.7562688813336291 2.4550804750241313 237 3 135
9.954264759277365 1.5986829882630997 2.605117760195833 237 3 135
10.393632817982601 1.60550341192517 2.7373342273012886 237 3 135
10.523839816624157 1.3143345872346348 2.3716841507947293 237 3 135
12.900900882290534 2.359273438673083 1.613895587509204 237 3 135
9.85294946461469 2.6724292732378023 2.8953959380423666 237 3 135
8.178483358729295 -1.9442297610809747 2.7488660263281157 237 3 135
8.284145222227854 -2.5284469918907932 2.4838476468115975 237 3 135
8.686485726821255 -2.3937586333913705 2.6256729292959387 237 3 135
7.466846790078929 -1.397917280951808 2.4099361740786582 237 3 135
8.44112057424977 1.344913656730165 1.756173858249956 237 3 135
9.197984591086106 1.9092051192183435 2.3642048615413525 237 3 135
8.150125418035845 1.4650621895275924 1.6390503662942812 237 3 135
9.79332094202815 3.1015838553903112 2.920924661591981 237 3 135
9.549523909190615 -2.9243397171603225 2.681350329848953 237 3 135
7.46937012088006 -1.1206283703676039 2.0669620924142125 237 3 135
7.618654681514483 1.7305718860723232 1.9129028041271843 237 3 135
10.858883879897604 1.4036365129220356 2.646664218526842 237 3 135
9.178923734999769 2.8088680821682326 2.771016313243823 237 3 135
