8.491071740984198 63 16 216
9.684667353073541 63 16 216
9.19046991564074 63 16 216
7.991123669248591 63 16 216
8.964703242938992 63 16 216
8.367385961532808 63 16 216
8.49769462277444 63 16 216
8.373289727794743 63 16 216
8.124005556017535 63 16 216
9.734881781231048 63 16 216
8.38774382661598 63 16 216
9.300805420195301 63 16 216
9.732231454916192 63 16 216
8.74387849205811 63 16 216
8.38131224825539 63 16 216
9.300680078237775 63 16 216
9.195464951095097 63 16 216
8.963922966777949 63 16 216
9.189835664323445 63 16 216
8.73178466615792 63 16 216
8.381590427595851 63 16 216
9.089288448999637 63 16 216
8.744278456436085 63 16 216
8.496871460855338 63 16 216
8.375135752524171 63 16 216
8.973219211597744 63 16 216
9.626720799494398 63 16 216
9.411424988548834 63 16 216
10.120944201906397 63 16 216
10.20745617326312 63 16 216
10.30004839533026 63 16 216
10.189933367356836 63 16 216
9.6892714310739 63 16 216
9.98396973648964 63 16 216
8.70329012519305 63 16 216
9.478717847874758 63 16 216
9.284098937198625 63 16 216
9.700636420080524 63 16 216
8.44871712412753 63 16 216
9.70816248446543 63 16 216
9.585979309745397 63 16 216
9.353055868531012 63 16 216
9.700636420080524 63 16 216
9.397056779677165 63 16 216
9.397056779677165 63 16 216
10.1549118451096 63 16 216
9.570850909563557 63 16 216
9.856212994798852 63 16 216
9.863502163148025 63 16 216
10.17349608296733 63 16 216
9.570850909563557 63 16 216
10.27405858684124 63 16 216
9.856212994798852 63 16 216
9.134262246761644 63 16 216
9.95997951275686 63 16 216
9.240662287161442 63 16 216
8.649172867725273 63 16 216
8.54434651500443 63 16 216
9.648956361088992 63 16 216
8.276211638493017 63 16 216
9.718578692271823 63 16 216
9.558170001269746 63 16 216
10.383281502531817 63 16 216
10.94126913012734 63 16 216
10.271986375828394 63 16 216
9.965743225295885 63 16 216
17.755889154999 63 16 216
17.755889154999 63 16 216
9.662499278941333 63 16 216
9.701838094951157 63 16 216
8.346280095021479 63 16 216
9.03972614188319 63 16 216
8.692615163931684 63 16 216
9.903572846876935 63 16 216
9.029156636298303 63 16 216
9.026169941548874 63 16 216
8.945641275934529 63 16 216
9.865038521379144 63 16 216
9.66575586938099 63 16 216
9.559267633695608 63 16 216
9.029156636298303 63 16 216
9.673309071701489 63 16 216
9.269609743746868 63 16 216
9.153119300608815 63 16 216
9.689208301719988 63 16 216
8.690031708858589 63 16 216
9.102896928672907 63 16 216
10.23278914610365 63 16 216
10.045395528693495 63 16 216
9.6417787299328 63 16 216
9.726705975080913 63 16 216
9.524529417449104 63 16 216
9.839604931438828 63 16 216
9.195736527968933 63 16 216
9.524529417449104 63 16 216
9.306744653256121 63 16 216
9.961266932835123 63 16 216
9.435280056326393 63 16 216
10.260641532393759 63 16 216
9.108819022915169 63 16 216
9.7350185604827 63 16 216
9.437783032850628 63 16 216
10.058807089975522 63 16 216
9.488599280164882 63 16 216
9.994370636981412 63 16 216
10.29507693085866 63 16 216
10.674332305977996 63 16 216
9.986725471541224 63 16 216
10.071421123243221 63 16 216
9.676441549505084 63 16 216
10.280440010528617 63 16 216
10.071421123243221 63 16 216
9.676441549505084 63 16 216
10.280440010528617 63 16 216
9.462153902682326 63 16 216
9.532773719013305 63 16 216
9.532773719013305 63 16 216
9.198778172286662 63 16 216
9.22367084971025 63 16 216
8.886653352879666 63 16 216
9.212569849466838 63 16 216
9.187663842078004 63 16 216
9.317842055724421 63 16 216
9.948732125625755 63 16 216
9.621239899672952 63 16 216
9.948732125625755 63 16 216
9.497938603146666 63 16 216
8.955920173970869 63 16 216
8.938716744873458 63 16 216
8.95303925826612 63 16 216
8.605429439052251 63 16 216
9.484438981519702 63 16 216
9.623920791940405 63 16 216
9.719418327457506 63 16 216
9.4191834036972 63 16 216
10.23596315651703 63 16 216
8.46402617179894 63 16 216
8.463888437963496 63 16 216
8.497284452654732 63 16 216
8.3940513451075 63 16 216
9.483824390041397 63 16 216
8.87182947646416 63 16 216
8.619629517122759 63 16 216
8.590255981187255 63 16 216
8.97859612168474 63 16 216
8.628756277186792 63 16 216
9.917254597999552 63 16 216
8.87182947646416 63 16 216
8.6140299234866 63 16 216
8.978466281594368 63 16 216
9.103247315365005 63 16 216
8.619629517122759 63 16 216
8.628756277186792 63 16 216
8.604887543953495 63 16 216
8.955399487243284 63 16 216
9.248832683131464 63 16 216
9.052748270418505 63 16 216
9.446103044601015 63 16 216
9.34505362810522 63 16 216
10.17276352050876 63 16 216
9.18434661143123 63 16 216
8.732318686498544 63 16 216
9.692671049391892 63 16 216
8.964703242938992 63 16 216
9.498657560781004 63 16 216
8.49769462277444 63 16 216
8.71223075821987 63 16 216
9.403305883020899 63 16 216
10.023892398931167 63 16 216
9.086193219023224 63 16 216
9.396469221819888 63 16 216
8.972699528735246 63 16 216
9.201580856472845 63 16 216
9.306852102387976 63 16 216
9.513516977772229 63 16 216
8.512211383094389 63 16 216
9.615025957772538 63 16 216
8.741061058475546 63 16 216
8.38829974949367 63 16 216
10.041240567621317 63 16 216
10.676179742836926 63 16 216
9.901367137777294 63 16 216
9.99679481704582 63 16 216
9.901367137777294 63 16 216
9.228730867015242 63 16 216
9.278649066149162 63 16 216
9.16227355095674 63 16 216
9.805470628268692 63 16 216
9.497552923650103 63 16 216
10.308124819123211 63 16 216
8.845945419873857 63 16 216
9.647191758893257 63 16 216
9.145823878707752 63 16 216
9.671862790455569 63 16 216
9.66093071135867 63 16 216
9.240662287161442 63 16 216
9.954329575774914 63 16 216
9.664429083697337 63 16 216
8.903912424355028 63 16 216
11.099498202528396 63 16 216
8.862953028241876 63 16 216
8.5385610223346 63 16 216
8.390282834850717 63 16 216
8.5385610223346 63 16 216
9.648956361088992 63 16 216
11.134074954519152 63 16 216
17.645757684711445 63 16 216
8.692615163931684 63 16 216
8.346280095021479 63 16 216
9.163545825094904 63 16 216
9.572190665973576 63 16 216
9.678882161429643 63 16 216
8.704629484896852 63 16 216
9.686425128241597 63 16 216
8.902961739365155 63 16 216
9.873234640965562 63 16 216
9.125335401750545 63 16 216
9.327851004611508 63 16 216
9.24217604596618 63 16 216
9.250924024760932 63 16 216
10.058807089975522 63 16 216
9.6501644713576 63 16 216
9.43492569266308 63 16 216
9.7350185604827 63 16 216
9.85763222879131 63 16 216
10.25012495825912 63 16 216
9.943427525550966 63 16 216
10.478006079069605 63 16 216
10.674332305977996 63 16 216
9.994370636981412 63 16 216
9.896195393342275 63 16 216
9.676441549505084 63 16 216
10.273007739929513 63 16 216
10.00673177828243 63 16 216
10.00673177828243 63 16 216
9.326035565064755 63 16 216
9.145731361138266 63 16 216
9.187663842078004 63 16 216
9.193167650922584 63 16 216
9.917959872936315 63 16 216
9.621239899672952 63 16 216
9.626495820910158 63 16 216
9.168192154242428 63 16 216
9.08101101626419 63 16 216
10.578531095492027 63 16 216
9.317842055724421 63 16 216
9.400191300956042 63 16 216
11.038934790297436 63 16 216
9.623920791940405 63 16 216
9.953815122373928 63 16 216
9.131455750422505 63 16 216
9.052361935304473 63 16 216
9.167429197843894 63 16 216
8.527114975539128 63 16 216
9.080369119396257 63 16 216
8.828925172463515 63 16 216
8.614300587739734 63 16 216
8.964314441236379 63 16 216
8.527114975539128 63 16 216
9.212316762796148 63 16 216
9.248832683131464 63 16 216
10.177734631396897 63 16 216
9.650269330245589 63 16 216
9.961485545631527 63 16 216
10.575452973537523 63 16 216
8.375831696389023 63 16 216
8.10920615479027 63 16 216
8.496871460855338 63 16 216
8.728963329071316 63 16 216
8.74079431944186 63 16 216
8.734872019969146 63 16 216
9.735001532673195 63 16 216
8.74079431944186 63 16 216
9.98396973648964 63 16 216
10.487603747434562 63 16 216
10.162101478145972 63 16 216
9.322268650147688 63 16 216
10.355856682823417 63 16 216
9.26835202909957 63 16 216
9.664429083697337 63 16 216
9.259368714703804 63 16 216
8.755042513726504 63 16 216
10.544548844757838 63 16 216
8.755042513726504 63 16 216
9.03830745812446 63 16 216
10.383281502531817 63 16 216
10.383281502531817 63 16 216
9.135793635578597 63 16 216
9.03972614188319 63 16 216
9.678882161429643 63 16 216
9.231349871245943 63 16 216
10.260641532393759 63 16 216
10.045395528693495 63 16 216
9.423842461806826 63 16 216
9.726705975080913 63 16 216
9.306744653256121 63 16 216
10.00673177828243 63 16 216
10.280440010528617 63 16 216
9.32326901673274 63 16 216
8.127038374297035 63 16 216
8.619629517122759 63 16 216
9.052748270418505 63 16 216
10.043709788943326 63 16 216
9.484438981519702 63 16 216
9.892088667780357 63 16 216
7.867252532190976 63 16 216
9.212569849466838 63 16 216
9.145731361138266 63 16 216
10.177734631396897 63 16 216
10.17276352050876 63 16 216
8.70655682506786 63 16 216
9.19571850156522 63 16 216
9.692671049391892 63 16 216
8.123288037560737 63 16 216
9.688005060282883 63 16 216
9.558170001269746 63 16 216
10.271986375828394 63 16 216
9.43492569266308 63 16 216
9.466668668750886 63 16 216
10.311870756645762 63 16 216
9.248580588790379 63 16 216
8.819873370730337 63 16 216
8.52738839852356 63 16 216
8.604887543953495 63 16 216
9.951207643464018 63 16 216
8.735539304374187 63 16 216
10.070495075658767 63 16 216
8.63201415543157 63 16 216
8.728829775729764 63 16 216
9.9665620380735 63 16 216
9.198778172286662 63 16 216
9.34505362810522 63 16 216
9.24217604596618 63 16 216
10.058807089975522 63 16 216
9.24044456011341 63 16 216
8.691139820274266 63 16 216
8.955399487243284 63 16 216
9.400191300956042 63 16 216
8.393912463070826 63 16 216
9.87205382934623 63 16 216
10.186082537714134 63 16 216
