8.692060393689957 67 62 191
8.486587011936367 67 62 191
8.50842725703588 67 62 191
8.512284093041949 67 62 191
2.8140846540080138 67 62 191
8.613180315659267 67 62 191
9.02281002469445 67 62 191
9.02281002469445 67 62 191
8.67446740168141 67 62 191
8.585838918035142 67 62 191
9.081333068140372 67 62 191
8.642972430002134 67 62 191
8.996713595425456 67 62 191
8.422074243145458 67 62 191
8.567472193165704 67 62 191
8.560415632075207 67 62 191
8.259612959522041 67 62 191
8.351704078659099 67 62 191
8.351704078659099 67 62 191
5.88676574069821 67 62 191
5.88676574069821 67 62 191
6.077643131206181 67 62 191
5.841964375776235 67 62 191
5.960453871934366 67 62 191
5.830716558286023 67 62 191
9.562212655641567 67 62 191
9.690518876475354 67 62 191
9.918487854453348 67 62 191
8.863468086300575 67 62 191
9.326048820864997 67 62 191
9.537592235365187 67 62 191
9.338391121624461 67 62 191
9.309801799318805 67 62 191
9.309801799318805 67 62 191
9.858804581660774 67 62 191
8.988405233863565 67 62 191
9.182656664851 67 62 191
9.834926667533521 67 62 191
9.834926667533521 67 62 191
7.894163031327319 67 62 191
6.5083722926024885 67 62 191
6.426460950347605 67 62 191
6.615863176483932 67 62 191
5.38699191818935 67 62 191
5.7519847026066815 67 62 191
5.943501586721211 67 62 191
5.958141330256435 67 62 191
5.958141330256435 67 62 191
7.074646888448439 67 62 191
6.915219914431935 67 62 191
7.0420099640428555 67 62 191
6.33006086213643 67 62 191
7.805300816298737 67 62 191
7.157391285771227 67 62 191
9.013032502381682 67 62 191
6.59438476474618 67 62 191
7.7290404706583296 67 62 191
9.256636264059807 67 62 191
8.613180315659267 67 62 191
8.613180315659267 67 62 191
8.484741841083162 67 62 191
9.15867599412383 67 62 191
6.039848829722957 67 62 191
5.830716558286023 67 62 191
7.371309830818159 67 62 191
7.371309830818159 67 62 191
7.210061199729811 67 62 191
9.494526801671658 67 62 191
9.537592235365187 67 62 191
7.61047543925249 67 62 191
9.363535334693195 67 62 191
9.26907099208892 67 62 191
8.988405233863565 67 62 191
6.38976956726369 67 62 191
5.591025399600117 67 62 191
6.508160860101213 67 62 191
6.33006086213643 67 62 191
6.910471790881728 67 62 191
6.620406892783489 67 62 191
7.5490639767654395 67 62 191
7.157391285771227 67 62 191
8.736571884663183 67 62 191
9.983299705157052 67 62 191
8.12077533599619 67 62 191
8.091770315209805 67 62 191
9.338391121624461 67 62 191
9.41994180007611 67 62 191
7.189504453033479 67 62 191
8.670133658104147 67 62 191
7.72703752840555 67 62 191
6.189471189906911 67 62 191
7.063669975189883 67 62 191
6.159860596629476 67 62 191
8.731020971350576 67 62 191
9.24366982495431 67 62 191
8.271471288793636 67 62 191
8.87559234525899 67 62 191
8.690258850357326 67 62 191
8.394110395595277 67 62 191
7.203187666397421 67 62 191
8.005485944247916 67 62 191
9.309801799318805 67 62 191
9.5242056564753 67 62 191
9.326048820864997 67 62 191
8.988405233863565 67 62 191
10.364670275057119 67 62 191
9.309801799318805 67 62 191
