12.652827267728778 88 105 159
13.677588025158428 88 105 159
13.379672591265635 88 105 159
13.7639283108953 88 105 159
13.607768763908755 88 105 159
13.607768763908755 88 105 159
13.574511532033704 88 105 159
13.681740768933098 88 105 159
13.574511532033704 88 105 159
13.251834334277811 88 105 159
13.71281142294112 88 105 159
13.940162799257703 88 105 159
14.221351504320904 88 105 159
13.582655340356238 88 105 159
13.351492796041063 88 105 159
12.064217100005795 88 105 159
12.793235920167229 88 105 159
13.369228974904683 88 105 159
12.461844845268663 88 105 159
12.026724636255148 88 105 159
11.060267373090912 88 105 159
11.480537884512572 88 105 159
12.174203996129565 88 105 159
13.06447516349272 88 105 159
13.218974500089276 88 105 159
12.444576852972897 88 105 159
11.678965052238482 88 105 159
11.036068834828479 88 105 159
11.23402457486724 88 105 159
11.96639818871324 88 105 159
12.067135880800286 88 105 159
13.218974500089276 88 105 159
11.310568347049 88 105 159
11.835417269077704 88 105 159
12.212364425654975 88 105 159
10.93254149370667 88 105 159
13.15554937641531 88 105 159
13.357685074832968 88 105 159
13.099027395047807 88 105 159
13.099027395047807 88 105 159
11.291112161436239 88 105 159
13.099027395047807 88 105 159
12.721331533480923 88 105 159
10.901053331305263 88 105 159
11.170147187726274 88 105 159
11.339541721050216 88 105 159
10.453615614231687 88 105 159
10.496751835460646 88 105 159
15.564442968408661 88 105 159
12.065544436306475 88 105 159
12.295075018999984 88 105 159
12.306212789898675 88 105 159
12.785828191707136 88 105 159
12.609842750395897 88 105 159
12.619662890831714 88 105 159
13.147144125496853 88 105 159
11.8442435424331 88 105 159
12.187446918078917 88 105 159
12.214340444377791 88 105 159
12.27684178170518 88 105 159
12.303539907002122 88 105 159
11.673453536408843 88 105 159
11.68666121232714 88 105 159
11.42175552262991 88 105 159
12.496781884551838 88 105 159
11.98222577772417 88 105 159
12.429108794987354 88 105 159
12.3408169780449 88 105 159
11.344789839712764 88 105 159
12.426476361325687 88 105 159
11.989831575040357 88 105 159
11.344789839712764 88 105 159
11.71841807400986 88 105 159
12.443956517086512 88 105 159
12.44151430745661 88 105 159
12.157994766174525 88 105 159
12.6134773590657 88 105 159
12.694903962777953 88 105 159
11.898280524756679 88 105 159
11.62211533537496 88 105 159
12.436441293517579 88 105 159
12.350851022262571 88 105 159
12.687720836094961 88 105 159
13.555225144372047 88 105 159
14.069566501601907 88 105 159
14.069566501601907 88 105 159
14.496195476573474 88 105 159
13.775547894402163 88 105 159
14.060759021278882 88 105 159
14.165958574421154 88 105 159
14.826703965143896 88 105 159
14.069566501601907 88 105 159
13.49043683514879 88 105 159
14.01522832649162 88 105 159
12.492581559583682 88 105 159
11.41715970684102 88 105 159
12.321586418837498 88 105 159
12.321586418837498 88 105 159
12.027471413249321 88 105 159
12.242641357704352 88 105 159
11.767656605588574 88 105 159
12.259503064055053 88 105 159
11.541003753301382 88 105 159
11.45137511817791 88 105 159
11.448721175779056 88 105 159
11.953697752212683 88 105 159
11.953697752212683 88 105 159
13.940162799257703 88 105 159
13.940162799257703 88 105 159
13.232936000582729 88 105 159
13.383917772154522 88 105 159
13.81676838915751 88 105 159
13.935065951510888 88 105 159
12.759432931090199 88 105 159
12.654675373542839 88 105 159
12.957355112878108 88 105 159
12.781171796202472 88 105 159
12.745561644539917 88 105 159
11.609946077899949 88 105 159
13.15554937641531 88 105 159
13.021149629992422 88 105 159
11.520996139368961 88 105 159
11.280962560432751 88 105 159
12.807195680059955 88 105 159
13.06447516349272 88 105 159
12.887398369098348 88 105 159
10.926767925424231 88 105 159
11.846410813192128 88 105 159
11.262842601592052 88 105 159
11.924707669631468 88 105 159
11.695562953068608 88 105 159
10.718849717598152 88 105 159
10.778530216211756 88 105 159
11.164496494689354 88 105 159
11.170147187726274 88 105 159
13.099027395047807 88 105 159
12.943096351326469 88 105 159
10.40294531702172 88 105 159
10.857939829755118 88 105 159
15.682581168029397 88 105 159
15.584817738769546 88 105 159
11.926173428835332 88 105 159
12.679131551537306 88 105 159
12.670522699544538 88 105 159
13.137718270996045 88 105 159
13.088799296143533 88 105 159
13.137718270996045 88 105 159
12.404741523740814 88 105 159
12.150302670398645 88 105 159
13.524354853118828 88 105 159
12.836924207928236 88 105 159
12.70840858513599 88 105 159
12.477605159596486 88 105 159
12.214340444377791 88 105 159
11.97147938672165 88 105 159
13.077820038448209 88 105 159
11.852134273813258 88 105 159
12.496781884551838 88 105 159
11.419094696263555 88 105 159
11.673453536408843 88 105 159
12.51920535521944 88 105 159
12.3533111557435 88 105 159
12.419137979308745 88 105 159
12.694903962777953 88 105 159
11.355704020261053 88 105 159
11.435253912517306 88 105 159
12.611067978215429 88 105 159
12.588808136399509 88 105 159
14.122931245529461 88 105 159
12.842020264669644 88 105 159
14.060759021278882 88 105 159
14.41845782344652 88 105 159
12.675556287187662 88 105 159
13.934807776039467 88 105 159
12.579135099087011 88 105 159
12.014832121759655 88 105 159
12.245123231305818 88 105 159
12.656650435181836 88 105 159
11.715611088210848 88 105 159
11.53310196886507 88 105 159
11.849766514601038 88 105 159
11.556259778207927 88 105 159
11.857457276331937 88 105 159
12.242641357704352 88 105 159
13.8071239472536 88 105 159
13.232936000582729 88 105 159
13.446265740736457 88 105 159
12.393793195489614 88 105 159
13.32836427446014 88 105 159
12.593932897543016 88 105 159
10.905273446270787 88 105 159
16.221414896339624 88 105 159
12.713698835546582 88 105 159
12.223609410127624 88 105 159
11.795309955854092 88 105 159
14.069566501601907 88 105 159
12.343279111406892 88 105 159
12.145491305495433 88 105 159
12.858754542185885 88 105 159
12.480413308075509 88 105 159
11.45137511817791 88 105 159
11.70263498053951 88 105 159
13.940162799257703 88 105 159
14.138568574091728 88 105 159
14.040555178569317 88 105 159
13.274282948499462 88 105 159
12.174203996129565 88 105 159
10.539483906742525 88 105 159
15.806003157329227 88 105 159
13.088799296143533 88 105 159
11.974226392288287 88 105 159
12.526485114972687 88 105 159
11.611451570765592 88 105 159
12.157994766174525 88 105 159
13.925915067479297 88 105 159
12.716129159610476 88 105 159
12.492581559583682 88 105 159
11.454574437492171 88 105 159
12.969255350491176 88 105 159
11.204909164229122 88 105 159
12.41405582126851 88 105 159
12.443956517086512 88 105 159
11.901029792620887 88 105 159
14.41845782344652 88 105 159
12.411607728134102 88 105 159
13.73809149295158 88 105 159
12.729753764414582 88 105 159
12.943096351326469 88 105 159
14.122931245529461 88 105 159
