10.92734681391845 125 89 148
11.653502035090275 125 89 148
11.085499215723127 125 89 148
11.085499215723127 125 89 148
10.92734681391845 125 89 148
11.117156035815514 125 89 148
10.51304115923696 125 89 148
10.741424810865894 125 89 148
10.51304115923696 125 89 148
10.644367215719473 125 89 148
10.958150958549378 125 89 148
11.023407131203466 125 89 148
9.348443289739057 125 89 148
9.397297950023844 125 89 148
10.318061356060559 125 89 148
9.434621042966887 125 89 148
10.543493520190616 125 89 148
10.077183303008804 125 89 148
10.7721649369162 125 89 148
10.02701818522817 125 89 148
10.594122404155272 125 89 148
9.955232862017123 125 89 148
10.33218491143477 125 89 148
10.537125214809956 125 89 148
10.853223831137496 125 89 148
8.974666373063453 125 89 148
9.90774034736086 125 89 148
9.511518436264216 125 89 148
10.053811994003938 125 89 148
10.257506199050503 125 89 148
9.463253465026652 125 89 148
10.290881381851836 125 89 148
10.856708574571426 125 89 148
10.472450954149885 125 89 148
9.94919206746405 125 89 148
10.574664820970854 125 89 148
10.797594445390603 125 89 148
9.542645143758174 125 89 148
10.193931964230801 125 89 148
9.339723909173182 125 89 148
10.614315774063435 125 89 148
10.816814783769555 125 89 148
11.079304808922625 125 89 148
11.079304808922625 125 89 148
11.110979277808381 125 89 148
11.110979277808381 125 89 148
11.231951120564872 125 89 148
11.133003845215118 125 89 148
11.133003845215118 125 89 148
11.428125615478317 125 89 148
11.594554270141735 125 89 148
11.468124166715619 125 89 148
12.021203860997609 125 89 148
11.430076118751172 125 89 148
8.691246151676358 125 89 148
8.691246151676358 125 89 148
9.327427789595978 125 89 148
8.849582079304202 125 89 148
8.539697378928928 125 89 148
9.5203649784703 125 89 148
9.913183977925154 125 89 148
9.716343895468803 125 89 148
10.323550990570231 125 89 148
10.323550990570231 125 89 148
12.125654647004382 125 89 148
10.24697184885912 125 89 148
9.397586173030074 125 89 148
10.04773719660189 125 89 148
10.828735440793114 125 89 148
9.183190434237329 125 89 148
10.135491494824878 125 89 148
9.92001210159896 125 89 148
10.45731321899353 125 89 148
10.08561640189257 125 89 148
9.644521384871995 125 89 148
9.966862118493003 125 89 148
10.584951863467404 125 89 148
10.547800440313855 125 89 148
10.581066089556213 125 89 148
11.876827284448787 125 89 148
12.08897057340169 125 89 148
12.08897057340169 125 89 148
12.446117666112563 125 89 148
12.446117666112563 125 89 148
12.378505269398113 125 89 148
12.740156038466 125 89 148
12.554230777773302 125 89 148
12.12429617644699 125 89 148
12.988182844475794 125 89 148
12.316713166956449 125 89 148
12.316713166956449 125 89 148
11.757377358070118 125 89 148
12.137549403401195 125 89 148
12.028204713403971 125 89 148
12.92699323751741 125 89 148
12.12183104167564 125 89 148
11.6090663467413 125 89 148
11.47546244223284 125 89 148
12.585876556678505 125 89 148
12.137549403401195 125 89 148
11.757377358070118 125 89 148
11.227980939606645 125 89 148
11.089786869017153 125 89 148
11.089786869017153 125 89 148
10.90012106893296 125 89 148
10.614864177398323 125 89 148
11.653502035090275 125 89 148
10.958150958549378 125 89 148
10.421117404588257 125 89 148
10.421117404588257 125 89 148
11.143851551367993 125 89 148
10.614864177398323 125 89 148
10.867832067828658 125 89 148
10.252985936207638 125 89 148
10.537125214809956 125 89 148
10.74508773844828 125 89 148
10.175095284632642 125 89 148
10.489160031053048 125 89 148
10.63080187575226 125 89 148
10.574002402111363 125 89 148
8.974666373063453 125 89 148
9.511518436264216 125 89 148
9.66358110554515 125 89 148
10.053811994003938 125 89 148
10.295385006440148 125 89 148
10.238753132653486 125 89 148
10.472450954149885 125 89 148
10.235057995293417 125 89 148
10.574664820970854 125 89 148
11.079304808922625 125 89 148
10.762675235691212 125 89 148
10.762675235691212 125 89 148
12.141876258952689 125 89 148
11.804639153456453 125 89 148
9.560272436467011 125 89 148
12.125654647004382 125 89 148
9.716343895468803 125 89 148
9.974543692568535 125 89 148
9.183190434237329 125 89 148
9.728953401947487 125 89 148
10.45731321899353 125 89 148
9.052605637847831 125 89 148
11.452149979812306 125 89 148
11.757377358070118 125 89 148
11.757377358070118 125 89 148
12.585876556678505 125 89 148
12.585876556678505 125 89 148
11.6090663467413 125 89 148
12.12183104167564 125 89 148
11.826013894080551 125 89 148
12.08897057340169 125 89 148
13.167982345993885 125 89 148
9.348443289739057 125 89 148
10.429338632682628 125 89 148
10.44459678809573 125 89 148
9.463253465026652 125 89 148
10.711645667026785 125 89 148
10.193931964230801 125 89 148
10.935241934753295 125 89 148
10.856708574571426 125 89 148
11.133003845215118 125 89 148
11.468124166715619 125 89 148
11.040796602613437 125 89 148
9.576208781819586 125 89 148
9.833374039334393 125 89 148
10.293957082071026 125 89 148
10.828735440793114 125 89 148
10.61373443229599 125 89 148
8.13876215612302 125 89 148
12.490915538217203 125 89 148
12.554230777773302 125 89 148
12.554230777773302 125 89 148
11.452149979812306 125 89 148
12.446117666112563 125 89 148
12.883711737642383 125 89 148
10.644367215719473 125 89 148
11.250377173057087 125 89 148
11.040796602613437 125 89 148
11.133003845215118 125 89 148
11.231951120564872 125 89 148
10.116662993526761 125 89 148
10.293957082071026 125 89 148
12.12429617644699 125 89 148
10.581066089556213 125 89 148
11.227980939606645 125 89 148
9.339723909173182 125 89 148
9.388623941751865 125 89 148
9.94919206746405 125 89 148
12.141876258952689 125 89 148
9.034866888213726 125 89 148
9.220518881343573 125 89 148
11.876827284448787 125 89 148
12.883711737642383 125 89 148
11.079304808922625 125 89 148
8.539697378928928 125 89 148
10.581704779559052 125 89 148
12.740156038466 125 89 148
9.914666741928563 125 89 148
9.397297950023844 125 89 148
9.397297950023844 125 89 148
10.614315774063435 125 89 148
11.089786869017153 125 89 148
