9.660356076159797 -0.7333089429703393 2.2813947453280923 42 193 138
9.707943768454472 -0.9257340317241484 2.2771839069798245 42 193 138
10.373122013150292 -0.8199274852440168 1.9983665711238925 42 193 138
9.893326241581871 -0.5824839451431368 2.0205800607788396 42 193 138
9.905709188282962 -0.6220953209764474 2.3995400219391745 42 193 138
10.665752430707835 -0.5260911339659075 1.9858993232586306 42 193 138
9.905709188282962 -0.6220953209764474 2.3995400219391745 42 193 138
9.398156603135192 -1.4963395742532732 2.4605068366439045 42 193 138
9.40451895347529 -1.6653805002769355 2.4596725282562018 42 193 138
9.18931489649026 -1.713327481393631 2.6983543237502507 42 193 138
9.355466451888843 -1.5070971745620072 2.309791002025257 42 193 138
8.97125580004933 -1.1786907214449045 2.349547397451227 42 193 138
9.037855698410034 -1.2309204897968 2.197612752657381 42 193 138
8.97125580004933 -1.1786907214449045 2.349547397451227 42 193 138
9.037855698410034 -1.2309204897968 2.197612752657381 42 193 138
9.747118206550448 -1.284988006607588 2.5899601753768664 42 193 138
9.442690105331868 -0.9587756625063931 2.454708388537315 42 193 138
9.442690105331868 -0.9587756625063931 2.454708388537315 42 193 138
9.182803442175784 -1.4584334049218026 2.6998503163351675 42 193 138
9.18931489649026 -1.713327481393631 2.6983543237502507 42 193 138
9.990191855711444 -1.4103866575626898 2.0159041710871626 42 193 138
9.01338605898548 -1.6415314714127318 2.0682799443334634 42 193 138
9.524922967026118 -1.5151414667953755 2.161053259852094 42 193 138
9.321064350204152 -1.2712457480178336 2.0504402567178395 42 193 138
9.4021599050759 -2.0470339284305648 2.1698263340019524 42 193 138
8.840890931471339 -1.7930873921628439 2.2138443180629404 42 193 138
9.97420824774361 -2.0521252852720524 2.5540034191184104 42 193 138
10.326658186415466 -2.2489727662506396 2.10989590751683 42 193 138
9.47438710159461 -1.7930873921628439 2.298411948465997 42 193 138
10.209633480479864 -2.1839892264864917 1.9000684443152749 42 193 138
9.3530950314192 -1.8841097859984999 2.0486597419994097 42 193 138
9.641753779589392 -1.7657090283538788 2.1529574929650286 42 193 138
10.085615751415638 -2.094219645650219 2.011395587223524 42 193 138
9.13021124933789 -1.7657090283538788 2.061344511329131 42 193 138
11.217951027790665 0.022285527426814004 2.73453508643013 42 193 138
12.1426967248054 0.022285527426814004 2.7671455706357633 42 193 138
10.707285240684588 -0.5787324047164387 2.6233512449414085 42 193 138
11.84764856179809 -0.25615976224891 2.836729220663559 42 193 138
11.84764856179809 -0.25615976224891 2.836729220663559 42 193 138
9.51010198617447 -1.8571806470829204 2.9316711051803974 42 193 138
9.503810318930888 -1.3432555668737174 2.934801274884603 42 193 138
9.503810318930888 -1.3432555668737174 2.934801274884603 42 193 138
10.350024424263609 -1.1163628450614298 3.044551104929918 42 193 138
10.484515681084531 -1.3432555668737174 2.9543857586476863 42 193 138
9.709536948470909 2.736072368190012 2.8505948234467655 42 193 138
9.709536948470909 2.736072368190012 2.8505948234467655 42 193 138
9.83266485780352 -2.5028158337612276 2.811345407672926 42 193 138
9.647651073591746 3.1029496243924855 2.8728405149976632 42 193 138
9.474154606750291 -2.6177667845469785 2.9502944406683356 42 193 138
9.83266485780352 -2.5028158337612276 2.811345407672926 42 193 138
10.457641416748709 -2.6177667845469785 2.968476749195604 42 193 138
9.620897515131421 -2.257918552603504 2.8831295545326343 42 193 138
9.759308544743002 -1.761424057711577 2.8340243606927835 42 193 138
9.753177639224635 -1.4202108859951872 2.836009501596553 42 193 138
10.044163262503588 -0.8714661578895448 2.7545867030242155 42 193 138
10.332743412792382 -0.7005784730423228 2.690979028325507 42 193 138
10.09586734987765 -1.4584334049218026 2.742208546184785 42 193 138
10.188567531164685 -1.2171372963616893 2.7211742461169632 42 193 138
10.377248148130644 -1.0118209515519716 2.6821943100249612 42 193 138
10.377248148130644 -1.0118209515519716 2.6821943100249612 42 193 138
10.377248148130644 -1.0118209515519716 2.6821943100249612 42 193 138
10.628633940861096 -1.878922368763886 2.6364798967519576 42 193 138
9.867306242370109 -2.064128379614384 2.801252531045007 42 193 138
10.82069723530082 -2.0521252852720524 2.605256954450854 42 193 138
10.206164606000154 -1.9511705275972986 2.717334186753738 42 193 138
10.07389506049862 -2.293791323492957 2.747408284390984 42 193 138
8.773548145591208 -2.923051657745433 1.6051482801630765 42 193 138
8.931395752379725 -2.923051657745433 1.3794396708865633 42 193 138
10.246386656107497 -2.923051657745433 2.1145889387936805 42 193 138
10.108727715316284 -3.0367158736465902 2.1228429235711728 42 193 138
9.043075281510216 -2.814828906852322 1.6041240416590117 42 193 138
9.558972594046649 -2.713977363336146 1.3921431751006734 42 193 138
9.102986696389117 -2.566413074197187 1.7142440752786579 42 193 138
9.326442383054829 -2.814828906852322 1.8201247168679673 42 193 138
9.298764718140115 -2.566413074197187 1.8208826833285086 42 193 138
9.326442383054829 -2.814828906852322 1.8201247168679673 42 193 138
10.077409465279436 -2.3308510554567565 1.904555442854954 42 193 138
11.45263078954395 -2.409013543942134 2.262076769809259 42 193 138
10.447815083527932 -2.3308510554567565 1.9951112271497928 42 193 138
10.478096343826579 -2.814828906852322 2.1012722688670915 42 193 138
10.26028909290473 -2.7751783362873383 2.2321014149723952 42 193 138
10.478096343826579 -2.814828906852322 2.1012722688670915 42 193 138
10.79780378014743 -2.713977363336146 2.0839918881165094 42 193 138
9.816046889432608 -2.409013543942134 2.0243844392030597 42 193 138
10.897683171586698 -2.3308510554567565 2.0788342087559606 42 193 138
12.019874407328135 -3.022965247990447 2.455660802712499 42 193 138
12.019874407328135 -3.022965247990447 2.455660802712499 42 193 138
12.13587426813561 -2.895235274365509 2.444064980756484 42 193 138
12.213040021360593 3.126506747060296 2.574506313144984 42 193 138
12.245832354209725 -3.0050905454829837 2.5703153779193295 42 193 138
12.019874407328135 -3.022965247990447 2.455660802712499 42 193 138
12.332133138109167 -2.7751783362873383 2.4252849272192636 42 193 138
12.82055382967414 -2.605089461659301 2.503949641246365 42 193 138
13.102830466152739 -2.7751783362873383 2.475417563222329 42 193 138
12.82055382967414 -2.605089461659301 2.503949641246365 42 193 138
12.604902666030563 -2.6652096415921727 2.4007700112615877 42 193 138
9.851130250692558 -0.8346929178191652 2.405602869785887 42 193 138
10.262745636408207 -0.903221236138409 2.1136254823817247 42 193 138
9.933705206367282 -0.4829131199432921 2.133731662999823 42 193 138
10.25684407159313 -0.6505089993492625 2.2323628191821117 42 193 138
9.618829685235179 -0.8260104668337691 2.1545271078794963 42 193 138
9.65017836838727 -1.4812218251322884 2.606508011653847 42 193 138
9.796172284620578 -0.8480910941542481 2.5818756389429587 42 193 138
9.357521382078717 -1.1083469919580438 2.1730867426577025 42 193 138
9.293212653366778 -1.0429853042288821 2.3159124212395157 42 193 138
9.182803442175784 -1.4584334049218026 2.6998503163351675 42 193 138
9.524922967026118 -1.5151414667953755 2.161053259852094 42 193 138
9.47438710159461 -1.7930873921628439 2.298411948465997 42 193 138
10.303750018521823 -1.8292151065985285 2.5075867444844837 42 193 138
9.07088648762592 -1.925995910150724 2.1949779744477524 42 193 138
10.27640303698619 -2.198982182805607 2.511214986794775 42 193 138
9.730582467906054 -1.9800894253461776 2.4193856455958995 42 193 138
10.440468206628996 -0.5590564890185007 2.9781509466829266 42 193 138
9.709536948470909 2.736072368190012 2.8505948234467655 42 193 138
9.689129719527452 -2.8031452033862627 2.857711830331205 42 193 138
10.457641416748709 -2.6177667845469785 2.968476749195604 42 193 138
9.620897515131421 -2.257918552603504 2.8831295545326343 42 193 138
9.43173059563056 3.078228859794267 2.9751126808210584 42 193 138
10.628633940861096 -1.878922368763886 2.6364798967519576 42 193 138
9.849103758873143 -1.1100015464586 2.8065105510198953 42 193 138
9.867306242370109 -2.064128379614384 2.801252531045007 42 193 138
10.09586734987765 -1.4584334049218026 2.742208546184785 42 193 138
10.377248148130644 -1.0118209515519716 2.6821943100249612 42 193 138
10.206164606000154 -1.9511705275972986 2.717334186753738 42 193 138
10.406028309301904 -2.1515101288627743 2.6766348149228314 42 193 138
10.023545719251524 -2.895235274365509 2.2506158968712713 42 193 138
10.108727715316284 -3.0367158736465902 2.1228429235711728 42 193 138
9.065344121454366 -2.923051657745433 1.8274653496713837 42 193 138
8.796163287156324 -2.923051657745433 1.4912835352101446 42 193 138
9.043075281510216 -2.814828906852322 1.6041240416590117 42 193 138
9.558972594046649 -2.713977363336146 1.3921431751006734 42 193 138
9.411656285219689 -2.713977363336146 1.6028184001901837 42 193 138
8.605945811506315 -2.6652096415921727 1.722591402278829 42 193 138
9.125109330192346 -2.6652096415921727 1.9409783932871523 42 193 138
10.842513247071452 -2.409013543942134 2.190960404758569 42 193 138
11.4174319160974 -3.0050905454829837 2.522939639597084 42 193 138
13.102830466152739 -2.7751783362873383 2.475417563222329 42 193 138
12.392175172056609 -2.4999311254278584 2.4197369903613497 42 193 138
13.359873865751673 -2.6652096415921727 2.451308104870539 42 193 138
12.213040021360593 3.126506747060296 2.574506313144984 42 193 138
9.707943768454472 -0.9257340317241484 2.2771839069798245 42 193 138
10.217742182318908 -0.7417386900532926 2.1162847387486696 42 193 138
9.944178403631186 -1.1088363923248958 2.5585527932959655 42 193 138
9.36185781464555 -1.6517395094362899 2.309169067215887 42 193 138
9.497669099722902 -1.3314192825539786 2.447680036701717 42 193 138
9.531200697551382 -1.6415314714127318 2.160612076708209 42 193 138
9.4021599050759 -2.0470339284305648 2.1698263340019524 42 193 138
10.085615751415638 -2.094219645650219 2.011395587223524 42 193 138
9.3530950314192 -1.8841097859984999 2.0486597419994097 42 193 138
9.674710118447004 -1.9941080393169976 2.0315185655530428 42 193 138
9.620897515131421 -2.257918552603504 2.8831295545326343 42 193 138
10.350024424263609 -1.1163628450614298 3.044551104929918 42 193 138
9.51010198617447 -1.8571806470829204 2.9316711051803974 42 193 138
9.867306242370109 -2.064128379614384 2.801252531045007 42 193 138
9.753177639224635 -1.4202108859951872 2.836009501596553 42 193 138
9.622119621639069 -2.814828906852322 1.9210093647137276 42 193 138
9.298764718140115 -2.566413074197187 1.8208826833285086 42 193 138
10.26028909290473 -2.7751783362873383 2.2321014149723952 42 193 138
10.786855195790743 -2.263710895743856 1.8818386732762677 42 193 138
12.213040021360593 3.126506747060296 2.574506313144984 42 193 138
12.213040021360593 3.126506747060296 2.574506313144984 42 193 138
10.27640303698619 -2.198982182805607 2.511214986794775 42 193 138
9.40451895347529 -1.6653805002769355 2.4596725282562018 42 193 138
8.82057055039554 -1.365057870684425 2.215571618002978 42 193 138
10.326658186415466 -2.2489727662506396 2.10989590751683 42 193 138
10.398216124823016 -2.1546873348537576 2.22181996199884 42 193 138
9.11053619881229 -1.3904976204443684 2.062498289515654 42 193 138
10.07389506049862 -2.293791323492957 2.747408284390984 42 193 138
9.620897515131421 -2.257918552603504 2.8831295545326343 42 193 138
10.044163262503588 -0.8714661578895448 2.7545867030242155 42 193 138
9.647651073591746 3.1029496243924855 2.8728405149976632 42 193 138
9.867306242370109 -2.064128379614384 2.801252531045007 42 193 138
11.684385287071866 -0.1641351783529463 2.650105751982773 42 193 138
10.188567531164685 -1.2171372963616893 2.7211742461169632 42 193 138
10.707285240684588 -0.5787324047164387 2.6233512449414085 42 193 138
12.13587426813561 -2.895235274365509 2.444064980756484 42 193 138
12.82055382967414 -2.605089461659301 2.503949641246365 42 193 138
9.65017836838727 -1.4812218251322884 2.606508011653847 42 193 138
11.684385287071866 -0.1641351783529463 2.650105751982773 42 193 138
11.253643354308142 -0.20020801156561724 2.727240322885698 42 193 138
10.350024424263609 -1.1163628450614298 3.044551104929918 42 193 138
10.355801986909347 -2.1267334117133663 3.0389794365179026 42 193 138
9.065344121454366 -2.923051657745433 1.8274653496713837 42 193 138
12.604902666030563 -2.6652096415921727 2.4007700112615877 42 193 138
12.019874407328135 -3.022965247990447 2.455660802712499 42 193 138
9.622119621639069 -2.814828906852322 1.9210093647137276 42 193 138
9.065018039605377 -2.814828906852322 1.4936465267333963 42 193 138
12.392175172056609 -2.4999311254278584 2.4197369903613497 42 193 138
10.575408942184012 -2.1839892264864917 1.9896673680908705 42 193 138
9.895633507923867 -1.5213832822849098 2.020467496881252 42 193 138
