17.33335202676662 0.5290895996298167 1.9007670606990679 87 226 99
15.842152004154647 0.6383137823420756 2.072317496382212 87 226 99
11.134905115155306 -1.0369561507950316 1.9982738988081294 87 226 99
11.595009328341346 -0.6544275453055137 2.4084900269180123 87 226 99
12.009610331739218 -0.5439216157642693 2.4992837201570928 87 226 99
11.246002043106992 -0.48588979948647176 2.59650839262762 87 226 99
10.933990645024668 -0.4164585635970892 2.478392757148774 87 226 99
11.557601518330175 -0.8374653288414811 2.4120914253401007 87 226 99
11.595009328341346 -0.6544275453055137 2.4084900269180123 87 226 99
11.529033216318902 -0.6253826195781097 2.5572806355410784 87 226 99
12.037038102196933 -0.7489599690835524 2.3685844393773627 87 226 99
11.224891820187171 -0.5439216157642693 2.4458907284342173 87 226 99
12.08404724444281 -0.9165497323120259 2.3646047518653392 87 226 99
11.392614004723121 -0.9165497323120259 2.303022902286651 87 226 99
11.878711515894567 -0.8293911780845541 2.266818090574573 87 226 99
18.998002714643 2.583016629632391 1.1716215591660881 87 226 99
8.34268371081872 1.6724067085470613 1.6447334251503976 87 226 99
9.531955877768633 1.3424397847367424 1.530528436912116 87 226 99
9.36902307520948 1.4468187124116854 1.6366214655110862 87 226 99
9.286221837823087 1.5539749011007553 1.5294622597531402 87 226 99
9.417496411399215 1.6615173340071896 1.4233308191281635 87 226 99
9.531955877768633 1.3424397847367424 1.530528436912116 87 226 99
8.471100899092196 1.4320215371594844 1.4067141596143549 87 226 99
8.434173558098921 1.6724067085470613 1.4059891977552703 87 226 99
8.654636887982218 1.6724067085470613 1.291761588840641 87 226 99
9.004523813784031 1.2065080207885308 1.7512699779448666 87 226 99
8.704557179763421 1.3159697079479176 1.7575613234770182 87 226 99
9.418014860462229 1.5539749011007553 1.7432650136652295 87 226 99
9.454462993457353 1.6615173340071896 1.7425934927508422 87 226 99
3.5291448086349915 1.2316430866353174 1.746319808817377 87 226 99
3.6572221163603134 1.5232070854908466 2.028556273659951 87 226 99
3.8324152992111657 1.2316430866353174 2.0061566798813613 87 226 99
4.196167007366069 1.5232070854908466 2.24399616588338 87 226 99
4.349706998286242 1.2316430866353174 2.21615165929244 87 226 99
9.230324119793227 2.0055709848328482 1.4203179723528714 87 226 99
8.760340217079582 1.9017543385643585 1.5269794391889122 87 226 99
9.070748195620741 1.9017543385643585 1.3048806423906356 87 226 99
12.843328165376002 1.3424397847367424 2.3061848536906373 87 226 99
12.003540723291842 1.4320215371594844 2.3714492973679904 87 226 99
12.662022410700231 1.5539749011007553 2.319215857787964 87 226 99
12.713730567630718 1.4468187124116854 2.315445531851693 87 226 99
12.740389862207442 1.4320215371594844 2.42612463817132 87 226 99
13.388324094417293 1.6615173340071896 2.3720918395099493 87 226 99
13.388324094417293 1.6615173340071896 2.3720918395099493 87 226 99
12.976533099305703 1.868258882015892 2.296936925395973 87 226 99
12.79462952549269 1.7670035714360255 2.3096335707927325 87 226 99
12.79462952549269 1.7670035714360255 2.3096335707927325 87 226 99
12.550869404529777 2.0055709848328482 2.327471898995161 87 226 99
13.661001252568896 1.868258882015892 2.351699854175814 87 226 99
12.943477140923083 2.052003077103406 2.1999064715172736 87 226 99
17.446042966520686 2.711039165684769 1.6061281330762314 87 226 99
18.29120419602332 2.7848793754959185 1.3847325170380191 87 226 99
18.36408945048835 2.6118864830773303 1.5498992407699206 87 226 99
17.356837252708562 2.531647725506816 2.157998060527599 87 226 99
17.356837252708562 2.531647725506816 2.157998060527599 87 226 99
17.395875650318356 2.657641101992266 2.023969436873334 87 226 99
11.22960523491713 -1.5547464505408082 2.0945461975756343 87 226 99
11.260190953746985 -1.6573767582257923 2.092978120512776 87 226 99
10.408931518913336 -1.6672439597940703 2.140714046162078 87 226 99
10.844094661812884 -1.2236403532945006 2.115203008801 87 226 99
10.844094661812884 -1.2236403532945006 2.115203008801 87 226 99
10.375836775058689 -1.552906878508526 2.1427594496432714 87 226 99
10.408016738275377 -1.6573767582257923 1.9256473032676866 87 226 99
9.936678431678294 -1.4390336672363215 2.0539440757324927 87 226 99
10.595433576589437 -1.352578751743282 1.919100993424507 87 226 99
11.22960523491713 -1.5547464505408082 2.0945461975756343 87 226 99
10.825138484287328 -1.452451993636274 2.01134961953597 87 226 99
11.397643674930794 -1.9150010353369913 1.5371226511530431 87 226 99
10.293853028109112 -2.0326214426554987 2.1478949388307322 87 226 99
11.465632296406751 -1.7410910245262887 1.8916755271450798 87 226 99
10.039978984185284 -1.7791165379867615 2.048553914093756 87 226 99
10.993851815955306 -2.0777029363977366 2.0041268089079067 87 226 99
10.612833448512761 -2.0777029363977366 1.9185057369142107 87 226 99
10.480853739991845 -0.7118725557440615 2.7325662176304224 87 226 99
10.814521996928129 -1.0668263558914837 2.492663910363135 87 226 99
10.56606608936408 -1.210504841900084 2.5243308797019863 87 226 99
11.14746695170141 -0.9427011291869306 2.4542509823844374 87 226 99
11.62696993921266 -1.0668263558914837 2.544664190175663 87 226 99
10.928323366404571 -1.142548946342756 2.646532818179192 87 226 99
10.534809284049055 -1.045873295088224 2.720907403371921 87 226 99
11.49141063730514 -0.8491645142125377 2.562249773169325 87 226 99
11.168723517839311 -0.9817119913722654 2.6080290819944354 87 226 99
10.928323366404571 -1.142548946342756 2.646532818179192 87 226 99
10.928323366404571 -1.142548946342756 2.646532818179192 87 226 99
10.029943242619563 -1.8713337555574832 2.853390306604425 87 226 99
10.061015271066605 -1.1693045561922877 2.8431494151662964 87 226 99
9.99559377262815 -1.5135451803816236 2.8652183423396833 87 226 99
10.37811892170788 -1.7172040501408874 2.550324502585433 87 226 99
10.37811892170788 -1.7172040501408874 2.550324502585433 87 226 99
10.408151574010477 -1.3714757173048895 2.546040392353313 87 226 99
10.746713513861144 -1.7476152467102262 2.6788028605465155 87 226 99
10.376419094950501 -1.2697178435459084 2.7564446212556954 87 226 99
10.31299858512647 -1.528901497855884 2.771909562096634 87 226 99
10.31299858512647 -1.528901497855884 2.771909562096634 87 226 99
10.714662139621506 -1.5377645248367824 2.6848349262174604 87 226 99
10.714662139621506 -1.5377645248367824 2.6848349262174604 87 226 99
10.31299858512647 -1.528901497855884 2.771909562096634 87 226 99
10.346294331768634 -1.7937088721661134 2.763691720936025 87 226 99
10.961359281700837 -1.6956720029501 2.4752033011003416 87 226 99
10.204526170348236 -1.679639466202576 2.2762330845080374 87 226 99
10.17076633192184 -1.5505910936240592 2.279063299411154 87 226 99
10.22463301012228 -1.4005053430296235 2.4111728912030417 87 226 99
10.385338396456564 -1.2604594231244683 2.3940588881018154 87 226 99
10.638016122668164 -1.1318928710523943 2.3687781117772686 87 226 99
10.976316342169653 -1.0171132341271725 2.3376629374642848 87 226 99
10.235068206699339 -1.4222086248543153 2.273694527230645 87 226 99
11.084565147742158 -2.1127898193237624 2.6210253182471144 87 226 99
11.382242797327217 -2.2539384423391042 2.57707845604914 87 226 99
11.382242797327217 -2.2539384423391042 2.57707845604914 87 226 99
10.871049532210444 -1.9430115461730166 2.6563809395794795 87 226 99
11.084565147742158 -2.1127898193237624 2.6210253182471144 87 226 99
11.382242797327217 -2.2539384423391042 2.57707845604914 87 226 99
10.506817735921679 -1.8824897546887165 2.532320667199062 87 226 99
9.941910434293758 -2.3900789973399856 2.884943098325049 87 226 99
11.341329855056276 -1.8824897546887165 2.582800965551895 87 226 99
11.034897013629658 -2.162248856406987 2.466774116676913 87 226 99
11.421769507575434 -2.2731933366849963 2.4254944371952742 87 226 99
11.421769507575434 -2.2731933366849963 2.4254944371952742 87 226 99
11.002398142650616 -1.8051666066329772 2.335381159340214 87 226 99
11.254790965996898 -2.1951481647178506 2.3140862531891333 87 226 99
10.861972799888527 -2.090189781042076 2.347857035339896 87 226 99
11.292791084052848 -1.9709836960415887 2.438720431304791 87 226 99
11.083287593728508 -1.8384851078430617 2.46133583252721 87 226 99
18.444477932874936 -2.638320252784697 1.7681372735474947 87 226 99
18.772646782497556 -2.591178789600372 1.7106176408983895 87 226 99
18.110107330553518 -2.6103042777791847 1.8861135752200902 87 226 99
15.788934103973702 -2.878880169909528 2.003189455285115 87 226 99
17.993401193772755 -2.661851877813158 1.9473367463554587 87 226 99
11.134905115155306 -1.0369561507950316 1.9982738988081294 87 226 99
12.037038102196933 -0.7489599690835524 2.3685844393773627 87 226 99
10.933990645024668 -0.4164585635970892 2.478392757148774 87 226 99
11.595009328341346 -0.6544275453055137 2.4084900269180123 87 226 99
11.557601518330175 -0.8374653288414811 2.4120914253401007 87 226 99
11.878711515894567 -0.8293911780845541 2.266818090574573 87 226 99
11.392614004723121 -0.9165497323120259 2.303022902286651 87 226 99
20.6368553028973 2.7543696316125095 1.204892671860155 87 226 99
8.393295957212985 1.5519430416933073 1.4051791413038257 87 226 99
9.356604589192342 1.4468187124116854 1.529773360279759 87 226 99
8.393295957212985 1.5519430416933073 1.4051791413038257 87 226 99
9.615440432627336 1.6615173340071896 1.3202778591208402 87 226 99
8.51217846843792 1.4320215371594844 1.761833798365421 87 226 99
8.704557179763421 1.3159697079479176 1.7575613234770182 87 226 99
4.649418806877294 1.7656136598644303 1.925837338915254 87 226 99
3.7500853578501663 1.8228531937266799 2.0163926473230362 87 226 99
8.860644264028966 1.9017543385643585 1.413988881936532 87 226 99
10.276180415583724 1.868258882015892 1.2352566820540072 87 226 99
9.383279218004995 1.9017543385643585 1.2018718035062244 87 226 99
8.808553016562353 1.7899953854320603 1.2967643448282469 87 226 99
12.713730567630718 1.4468187124116854 2.315445531851693 87 226 99
12.843328165376002 1.3424397847367424 2.3061848536906373 87 226 99
13.534534432659772 1.3424397847367424 2.361003266580114 87 226 99
12.688790345174962 1.5519430416933073 2.4308164483763988 87 226 99
12.740389862207442 1.4320215371594844 2.42612463817132 87 226 99
13.488331573620282 1.7670035714360255 2.364467831131717 87 226 99
12.976533099305703 1.868258882015892 2.296936925395973 87 226 99
12.603401680293745 1.9636134838006398 2.2196869581743703 87 226 99
10.591360213325604 -1.9858604517285474 2.021781709872489 87 226 99
10.708593675468268 -1.1261672064891919 2.0164868659157835 87 226 99
11.704930641355842 -1.649337359166565 1.9761969653365363 87 226 99
10.825138484287328 -1.452451993636274 2.01134961953597 87 226 99
10.537254004160415 -1.7791165379867615 2.1329290973820494 87 226 99
10.595433576589437 -1.352578751743282 1.919100993424507 87 226 99
10.796265853040714 -1.6573767582257923 2.0126108190273535 87 226 99
10.56606608936408 -1.210504841900084 2.5243308797019863 87 226 99
11.168723517839311 -0.9817119913722654 2.6080290819944354 87 226 99
10.746713513861144 -1.7476152467102262 2.6788028605465155 87 226 99
10.408151574010477 -1.3714757173048895 2.546040392353313 87 226 99
10.344925604872369 -1.5435331035368849 2.555120750098039 87 226 99
10.534809284049055 -1.045873295088224 2.720907403371921 87 226 99
10.376419094950501 -1.2697178435459084 2.7564446212556954 87 226 99
10.346294331768634 -1.7937088721661134 2.763691720936025 87 226 99
10.714662139621506 -1.5377645248367824 2.6848349262174604 87 226 99
10.346294331768634 -1.7937088721661134 2.763691720936025 87 226 99
10.961359281700837 -1.6956720029501 2.4752033011003416 87 226 99
10.989798184543458 -1.4005053430296235 2.4719194919801186 87 226 99
10.235068206699339 -1.4222086248543153 2.273694527230645 87 226 99
11.761657097424271 -1.5547464505408082 2.1682376921965396 87 226 99
10.879563332534746 -1.679639466202576 2.3462681726302446 87 226 99
11.382242797327217 -2.2539384423391042 2.57707845604914 87 226 99
11.421769507575434 -2.2731933366849963 2.4254944371952742 87 226 99
11.084565147742158 -2.1127898193237624 2.6210253182471144 87 226 99
10.871049532210444 -1.9430115461730166 2.6563809395794795 87 226 99
11.757691851723045 -2.368832196753107 2.5284970557076387 87 226 99
11.084565147742158 -2.1127898193237624 2.6210253182471144 87 226 99
11.002398142650616 -1.8051666066329772 2.335381159340214 87 226 99
10.559738989523199 -1.923628145251071 2.247923233683048 87 226 99
17.993129835214678 -2.688040600253004 1.7731552808934452 87 226 99
17.993129835214678 -2.688040600253004 1.7731552808934452 87 226 99
18.444477932874936 -2.638320252784697 1.7681372735474947 87 226 99
15.788934103973702 -2.878880169909528 2.003189455285115 87 226 99
15.90810049778042 -2.8594586320631494 2.1431688491862766 87 226 99
11.889686785294325 -0.7415917773482261 2.5128897839803126 87 226 99
11.224891820187171 -0.5439216157642693 2.4458907284342173 87 226 99
11.529033216318902 -0.6253826195781097 2.5572806355410784 87 226 99
9.806646535537048 1.242874791740194 1.5316569517771677 87 226 99
10.172632387449848 1.1496085722572902 1.533065769610147 87 226 99
9.286221837823087 1.5539749011007553 1.5294622597531402 87 226 99
10.845698672429425 1.5539749011007553 2.1151134711106474 87 226 99
9.004523813784031 1.2065080207885308 1.7512699779448666 87 226 99
3.7500853578501663 1.8228531937266799 2.0163926473230362 87 226 99
4.277345454423188 1.8228531937266799 2.22895080562417 87 226 99
4.277345454423188 1.8228531937266799 2.22895080562417 87 226 99
8.488562548289005 1.7899953854320603 1.5255756150322324 87 226 99
8.488562548289005 1.7899953854320603 1.5255756150322324 87 226 99
12.662022410700231 1.5539749011007553 2.319215857787964 87 226 99
11.823625666019215 1.242874791740194 2.164676036487586 87 226 99
11.823625666019215 1.242874791740194 2.164676036487586 87 226 99
17.092722632859996 2.62611739511268 2.0991243977610194 87 226 99
16.023425186872256 2.33230155065997 2.214470385839523 87 226 99
17.61799395360314 2.62611739511268 2.148165018226459 87 226 99
11.73156716527747 -1.463399502003261 1.9752227295468372 87 226 99
11.175306685294343 -1.166855751883355 1.9003226515763687 87 226 99
10.258530971787813 -1.855353452577002 1.7290094907712614 87 226 99
10.408931518913336 -1.6672439597940703 2.140714046162078 87 226 99
10.825138484287328 -1.452451993636274 2.01134961953597 87 226 99
10.536350364665537 -1.7582166816916267 1.9211379003594453 87 226 99
10.999801637565133 -1.7410910245262887 1.7182667305246055 87 226 99
10.37811892170788 -1.7172040501408874 2.550324502585433 87 226 99
10.376419094950501 -1.2697178435459084 2.7564446212556954 87 226 99
11.14746695170141 -0.9427011291869306 2.4542509823844374 87 226 99
10.346294331768634 -1.7937088721661134 2.763691720936025 87 226 99
10.31299858512647 -1.528901497855884 2.771909562096634 87 226 99
10.714662139621506 -1.5377645248367824 2.6848349262174604 87 226 99
10.408151574010477 -1.3714757173048895 2.546040392353313 87 226 99
11.39624045684023 -1.210504841900084 2.5751418057942868 87 226 99
11.49141063730514 -0.8491645142125377 2.562249773169325 87 226 99
10.77571891724498 -1.3307435450560314 2.6734366534578804 87 226 99
10.976316342169653 -1.0171132341271725 2.3376629374642848 87 226 99
10.395612276966684 -1.2985537815915267 2.260681363115438 87 226 99
10.929937361200286 -1.5475867235899075 2.4788675827186673 87 226 99
11.034897013629658 -2.162248856406987 2.466774116676913 87 226 99
11.213413016212723 -1.923628145251071 2.317483228990844 87 226 99
11.254790965996898 -2.1951481647178506 2.3140862531891333 87 226 99
17.993129835214678 -2.688040600253004 1.7731552808934452 87 226 99
18.444477932874936 -2.638320252784697 1.7681372735474947 87 226 99
17.993129835214678 -2.688040600253004 1.7731552808934452 87 226 99
9.356604589192342 1.4468187124116854 1.529773360279759 87 226 99
8.30135560712784 1.5519430416933073 1.6451021965236206 87 226 99
4.649418806877294 1.7656136598644303 1.925837338915254 87 226 99
12.689155925901538 1.6615173340071896 2.3172319331165188 87 226 99
12.603401680293745 1.9636134838006398 2.2196869581743703 87 226 99
13.488331573620282 1.7670035714360255 2.364467831131717 87 226 99
16.611099393434856 2.62611739511268 2.0471085354256457 87 226 99
11.883145083263353 -1.726809710644663 1.6226806178476063 87 226 99
18.44474265121313 -2.6103042777791847 1.9376794612355464 87 226 99
10.480853739991845 -0.7118725557440615 2.7325662176304224 87 226 99
10.22429272379602 -0.9010804985381086 2.7949885935472807 87 226 99
10.385338396456564 -1.2604594231244683 2.3940588881018154 87 226 99
10.534809284049055 -1.045873295088224 2.720907403371921 87 226 99
10.727585260376426 -2.0319837626293844 2.5034245198047014 87 226 99
11.392614004723121 -0.9165497323120259 2.303022902286651 87 226 99
17.559025337912633 2.583016629632391 1.4919101582133591 87 226 99
13.411617683621174 1.4468187124116854 2.3703005544095457 87 226 99
12.550869404529777 2.0055709848328482 2.327471898995161 87 226 99
10.37811892170788 -1.7172040501408874 2.550324502585433 87 226 99
11.421769507575434 -2.2731933366849963 2.4254944371952742 87 226 99
18.384641156829126 -2.661851877813158 1.9979409062012627 87 226 99
10.814521996928129 -1.0668263558914837 2.492663910363135 87 226 99
3.8324152992111657 1.2316430866353174 2.0061566798813613 87 226 99
18.22046281553257 -2.688040600253004 1.8269446794411168 87 226 99
10.756511776117517 -1.855353452577002 1.9136687941249302 87 226 99
11.083287593728508 -1.8384851078430617 2.46133583252721 87 226 99
11.58511963903829 -2.090189781042076 2.4094384832192794 87 226 99
4.196167007366069 1.5232070854908466 2.24399616588338 87 226 99
17.092722632859996 2.62611739511268 2.0991243977610194 87 226 99
10.595433576589437 -1.352578751743282 1.919100993424507 87 226 99
10.814521996928129 -1.0668263558914837 2.492663910363135 87 226 99
