11.053767087176697 12 88 205
10.848622604857395 12 88 205
10.486714444972051 12 88 205
10.861524664658553 12 88 205
13.183122889290301 12 88 205
12.85684636051939 12 88 205
13.183122889290301 12 88 205
9.348089903166576 12 88 205
8.981980132152952 12 88 205
8.534028941956995 12 88 205
8.283328124877928 12 88 205
11.371680325443748 12 88 205
11.286302852364116 12 88 205
10.553775166540312 12 88 205
12.349986313494773 12 88 205
12.297806961731185 12 88 205
12.470611921087404 12 88 205
11.17618212470281 12 88 205
11.39741403246305 12 88 205
11.39741403246305 12 88 205
11.872551900928517 12 88 205
11.702949492792062 12 88 205
10.962856773074716 12 88 205
11.989404720377728 12 88 205
11.884847275959693 12 88 205
12.166590778331413 12 88 205
11.776645682712884 12 88 205
11.88215528901593 12 88 205
11.88215528901593 12 88 205
11.88215528901593 12 88 205
11.893936267302447 12 88 205
11.849442093102812 12 88 205
11.788532103469171 12 88 205
10.79234898291353 12 88 205
10.973186233195781 12 88 205
12.038296623252359 12 88 205
11.891880270400403 12 88 205
11.828484566573504 12 88 205
11.978346998903298 12 88 205
11.828484566573504 12 88 205
11.767466098459519 12 88 205
11.831188765388914 12 88 205
11.891880270400403 12 88 205
11.767466098459519 12 88 205
11.891880270400403 12 88 205
12.038296623252359 12 88 205
11.831188765388914 12 88 205
11.506247293881836 12 88 205
14.202480793466476 12 88 205
14.262901355279048 12 88 205
13.872254024085743 12 88 205
13.810124450095529 12 88 205
14.957509009687005 12 88 205
10.934048195104744 12 88 205
11.037822047452865 12 88 205
10.921231813056165 12 88 205
12.338746227716804 12 88 205
11.22047388493171 12 88 205
11.72475416663837 12 88 205
11.277843528340894 12 88 205
10.488270282801148 12 88 205
10.368660518097846 12 88 205
10.419406161668531 12 88 205
10.729905078578081 12 88 205
10.970340643681068 12 88 205
10.67015196997079 12 88 205
10.706469047111844 12 88 205
10.35847887423378 12 88 205
10.809681733813065 12 88 205
10.32093736990275 12 88 205
10.078447986922864 12 88 205
10.116965375556182 12 88 205
10.586375423214442 12 88 205
10.46773975767973 12 88 205
10.50475663825685 12 88 205
10.35847887423378 12 88 205
11.141396254062332 12 88 205
12.59271612919344 12 88 205
12.59271612919344 12 88 205
10.872828541472314 12 88 205
10.92902567882257 12 88 205
13.723033251592357 12 88 205
11.066429977003155 12 88 205
10.927602976145298 12 88 205
9.55956309917374 12 88 205
9.55956309917374 12 88 205
11.371680325443748 12 88 205
11.73009885049771 12 88 205
10.936030231900803 12 88 205
11.396353050489951 12 88 205
11.17618212470281 12 88 205
12.069873449561037 12 88 205
12.33604782191394 12 88 205
12.33604782191394 12 88 205
12.33604782191394 12 88 205
11.978346998903298 12 88 205
10.858848250724762 12 88 205
11.819345243451584 12 88 205
12.166590778331413 12 88 205
11.891880270400403 12 88 205
11.776645682712884 12 88 205
11.767466098459519 12 88 205
11.09211466789454 12 88 205
11.989404720377728 12 88 205
14.262901355279048 12 88 205
10.999690845480469 12 88 205
13.872254024085743 12 88 205
11.255890105372032 12 88 205
11.387907939356953 12 88 205
12.019119994374005 12 88 205
10.368660518097846 12 88 205
10.419406161668531 12 88 205
10.67015196997079 12 88 205
10.50475663825685 12 88 205
9.838715140770043 12 88 205
10.541716492777372 12 88 205
10.541716492777372 12 88 205
12.282369687027494 12 88 205
12.047269846200637 12 88 205
12.191820207460651 12 88 205
12.282369687027494 12 88 205
10.555139440749183 12 88 205
11.131153795451139 12 88 205
11.831188765388914 12 88 205
11.88215528901593 12 88 205
12.349986313494773 12 88 205
11.17618212470281 12 88 205
11.819345243451584 12 88 205
12.19327047314532 12 88 205
12.85684636051939 12 88 205
13.183122889290301 12 88 205
11.767466098459519 12 88 205
10.821299665794267 12 88 205
13.810124450095529 12 88 205
11.230032109019094 12 88 205
11.387907939356953 12 88 205
10.61972747903549 12 88 205
11.412545582059959 12 88 205
10.215255758893264 12 88 205
10.215406335569979 12 88 205
10.35847887423378 12 88 205
10.92902567882257 12 88 205
10.848622604857395 12 88 205
11.989404720377728 12 88 205
11.893936267302447 12 88 205
11.396353050489951 12 88 205
12.297806961731185 12 88 205
11.754982520410156 12 88 205
11.755558377211642 12 88 205
9.548332822012382 12 88 205
8.768813617140935 12 88 205
11.776645682712884 12 88 205
14.202480793466476 12 88 205
10.488270282801148 12 88 205
10.505049490192985 12 88 205
10.541789449837019 12 88 205
11.98469613812984 12 88 205
12.282369687027494 12 88 205
11.167501648882062 12 88 205
11.053767087176697 12 88 205
11.06629098003088 12 88 205
12.40554295514041 12 88 205
14.185640034532787 12 88 205
10.729596264470656 12 88 205
11.141396254062332 12 88 205
10.32093736990275 12 88 205
11.966649121946059 12 88 205
12.166590778331413 12 88 205
10.358404626068 12 88 205
8.534028941956995 12 88 205
11.096157453501334 12 88 205
