9.344781123304188 208 102 100
9.247026005917737 208 102 100
9.66288045067281 208 102 100
10.304171339092191 208 102 100
12.180884374743478 208 102 100
11.273328444050035 208 102 100
10.53909354515764 208 102 100
11.305634246597117 208 102 100
11.678832322807928 208 102 100
11.512896995466933 208 102 100
11.43234315581018 208 102 100
10.694843756241559 208 102 100
11.223592941736523 208 102 100
9.255223539066318 208 102 100
10.01559675383814 208 102 100
10.46406365891378 208 102 100
9.328781720677727 208 102 100
9.541572713441692 208 102 100
9.428146002365828 208 102 100
9.914471084311502 208 102 100
10.485876075366985 208 102 100
10.103951129042434 208 102 100
10.209116502822466 208 102 100
11.197824780526092 208 102 100
11.325739893257948 208 102 100
9.933155949873711 208 102 100
11.426298100602269 208 102 100
10.647809087390705 208 102 100
10.559927542916391 208 102 100
10.716095435480408 208 102 100
10.438914346446577 208 102 100
11.281590239872427 208 102 100
11.807876656891075 208 102 100
14.06462607432686 208 102 100
14.466057887755381 208 102 100
14.971570897078902 208 102 100
11.178436459400425 208 102 100
11.004958631490672 208 102 100
10.920658738592161 208 102 100
10.118568168963844 208 102 100
10.118568168963844 208 102 100
10.567470451030866 208 102 100
10.479651928255004 208 102 100
3.8196237381210327 208 102 100
3.5029613813225047 208 102 100
11.025612585826059 208 102 100
10.663037289761776 208 102 100
11.832968828854023 208 102 100
10.78323341810256 208 102 100
10.486885969693155 208 102 100
10.723437555459611 208 102 100
10.486885969693155 208 102 100
11.064799851477302 208 102 100
11.545365243844747 208 102 100
11.489286742473912 208 102 100
11.863099989513229 208 102 100
11.07095420925298 208 102 100
11.07095420925298 208 102 100
11.922245644211117 208 102 100
11.922245644211117 208 102 100
10.125990683134775 208 102 100
10.873270444831707 208 102 100
10.841010615504828 208 102 100
11.230347782939148 208 102 100
10.139983231173504 208 102 100
10.220000473856018 208 102 100
10.939092399080124 208 102 100
10.393472671893674 208 102 100
9.952740893831168 208 102 100
9.652866993594142 208 102 100
10.40391759012182 208 102 100
11.474567221201035 208 102 100
11.004958631490672 208 102 100
10.126060171356707 208 102 100
10.927600838645127 208 102 100
11.212305993714867 208 102 100
10.78323341810256 208 102 100
11.427224884337424 208 102 100
10.23175289957224 208 102 100
11.483356586846142 208 102 100
10.588977766777843 208 102 100
4.1396136654962135 208 102 100
12.2544205945691 208 102 100
12.58201317193411 208 102 100
11.606795419380173 208 102 100
12.20120374025911 208 102 100
9.539714208543222 208 102 100
10.264521270262724 208 102 100
11.197824780526092 208 102 100
9.80175427993549 208 102 100
9.907598373547687 208 102 100
10.146698540836029 208 102 100
11.230347782939148 208 102 100
10.587977610097315 208 102 100
9.370743597071451 208 102 100
11.43234315581018 208 102 100
10.615226261288814 208 102 100
9.46165584916103 208 102 100
13.69841568769259 208 102 100
10.588977766777843 208 102 100
10.822319785351775 208 102 100
11.1865118330184 208 102 100
9.756704497414248 208 102 100
10.908087558609544 208 102 100
11.191050308679518 208 102 100
10.01559675383814 208 102 100
11.063842708564628 208 102 100
10.663037289761776 208 102 100
11.097016977990524 208 102 100
10.567470451030866 208 102 100
12.12861804416611 208 102 100
14.729156247053286 208 102 100
12.006472531712014 208 102 100
12.006472531712014 208 102 100
10.60807974019744 208 102 100
11.038661016935816 208 102 100
9.346433391949606 208 102 100
