8.987916346490298 129 198 92
9.3548547617615 129 198 92
9.3548547617615 129 198 92
7.681966290928131 129 198 92
7.256534294026983 129 198 92
7.681966290928131 129 198 92
8.007981264221609 129 198 92
7.883387534628482 129 198 92
8.201399688730207 129 198 92
7.732559918071718 129 198 92
2.8699939527828353 129 198 92
8.337443120691377 129 198 92
7.038617202776513 129 198 92
7.961655438571426 129 198 92
7.891311645687664 129 198 92
7.947178219732935 129 198 92
7.668267439365368 129 198 92
7.683270214431322 129 198 92
7.504799059191036 129 198 92
7.683270214431322 129 198 92
7.668267439365368 129 198 92
7.513122479173667 129 198 92
7.489438780876591 129 198 92
7.683270214431322 129 198 92
7.504799059191036 129 198 92
7.45400343575403 129 198 92
7.854117880988475 129 198 92
7.679618181871415 129 198 92
7.517153780804082 129 198 92
7.565597684677754 129 198 92
7.219633681374228 129 198 92
8.656734832514651 129 198 92
7.578879182061179 129 198 92
7.578879182061179 129 198 92
7.988986176437174 129 198 92
8.824447101801658 129 198 92
9.07894950514326 129 198 92
8.498598871994261 129 198 92
8.29190622350057 129 198 92
8.388755470765824 129 198 92
8.77250535190526 129 198 92
8.357134216706 129 198 92
8.04528026130041 129 198 92
7.478099301517348 129 198 92
7.812626126759328 129 198 92
6.998484001811213 129 198 92
6.998484001811213 129 198 92
6.3282675063230585 129 198 92
6.984098867694282 129 198 92
7.96443114693221 129 198 92
7.6135860659920445 129 198 92
7.777931525575008 129 198 92
7.598445704085264 129 198 92
8.200979241233046 129 198 92
7.6135860659920445 129 198 92
8.591421185088107 129 198 92
8.737393433504415 129 198 92
8.787882917897681 129 198 92
7.742077327958446 129 198 92
8.36125511006755 129 198 92
6.835983504115346 129 198 92
6.852808631128812 129 198 92
7.834870577682345 129 198 92
7.382435560314813 129 198 92
7.043827981670827 129 198 92
8.237916646067225 129 198 92
8.097280616541099 129 198 92
8.097280616541099 129 198 92
8.237916646067225 129 198 92
9.908961569421427 129 198 92
9.60549599590304 129 198 92
9.789392384091279 129 198 92
9.771227513221554 129 198 92
10.443771423729196 129 198 92
9.878352721499494 129 198 92
9.60549599590304 129 198 92
7.718043553083233 129 198 92
8.423926008303692 129 198 92
8.454112628338311 129 198 92
7.737280760824757 129 198 92
8.06284663866099 129 198 92
8.029394775806157 129 198 92
8.423271161997556 129 198 92
7.70804913597482 129 198 92
7.988651140626776 129 198 92
8.576547321763806 129 198 92
8.337277579477757 129 198 92
8.408397368654256 129 198 92
8.423271161997556 129 198 92
10.566508269662064 129 198 92
10.03823962883956 129 198 92
10.995055948663246 129 198 92
11.21838840220447 129 198 92
10.392613393531159 129 198 92
8.518433349677311 129 198 92
8.462758001317916 129 198 92
9.3548547617615 129 198 92
7.681966290928131 129 198 92
7.256534294026983 129 198 92
8.201399688730207 129 198 92
7.600818889669578 129 198 92
8.154944215364209 129 198 92
9.848034401919321 129 198 92
8.697028692713495 129 198 92
7.513122479173667 129 198 92
8.481598814363405 129 198 92
7.947178219732935 129 198 92
7.43013129666404 129 198 92
7.43013129666404 129 198 92
7.610353694461206 129 198 92
7.683270214431322 129 198 92
7.528434435750975 129 198 92
7.022237283151648 129 198 92
7.668267439365368 129 198 92
7.610353694461206 129 198 92
8.782949350323694 129 198 92
8.125579453625642 129 198 92
8.03458570739329 129 198 92
8.357134216706 129 198 92
8.77250535190526 129 198 92
9.442350950853571 129 198 92
8.04528026130041 129 198 92
8.77250535190526 129 198 92
8.04528026130041 129 198 92
6.934979174934536 129 198 92
7.96443114693221 129 198 92
7.187661591961626 129 198 92
8.186925237767774 129 198 92
7.849291474375365 129 198 92
7.598445704085264 129 198 92
6.7709547555500125 129 198 92
7.585471097678772 129 198 92
7.266829523952385 129 198 92
7.382435560314813 129 198 92
8.125790902864452 129 198 92
7.969879977629573 129 198 92
8.356275274737888 129 198 92
7.982488846700614 129 198 92
8.259454388887796 129 198 92
8.075310349977006 129 198 92
9.771227513221554 129 198 92
8.259454388887796 129 198 92
8.576547321763806 129 198 92
8.337143067801165 129 198 92
10.072236875836364 129 198 92
10.995055948663246 129 198 92
8.068808578298729 129 198 92
7.457557429378677 129 198 92
10.392613393531159 129 198 92
8.515758744289004 129 198 92
8.103355616159888 129 198 92
9.788016745874739 129 198 92
9.3548547617615 129 198 92
8.201399688730207 129 198 92
7.681966290928131 129 198 92
7.43013129666404 129 198 92
7.47645960744709 129 198 92
7.528434435750975 129 198 92
7.961655438571426 129 198 92
8.022058723268586 129 198 92
8.927298401800893 129 198 92
7.851149660155465 129 198 92
8.688289600460598 129 198 92
7.014919385847845 129 198 92
8.132705741754531 129 198 92
7.834606625949088 129 198 92
8.591421185088107 129 198 92
6.7709547555500125 129 198 92
7.969879977629573 129 198 92
9.908961569421427 129 198 92
9.789392384091279 129 198 92
9.771227513221554 129 198 92
8.28578178472016 129 198 92
8.081263094535785 129 198 92
10.072236875836364 129 198 92
8.1501051490488 129 198 92
8.408397368654256 129 198 92
9.415048988675771 129 198 92
8.284208810980816 129 198 92
7.233550429983337 129 198 92
9.07894950514326 129 198 92
7.812626126759328 129 198 92
8.20474530548888 129 198 92
7.65671961550315 129 198 92
8.06284663866099 129 198 92
7.883387534628482 129 198 92
7.489438780876591 129 198 92
7.813764725486455 129 198 92
8.132705741754531 129 198 92
7.187661591961626 129 198 92
7.679618181871415 129 198 92
7.768280375830496 129 198 92
8.300875287784308 129 198 92
10.03823962883956 129 198 92
8.967136216663997 129 198 92
7.266829523952385 129 198 92
8.36125511006755 129 198 92
7.47645960744709 129 198 92
7.219633681374228 129 198 92
