8.957240466469289 0.6766021078102306 2.4374908004351896 87 34 195
9.937635036401435 0.13860577263865678 2.6643273695729093 87 34 195
10.1966871928716 -0.4827069595489833 2.617319208578299 87 34 195
10.011683999795054 -0.29408848351415556 2.650217164538007 87 34 195
9.344417201424159 -0.4827069595489833 2.5637231528447133 87 34 195
10.011683999795054 -0.29408848351415556 2.650217164538007 87 34 195
9.937635036401435 0.13860577263865678 2.6643273695729093 87 34 195
10.05076996648485 0.34616256032243525 2.642999018971615 87 34 195
9.319027367593904 0.8007221057795623 2.5679145210041137 87 34 195
9.761284727972217 1.3069513992008301 2.5011919248983228 87 34 195
9.761284727972217 1.3069513992008301 2.5011919248983228 87 34 195
9.5244111390428 0.17723919485652442 2.7565756344765004 87 34 195
9.187537111318312 -0.1454522984991301 2.8605767089411174 87 34 195
9.28167287558502 -0.4975614947409605 2.8273472712678522 87 34 195
9.480931629691787 -0.7543708360015643 2.768055166689845 87 34 195
9.480931629691787 -0.7543708360015643 2.768055166689845 87 34 195
9.794398763481142 -0.592298597920593 2.6934294890776647 87 34 195
9.28167287558502 -0.4975614947409605 2.8273472712678522 87 34 195
9.28167287558502 -0.4975614947409605 2.8273472712678522 87 34 195
9.265305283459329 -1.0000666429009777 2.832828801113733 87 34 195
9.265305283459329 -1.0000666429009777 2.832828801113733 87 34 195
10.446408650032483 -1.6169487506801241 1.4582859222626376 87 34 195
10.132143152411242 -1.6218665185301149 1.9581327321232127 87 34 195
10.039689199836351 -0.7683269429833923 2.4648560763039895 87 34 195
8.837357058709344 -0.892486604073176 2.4536167197454235 87 34 195
8.837357058709344 -0.892486604073176 2.4536167197454235 87 34 195
9.220334238008967 -0.76337328976096 2.5846983529660665 87 34 195
9.630845064589082 -0.892486604073176 2.5195959518809454 87 34 195
8.65622309776145 -1.1467328401084638 2.700351064618903 87 34 195
9.092239081532023 -1.2357874672778397 2.6077544600039837 87 34 195
10.211390110294746 -1.5086144135435657 2.178095722080957 87 34 195
10.211390110294746 -1.5086144135435657 2.178095722080957 87 34 195
10.76105412893714 -1.6356920152923025 2.385261822037161 87 34 195
11.469040899893702 -1.6279560241547915 2.321917727627235 87 34 195
10.76105412893714 -1.6356920152923025 2.385261822037161 87 34 195
15.479112678206421 2.046676699274264 2.2586302358722605 87 34 195
14.23665234774888 1.780789277973467 2.152907401011686 87 34 195
14.810183743023927 2.0880347788316564 2.2963368677478044 87 34 195
15.421318372295858 2.1422575634915595 2.0294133705038235 87 34 195
15.443883572013243 2.079038118986267 2.1022791657114395 87 34 195
15.261272878053783 2.1181376345700382 2.1875645387209346 87 34 195
15.17267182839691 2.183881009854261 2.112820939432237 87 34 195
15.05333453042045 2.2310865904300536 2.19739324473877 87 34 195
15.208529183683064 2.162988625531907 2.2733389958786887 87 34 195
15.05333453042045 2.2310865904300536 2.19739324473877 87 34 195
15.286996762067393 2.214733960250407 2.3578248777148447 87 34 195
14.498737445969152 2.494145830403377 2.8360354610937737 87 34 195
14.498737445969152 2.494145830403377 2.8360354610937737 87 34 195
15.1038856804191 2.193507080890769 2.4703563830674526 87 34 195
15.041904331473727 2.3425328628807747 2.592045127981685 87 34 195
15.041904331473727 2.3425328628807747 2.592045127981685 87 34 195
15.4441015510676 2.261366420494024 2.550896617744532 87 34 195
13.530772906129458 2.5563639863733187 2.634360983997384 87 34 195
13.8389634034113 2.6105254958093393 2.756827234386003 87 34 195
13.8389634034113 2.6105254958093393 2.756827234386003 87 34 195
14.063367124676715 2.460409508178367 2.7191654546290684 87 34 195
15.81962533231446 3.0269841423690558 2.7854908199568413 87 34 195
15.811361701394503 -3.0742893220775858 2.786898582660151 87 34 195
14.877663189403263 -3.0742893220775858 2.7635525072553335 87 34 195
15.811361701394503 -3.0742893220775858 2.786898582660151 87 34 195
14.935979217140213 -2.8966862397046076 2.753839878183849 87 34 195
15.060613811274884 -2.7334360497944914 2.7340559361274304 87 34 195
15.866246312529134 -2.8966862397046076 2.7776731635970506 87 34 195
15.641292741087803 2.463799355117571 2.2501397697919687 87 34 195
15.494682316071485 2.2747438235279 2.439207888700361 87 34 195
15.727253989765563 2.4087986928472325 2.330121602328282 87 34 195
14.860139449333433 2.555381345275157 2.3870770671949613 87 34 195
15.267125834816332 2.477910423640317 2.3591315355234324 87 34 195
15.267125834816332 2.477910423640317 2.3591315355234324 87 34 195
14.745537738617008 2.2747438235279 2.3953812954672804 87 34 195
13.965659055914841 2.6308101008746845 2.580874903967697 87 34 195
14.258366655004238 2.521046693034594 2.5489872373792166 87 34 195
14.258366655004238 2.521046693034594 2.5489872373792166 87 34 195
13.965659055914841 2.6308101008746845 2.580874903967697 87 34 195
13.650756514562314 2.689646465207712 2.486766357230696 87 34 195
14.456744111136 2.689646465207712 2.528905981219499 87 34 195
13.739659605083952 2.755890605704634 2.607642871661816 87 34 195
15.282802956546114 3.0445527825531857 2.701593735678601 87 34 195
15.779705638333775 -2.9605091893747266 2.6388440420988912 87 34 195
15.331056473826374 -2.9333094209423716 2.6949549082359736 87 34 195
15.805864587910746 -3.1063643848317084 2.416255733995021 87 34 195
15.86353206351414 3.000476917675883 2.32199885368361 87 34 195
15.24435343159961 2.971226415616086 2.4588385078503836 87 34 195
15.86353206351414 3.000476917675883 2.32199885368361 87 34 195
15.860768221271327 -3.011656251520114 2.4123597317643077 87 34 195
15.978190816435065 -2.919229161936748 2.404172609969172 87 34 195
15.860768221271327 -3.011656251520114 2.4123597317643077 87 34 195
16.61981544554242 -3.011656251520114 2.45246104625687 87 34 195
16.61981544554242 -3.011656251520114 2.45246104625687 87 34 195
11.081526841823422 -1.8587544701304708 2.234557409014883 87 34 195
11.081526841823422 -1.8587544701304708 2.234557409014883 87 34 195
10.34705871001675 -1.8952889743999881 2.291369364094823 87 34 195
10.495043605009602 -1.8587544701304708 2.159434135169265 87 34 195
10.304762143894626 -1.7456970529619849 2.171812808266014 87 34 195
10.495043605009602 -1.8587544701304708 2.159434135169265 87 34 195
10.198994567956433 -1.79894657915097 2.4456397726268655 87 34 195
10.851640585401098 -1.7688503779364828 2.376455124160673 87 34 195
14.760224324978685 -2.662040064428465 2.6240443900693085 87 34 195
21.390032511233564 2.8676501397126577 2.2138959614951554 87 34 195
21.094157045477928 3.000180925688998 2.0554146207721833 87 34 195
21.414378921251895 2.93678655611154 2.155916287480676 87 34 195
20.46942005469849 -3.0205527797289586 1.8594645401546717 87 34 195
21.948787702384045 3.107475450760554 2.1398700844769234 87 34 195
21.72378851502552 -3.063411822109425 2.2024318738373414 87 34 195
21.948787702384045 3.107475450760554 2.1398700844769234 87 34 195
17.717398494571228 -2.6412644456522667 2.0923400511029424 87 34 195
20.5383826065229 -2.9094086306674076 1.9617805843448077 87 34 195
21.55190316800614 -2.8966366373053765 2.15169464934384 87 34 195
19.786402672260238 -1.8378756460814714 1.0307992845873954 87 34 195
20.146827064859284 -1.82316204875807 1.0980871241397798 87 34 195
19.786402672260238 -1.8378756460814714 1.0307992845873954 87 34 195
19.765722267229567 -1.9993619617126648 1.1445168382827848 87 34 195
19.602307044806384 -1.8099554784870813 1.3037434441058393 87 34 195
19.204828726330135 -1.8606599932377021 1.5096876413154119 87 34 195
21.109506544510086 -1.8335559698310393 1.609990054234942 87 34 195
19.89298830474633 -1.977385362017755 1.2552847037603871 87 34 195
19.86809203887715 -1.9574440467037937 1.511730070387067 87 34 195
19.479157084214 -1.9098770913444834 1.5619225428688963 87 34 195
20.232478730227367 -2.0032385330689646 1.5622529511887335 87 34 195
8.957240466469289 0.6766021078102306 2.4374908004351896 87 34 195
10.011683999795054 -0.29408848351415556 2.650217164538007 87 34 195
9.344417201424159 -0.4827069595489833 2.5637231528447133 87 34 195
9.937635036401435 0.13860577263865678 2.6643273695729093 87 34 195
9.937635036401435 0.13860577263865678 2.6643273695729093 87 34 195
9.642395674727474 0.4337121063365182 2.7274254939513094 87 34 195
9.60164745971031 -0.3708896411481696 2.7371881251115875 87 34 195
10.528339413960849 -0.3708896411481696 2.774569427869011 87 34 195
9.794398763481142 -0.592298597920593 2.6934294890776647 87 34 195
9.265305283459329 -1.0000666429009777 2.832828801113733 87 34 195
9.187537111318312 -0.1454522984991301 2.8605767089411174 87 34 195
10.445444826240863 -0.10450205052597436 2.7957999851719584 87 34 195
9.092239081532023 -1.2357874672778397 2.6077544600039837 87 34 195
10.20932443472312 -1.6279560241547915 2.1782363309677977 87 34 195
9.569978850197048 -1.1467328401084638 2.7449911148028705 87 34 195
10.76105412893714 -1.6356920152923025 2.385261822037161 87 34 195
10.76105412893714 -1.6356920152923025 2.385261822037161 87 34 195
8.886640585137311 -0.9284147086874639 2.648296847835522 87 34 195
14.864340968559985 2.046676699274264 2.2066285136276753 87 34 195
15.208529183683064 2.162988625531907 2.2733389958786887 87 34 195
15.421318372295858 2.1422575634915595 2.0294133705038235 87 34 195
15.17267182839691 2.183881009854261 2.112820939432237 87 34 195
14.58235451002133 2.162988625531907 2.2209777300363402 87 34 195
13.777535245994786 2.334848480950785 2.7679915757472027 87 34 195
14.498737445969152 2.494145830403377 2.8360354610937737 87 34 195
14.498737445969152 2.494145830403377 2.8360354610937737 87 34 195
15.1038856804191 2.193507080890769 2.4703563830674526 87 34 195
14.194179282711856 2.6939514589467817 2.699108430951549 87 34 195
15.060613811274884 -2.7334360497944914 2.7340559361274304 87 34 195
15.866246312529134 -2.8966862397046076 2.7776731635970506 87 34 195
15.641292741087803 2.463799355117571 2.2501397697919687 87 34 195
14.769132168392458 2.60557931571014 2.2988048074474743 87 34 195
13.965659055914841 2.6308101008746845 2.580874903967697 87 34 195
13.965659055914841 2.6308101008746845 2.580874903967697 87 34 195
13.739659605083952 2.755890605704634 2.607642871661816 87 34 195
15.494682316071485 2.2747438235279 2.439207888700361 87 34 195
15.383487847364242 2.8708746843187574 2.447791690487845 87 34 195
15.452558425142579 2.60557931571014 2.347132835331952 87 34 195
14.745537738617008 2.2747438235279 2.3953812954672804 87 34 195
15.792094944232721 3.0867041692643014 2.326231573477039 87 34 195
15.274248898264492 -3.084652910361652 2.7027848265939025 87 34 195
15.331056473826374 -2.9333094209423716 2.6949549082359736 87 34 195
15.161383114431272 -3.102651471971982 2.465595971661565 87 34 195
15.274248898264492 -3.084652910361652 2.7027848265939025 87 34 195
15.45250483906001 -2.791004358987207 2.678815186015885 87 34 195
21.839609306383597 2.9922071630229006 2.198557381199784 87 34 195
21.606411349075024 2.8826120041073637 2.1500394622439636 87 34 195
22.000242462454946 3.053574462358875 2.1383747390757106 87 34 195
21.848292493396855 -2.9785278084946527 1.8885986872033893 87 34 195
20.773990952468694 -2.8726248478753083 1.8053048626022068 87 34 195
21.55190316800614 -2.8966366373053765 2.15169464934384 87 34 195
20.59095183081792 -2.0487211367326044 1.1090863064097403 87 34 195
18.83640954266038 -1.8378756460814714 1.121995033546829 87 34 195
19.617914154738145 -1.8606599932377021 1.3564526407690312 87 34 195
19.42979291340171 -1.8606599932377021 1.406763446542242 87 34 195
19.602307044806384 -1.8099554784870813 1.3037434441058393 87 34 195
19.171829209255595 -1.8099554784870813 1.4045359030582567 87 34 195
19.834197189205657 -1.9574440467037937 1.5620813912274973 87 34 195
9.344417201424159 -0.4827069595489833 2.5637231528447133 87 34 195
9.319027367593904 0.8007221057795623 2.5679145210041137 87 34 195
9.860891498768437 0.6416582172183447 2.6796029136196164 87 34 195
9.480931629691787 -0.7543708360015643 2.768055166689845 87 34 195
9.265305283459329 -1.0000666429009777 2.832828801113733 87 34 195
9.480931629691787 -0.7543708360015643 2.768055166689845 87 34 195
9.28167287558502 -0.4975614947409605 2.8273472712678522 87 34 195
10.38179900395271 -1.6169487506801241 1.5541460767445179 87 34 195
9.612878066076659 -1.2947359005690375 2.522207746658988 87 34 195
9.612878066076659 -1.2947359005690375 2.522207746658988 87 34 195
9.778889393198474 -0.9284147086874639 2.696739627221242 87 34 195
15.595192183236836 2.011035927685649 2.1724630461672456 87 34 195
14.194179282711856 2.6939514589467817 2.699108430951549 87 34 195
14.063367124676715 2.460409508178367 2.7191654546290684 87 34 195
15.041904331473727 2.3425328628807747 2.592045127981685 87 34 195
14.258366655004238 2.521046693034594 2.5489872373792166 87 34 195
15.84433490825429 2.531188401091597 2.3231309084647247 87 34 195
15.24435343159961 2.971226415616086 2.4588385078503836 87 34 195
10.304762143894626 -1.7456970529619849 2.171812808266014 87 34 195
14.760224324978685 -2.662040064428465 2.6240443900693085 87 34 195
21.8157374595531 2.924733656145391 2.2572722585713683 87 34 195
20.75848138979903 -2.843554709797599 2.063947595939408 87 34 195
21.94044981696477 -2.5648951060994296 1.8872172899484727 87 34 195
20.59095183081792 -2.0487211367326044 1.1090863064097403 87 34 195
20.036455478393286 -1.8937819687027937 1.0382634229188754 87 34 195
20.1300361768228 -1.8464602311196903 1.562209472545124 87 34 195
20.479021093404413 -2.0032385330689646 1.415237909258551 87 34 195
10.05076996648485 0.34616256032243525 2.642999018971615 87 34 195
10.811318249336413 -1.6279560241547915 2.2542588203914367 87 34 195
15.051768080763512 2.011035927685649 2.1176650920562547 87 34 195
15.805864587910746 -3.1063643848317084 2.416255733995021 87 34 195
15.86353206351414 3.000476917675883 2.32199885368361 87 34 195
15.792094944232721 3.0867041692643014 2.326231573477039 87 34 195
14.935979217140213 -2.8966862397046076 2.753839878183849 87 34 195
15.24435343159961 2.971226415616086 2.4588385078503836 87 34 195
14.613774545647587 2.4261251270547852 2.5137814710762894 87 34 195
15.155653469954109 2.9872141590289947 2.3665578405988024 87 34 195
10.851640585401098 -1.7688503779364828 2.376455124160673 87 34 195
10.901487041557393 -1.7456970529619849 2.2475410154441215 87 34 195
19.4874607451669 -2.5799450249741294 1.6132542444202207 87 34 195
20.5383826065229 -2.9094086306674076 1.9617805843448077 87 34 195
20.648732615318696 -1.969739925805235 0.9403312132654141 87 34 195
20.13200557387131 -1.7980396572052326 1.412534131557518 87 34 195
14.769132168392458 2.60557931571014 2.2988048074474743 87 34 195
14.456744111136 2.689646465207712 2.528905981219499 87 34 195
15.50170081720055 3.0016983726817825 2.8455047063279046 87 34 195
13.650756514562314 2.689646465207712 2.486766357230696 87 34 195
16.651138075075202 -2.9380458895973813 2.360707423008651 87 34 195
21.19603981948393 2.924733656145391 2.220772223605964 87 34 195
21.317694559049265 2.8299477408546494 2.1035355981460095 87 34 195
19.16976116916106 -1.8606599932377021 1.5617793180110466 87 34 195
10.011683999795054 -0.29408848351415556 2.650217164538007 87 34 195
9.642395674727474 0.4337121063365182 2.7274254939513094 87 34 195
15.208529183683064 2.162988625531907 2.2733389958786887 87 34 195
21.606411349075024 2.8826120041073637 2.1500394622439636 87 34 195
15.286996762067393 2.214733960250407 2.3578248777148447 87 34 195
14.23665234774888 1.780789277973467 2.152907401011686 87 34 195
14.886445135753714 3.0269841423690558 2.762069838267008 87 34 195
14.877663189403263 -3.0742893220775858 2.7635525072553335 87 34 195
20.008575611386817 -2.024922873093501 1.3092943830694233 87 34 195
