7.70454997800462 104 36 185
7.449523216891101 104 36 185
7.717420362384973 104 36 185
7.423203610766282 104 36 185
7.833078939664694 104 36 185
8.571118722599445 104 36 185
7.283733265300785 104 36 185
8.497952371830259 104 36 185
7.972397251536029 104 36 185
8.03906091473009 104 36 185
8.00210001836389 104 36 185
8.089543189640425 104 36 185
7.2603752259323775 104 36 185
7.079558795185686 104 36 185
7.136831324951415 104 36 185
7.7304960585356275 104 36 185
8.750901868518985 104 36 185
9.14471456099923 104 36 185
9.11507713454467 104 36 185
8.514207859916121 104 36 185
9.302873638572482 104 36 185
9.633100838430574 104 36 185
8.934609995790916 104 36 185
8.055720838716343 104 36 185
8.158119659125633 104 36 185
8.428102319935949 104 36 185
8.501311984502431 104 36 185
12.375023281840855 104 36 185
8.981937887077374 104 36 185
8.591405113027918 104 36 185
8.962063906958722 104 36 185
9.089746187541575 104 36 185
8.04459273197469 104 36 185
7.8049294422227575 104 36 185
9.15283844227612 104 36 185
8.45122897893115 104 36 185
7.6035988562279915 104 36 185
8.57747049984271 104 36 185
8.503040197260338 104 36 185
8.528567068056994 104 36 185
8.578025748930397 104 36 185
8.91166835197001 104 36 185
9.418154312663603 104 36 185
8.781397185755209 104 36 185
8.857113346289468 104 36 185
8.464875059174929 104 36 185
9.552109918263938 104 36 185
9.067093242990342 104 36 185
8.43444721783014 104 36 185
8.855992054212757 104 36 185
8.661494729613423 104 36 185
8.43444721783014 104 36 185
8.679077556551473 104 36 185
8.632043709708537 104 36 185
8.333354435752565 104 36 185
6.8417192302494545 104 36 185
8.57956336452877 104 36 185
7.00813943262258 104 36 185
8.3552593556813 104 36 185
7.834799870538599 104 36 185
8.211931043596325 104 36 185
7.834799870538599 104 36 185
8.367306034527214 104 36 185
8.321407244415495 104 36 185
7.648738060570696 104 36 185
7.571813954265008 104 36 185
7.413423699405793 104 36 185
7.6585869888248395 104 36 185
8.390131737560637 104 36 185
8.026776199124061 104 36 185
8.110765562546705 104 36 185
7.779182745084225 104 36 185
6.994571135509969 104 36 185
7.108627227362765 104 36 185
9.919363371057502 104 36 185
9.79043392570651 104 36 185
15.680037115794951 104 36 185
15.635103441920327 104 36 185
15.681686338085473 104 36 185
14.637452246371744 104 36 185
9.022747396146846 104 36 185
15.742040576091714 104 36 185
15.520488189735168 104 36 185
7.2967268230950335 104 36 185
8.316167325687678 104 36 185
7.37965674721139 104 36 185
7.622354699812354 104 36 185
8.166589671129136 104 36 185
7.037560447175526 104 36 185
7.5082172692734455 104 36 185
8.1231390376878 104 36 185
8.6883562264775 104 36 185
7.723060660573037 104 36 185
7.5363181247096245 104 36 185
8.79125034016406 104 36 185
8.228865981908157 104 36 185
9.05614118655942 104 36 185
7.642681201111666 104 36 185
7.3899950823096825 104 36 185
8.208017348966576 104 36 185
7.804739515802128 104 36 185
8.874308599013974 104 36 185
8.999423873919445 104 36 185
9.568056237925791 104 36 185
8.528567068056994 104 36 185
8.680392473035273 104 36 185
8.561398307566355 104 36 185
8.129539611325349 104 36 185
8.145493133253673 104 36 185
6.853885600380165 104 36 185
7.444388127213271 104 36 185
8.047876559875663 104 36 185
7.5394241012122 104 36 185
6.982649896148011 104 36 185
8.579882670407722 104 36 185
14.637452246371744 104 36 185
15.680037115794951 104 36 185
9.464647962854217 104 36 185
9.642959368052884 104 36 185
7.5757832689937645 104 36 185
6.916293661905642 104 36 185
7.678946688801636 104 36 185
7.371666410925426 104 36 185
8.088315489168203 104 36 185
9.113629869160134 104 36 185
8.629817891043837 104 36 185
8.877389270076824 104 36 185
8.358466621908088 104 36 185
9.408351404927192 104 36 185
8.591405113027918 104 36 185
9.469477633091957 104 36 185
9.89827777571145 104 36 185
8.053067767319193 104 36 185
8.597632401974225 104 36 185
8.561398307566355 104 36 185
7.7965219736577565 104 36 185
6.857657783564877 104 36 185
7.413423699405793 104 36 185
6.944615523993311 104 36 185
9.119002971094371 104 36 185
7.787767757453539 104 36 185
8.515516475740291 104 36 185
7.8869002269576844 104 36 185
8.452467958658891 104 36 185
7.616834443597108 104 36 185
8.256840887176796 104 36 185
8.962063906958722 104 36 185
8.47051901794638 104 36 185
9.539734112576637 104 36 185
8.00210001836389 104 36 185
7.711720757521194 104 36 185
8.094588284488138 104 36 185
9.156183679756424 104 36 185
8.241097422245472 104 36 185
8.411680435403367 104 36 185
9.06330847690316 104 36 185
8.87870808961383 104 36 185
7.616082228009487 104 36 185
15.742040576091714 104 36 185
8.158119659125633 104 36 185
8.1070223183428 104 36 185
