9.099577017760996 239 255 8
8.951755645600516 239 255 8
9.86917612860761 239 255 8
7.488977761962179 239 255 8
7.1907284949685835 239 255 8
7.353888061991007 239 255 8
8.554261817486347 239 255 8
8.998800081019741 239 255 8
7.51384596988152 239 255 8
7.9269220312751685 239 255 8
8.093482912414101 239 255 8
8.441464769175608 239 255 8
7.577024275048251 239 255 8
8.576041545027957 239 255 8
7.818000750310655 239 255 8
8.372608053481688 239 255 8
8.211710714193664 239 255 8
8.170913051182202 239 255 8
8.900116231212925 239 255 8
9.267170101639612 239 255 8
8.633869130666527 239 255 8
8.43842109865522 239 255 8
7.524018253203683 239 255 8
7.568303867985587 239 255 8
8.038405872149799 239 255 8
8.443005491472558 239 255 8
9.024262360130782 239 255 8
8.516958252486987 239 255 8
8.999676693983139 239 255 8
9.275540237624297 239 255 8
9.020381030542113 239 255 8
8.143751564342425 239 255 8
9.742787475681036 239 255 8
9.500186052528859 239 255 8
9.322917435299804 239 255 8
8.895042599081501 239 255 8
8.628638946893721 239 255 8
9.665652537263382 239 255 8
8.511656230427835 239 255 8
8.81590145105926 239 255 8
8.433069699024454 239 255 8
9.07681062699956 239 255 8
8.70143666895982 239 255 8
9.712032343488827 239 255 8
9.362435552640653 239 255 8
8.96205634606829 239 255 8
8.998983743893314 239 255 8
9.600169214291938 239 255 8
8.998983743893314 239 255 8
8.663241058123994 239 255 8
7.4076588098765574 239 255 8
7.67713019044101 239 255 8
6.973532357312121 239 255 8
7.021290928461983 239 255 8
6.65747543112083 239 255 8
8.865007963989624 239 255 8
8.823552262016529 239 255 8
8.823552262016529 239 255 8
8.3576286247755 239 255 8
9.017852176802517 239 255 8
8.43691788901868 239 255 8
8.44106750798456 239 255 8
8.823552262016529 239 255 8
6.023357389839073 239 255 8
6.633904310630779 239 255 8
9.011205931913851 239 255 8
8.761204357798615 239 255 8
9.642552863407735 239 255 8
8.710350458562662 239 255 8
8.425196971850742 239 255 8
9.46810239148317 239 255 8
8.89081702321531 239 255 8
8.705166225946384 239 255 8
7.300233421694977 239 255 8
8.67447418484155 239 255 8
8.935593877230357 239 255 8
10.204577695652747 239 255 8
10.902600498398352 239 255 8
7.262784754618386 239 255 8
8.376922968319718 239 255 8
8.028885324251116 239 255 8
8.751568698559684 239 255 8
8.15185641239065 239 255 8
10.148494716192962 239 255 8
11.08317373307539 239 255 8
8.143751564342425 239 255 8
8.170913051182202 239 255 8
8.516958252486987 239 255 8
8.646903398376196 239 255 8
9.628292655679447 239 255 8
9.109710572445554 239 255 8
8.62457957627744 239 255 8
9.362435552640653 239 255 8
8.895042599081501 239 255 8
9.631281560537666 239 255 8
8.924689416807709 239 255 8
8.433069699024454 239 255 8
9.742787475681036 239 255 8
9.358694474607047 239 255 8
8.70143666895982 239 255 8
9.460173158003784 239 255 8
9.495163540043347 239 255 8
7.021290928461983 239 255 8
8.480263860700672 239 255 8
8.39751921660738 239 255 8
6.583724776283743 239 255 8
8.215351086847834 239 255 8
7.827777791129192 239 255 8
8.451453991043957 239 255 8
8.735878390342869 239 255 8
9.006194882287092 239 255 8
9.182229340374413 239 255 8
9.006194882287092 239 255 8
11.20504724135461 239 255 8
10.12480210065483 239 255 8
7.79443138931811 239 255 8
8.951755645600516 239 255 8
9.352575830528588 239 255 8
7.921043119504342 239 255 8
9.024262360130782 239 255 8
8.87124011469313 239 255 8
8.22510284301092 239 255 8
8.900116231212925 239 255 8
7.568303867985587 239 255 8
7.742583302864037 239 255 8
8.516958252486987 239 255 8
9.495163540043347 239 255 8
10.079200392883884 239 255 8
7.068364787902203 239 255 8
7.589907820560419 239 255 8
7.589907820560419 239 255 8
8.865007963989624 239 255 8
8.597673722465633 239 255 8
6.783347602288697 239 255 8
8.705166225946384 239 255 8
8.881447844716655 239 255 8
7.577024275048251 239 255 8
8.823552262016529 239 255 8
7.4076588098765574 239 255 8
8.516958252486987 239 255 8
8.43691788901868 239 255 8
9.07681062699956 239 255 8
6.532768109020021 239 255 8
8.710350458562662 239 255 8
9.847669274096583 239 255 8
8.632103492337198 239 255 8
10.204577695652747 239 255 8
7.558191187230457 239 255 8
8.47793155208586 239 255 8
7.61199565888728 239 255 8
8.554922662240356 239 255 8
8.251996566065465 239 255 8
7.968647775041187 239 255 8
8.988725360766894 239 255 8
10.003449915959077 239 255 8
7.818000750310655 239 255 8
9.185763690443586 239 255 8
9.544237163596502 239 255 8
