7.773031667852236 212 216 41
8.683317440827768 212 216 41
9.09353226340323 212 216 41
8.65690615203859 212 216 41
7.4015207290395715 212 216 41
7.2221677246832785 212 216 41
7.510619264954454 212 216 41
7.993709525463131 212 216 41
7.68289622596103 212 216 41
8.307923003718912 212 216 41
8.72604018406767 212 216 41
8.8657630775328 212 216 41
9.335432859730478 212 216 41
8.587620854398121 212 216 41
10.036457392414794 212 216 41
7.858278546988384 212 216 41
9.50375014756324 212 216 41
8.54315409392632 212 216 41
8.850230316238818 212 216 41
8.446183861155536 212 216 41
8.220851971233152 212 216 41
8.536358977757168 212 216 41
8.220851971233152 212 216 41
8.274068798039215 212 216 41
8.446183861155536 212 216 41
9.313204967835826 212 216 41
10.416888924726848 212 216 41
10.168056953609916 212 216 41
10.2457240986785 212 216 41
10.09220836328697 212 216 41
10.492714375436092 212 216 41
9.326316104947638 212 216 41
9.068406837579634 212 216 41
8.601838016108957 212 216 41
8.601838016108957 212 216 41
9.068406837579634 212 216 41
8.77205706249416 212 216 41
9.830829705284815 212 216 41
9.343951396468848 212 216 41
10.116657059727356 212 216 41
10.826783807887045 212 216 41
10.00909212956729 212 216 41
9.929574269009699 212 216 41
10.116657059727356 212 216 41
9.452946378251752 212 216 41
9.14373503168979 212 216 41
9.653671344319601 212 216 41
9.452946378251752 212 216 41
6.700783185015938 212 216 41
6.339362172711047 212 216 41
6.35334575874352 212 216 41
6.972043290645005 212 216 41
5.925714102881497 212 216 41
5.732747380570728 212 216 41
5.3581888068454395 212 216 41
6.037812717117951 212 216 41
9.973281799763472 212 216 41
9.973281799763472 212 216 41
9.937472884073733 212 216 41
8.582655046280625 212 216 41
8.549148069546549 212 216 41
8.582655046280625 212 216 41
9.447086732841644 212 216 41
10.057960898917335 212 216 41
9.993776062126997 212 216 41
7.805665743050385 212 216 41
7.805665743050385 212 216 41
8.91611702690587 212 216 41
8.98800090685844 212 216 41
8.66220845981764 212 216 41
8.560581201120891 212 216 41
9.282028229841695 212 216 41
8.66220845981764 212 216 41
9.987068045926417 212 216 41
8.91611702690587 212 216 41
8.91611702690587 212 216 41
19.084358150204125 212 216 41
18.956271480612134 212 216 41
17.912475194591778 212 216 41
18.99860383485357 212 216 41
19.13293339590024 212 216 41
18.969718980846658 212 216 41
18.79070337552644 212 216 41
18.730745800618102 212 216 41
18.079621039899006 212 216 41
17.432253738260474 212 216 41
17.596413705509658 212 216 41
17.58946815509111 212 216 41
19.067922788865896 212 216 41
17.992920677448467 212 216 41
18.06551098587399 212 216 41
18.871068760015987 212 216 41
10.127450724739541 212 216 41
10.127450724739541 212 216 41
10.076107175763276 212 216 41
9.899051634051245 212 216 41
8.350404624229302 212 216 41
7.204860272330666 212 216 41
7.2221677246832785 212 216 41
8.72604018406767 212 216 41
7.716016082442495 212 216 41
7.773031667852236 212 216 41
7.68289622596103 212 216 41
7.795973275944325 212 216 41
9.288299055089551 212 216 41
9.1603524356249 212 216 41
8.274068798039215 212 216 41
8.220851971233152 212 216 41
8.753572943698568 212 216 41
9.313204967835826 212 216 41
8.220851971233152 212 216 41
9.779523368319293 212 216 41
10.137123357725553 212 216 41
10.168056953609916 212 216 41
10.09220836328697 212 216 41
10.2457240986785 212 216 41
8.781446914581855 212 216 41
8.475068875791615 212 216 41
8.781446914581855 212 216 41
9.068406837579634 212 216 41
9.068406837579634 212 216 41
10.557885333833346 212 216 41
9.042826722641355 212 216 41
9.343951396468848 212 216 41
9.653671344319601 212 216 41
6.3037203370735195 212 216 41
5.925714102881497 212 216 41
6.700783185015938 212 216 41
10.057960898917335 212 216 41
8.118599801880519 212 216 41
8.407063850868637 212 216 41
8.50734683548513 212 216 41
8.200777860727419 212 216 41
8.66220845981764 212 216 41
9.282028229841695 212 216 41
9.9815416977268 212 216 41
9.21243890592338 212 216 41
9.993776062126997 212 216 41
18.969718980846658 212 216 41
17.992478015978218 212 216 41
19.084358150204125 212 216 41
17.58946815509111 212 216 41
18.02776617526902 212 216 41
19.20190568468551 212 216 41
18.06551098587399 212 216 41
17.67108364873876 212 216 41
17.902688983894063 212 216 41
12.764027224617688 212 216 41
12.764027224617688 212 216 41
9.470626200174607 212 216 41
12.764027224617688 212 216 41
10.63547911059274 212 216 41
10.076107175763276 212 216 41
8.009312522128733 212 216 41
8.896944220444452 212 216 41
9.923728527541693 212 216 41
9.042826722641355 212 216 41
9.95715807323411 212 216 41
9.779523368319293 212 216 41
9.1603524356249 212 216 41
8.77205706249416 212 216 41
9.929574269009699 212 216 41
9.343951396468848 212 216 41
10.492714375436092 212 216 41
10.036457392414794 212 216 41
5.058457732507199 212 216 41
10.057960898917335 212 216 41
8.118599801880519 212 216 41
8.244133675334819 212 216 41
9.973281799763472 212 216 41
9.937472884073733 212 216 41
17.999415553153597 212 216 41
18.343346217481802 212 216 41
10.695813824859796 212 216 41
10.09220836328697 212 216 41
9.14373503168979 212 216 41
9.987068045926417 212 216 41
8.50734683548513 212 216 41
9.50375014756324 212 216 41
6.407808542348428 212 216 41
8.733716798702705 212 216 41
10.116657059727356 212 216 41
8.536358977757168 212 216 41
9.295468958542452 212 216 41
8.630509699404154 212 216 41
7.510619264954454 212 216 41
10.080093468391832 212 216 41
18.546383493521827 212 216 41
17.961561515178637 212 216 41
8.22494357900599 212 216 41
10.826783807887045 212 216 41
9.993776062126997 212 216 41
9.288299055089551 212 216 41
17.684907914764217 212 216 41
5.768327543741758 212 216 41
