7.990609055309847 1.3523917386007556 1.1915382649030435 123 58 165
8.456314612187505 1.378183306322242 1.4572199508274275 123 58 165
7.698447430516411 1.3523917386007556 1.8392073630263233 123 58 165
8.280457316320852 1.225290991951558 1.9469285586922276 123 58 165
8.02180433528204 1.3523917386007556 1.9596952661213345 123 58 165
8.095236011500734 1.108796744583099 1.5759383831773037 123 58 165
7.422909735014614 1.3523917386007556 1.576404127000059 123 58 165
9.255961029635925 0.9351826204968559 2.1468153071964085 123 58 165
7.61181167051764 1.318793783289685 2.130538433817641 123 58 165
7.334828451108311 1.4870462784887022 1.4397609352380925 123 58 165
7.320046436555313 1.6247957875620218 1.4394947943018404 123 58 165
8.324219377601368 1.497162974445886 1.4554096540916053 123 58 165
8.279489872438575 1.4870462784887022 1.0723130352739878 123 58 165
7.949839454555944 1.7605365113515208 1.189493510597785 123 58 165
7.878233985639011 1.8895879330210705 1.319582021061022 123 58 165
7.440863609787801 1.7605365113515208 1.4416387698286997 123 58 165
7.8824308572728965 1.4870462784887022 1.9669514516118451 123 58 165
7.981194088102628 1.7605365113515208 1.961781159839773 123 58 165
7.899340386701762 1.8895879330210705 1.832219102835175 123 58 165
7.899340386701762 1.8895879330210705 1.832219102835175 123 58 165
9.350697454793504 1.720185123541461 1.5752479855347465 123 58 165
7.553109575966904 1.4870462784887022 1.8445037568508895 123 58 165
7.331410760527345 1.6247957875620218 1.7133558686997108 123 58 165
7.7017093292237755 1.8895879330210705 1.7064581444366171 123 58 165
8.001027813029133 2.0085565858900423 1.5759989289252758 123 58 165
8.001027813029133 2.0085565858900423 1.5759989289252758 123 58 165
7.450263066476576 1.6334195667516311 2.1441839326388266 123 58 165
7.464787226275559 1.4737170058614666 2.1429279962392638 123 58 165
7.904011738225581 2.1835783455425926 1.832060984012356 123 58 165
8.639438955410112 2.1835783455425926 2.057608935237626 123 58 165
8.036769980087147 1.6334195667516311 2.2489032963475775 123 58 165
7.085657290097945 1.7900118955396662 2.0144753567820017 123 58 165
7.731318263077427 2.0682318175734435 1.975140839807569 123 58 165
7.706500477186955 2.1835783455425926 1.706373282436871 123 58 165
7.408111992925186 1.8300867182908642 2.319315861055092 123 58 165
7.408111992925186 1.8300867182908642 2.319315861055092 123 58 165
9.150035924376624 2.1835783455425926 2.154352667594673 123 58 165
8.37594260755805 1.9364632736004732 2.216696402690432 123 58 165
8.146965271741875 1.7900118955396662 2.2380548703147896 123 58 165
9.409539731644802 1.046967174838607 2.26799755567078 123 58 165
8.777614603191232 0.9683312841538594 2.3299383495339896 123 58 165
9.114286393765251 1.4285122388693365 2.651544073130778 123 58 165
8.789951978243895 1.6453152274568459 2.499926259942416 123 58 165
8.121783994471103 1.8300867182908642 2.4096525056191185 123 58 165
8.802265864747303 1.4553641973818554 2.498056191998765 123 58 165
9.160411644758065 1.109425701314796 2.4476054929878632 123 58 165
9.233804562368524 0.8500628526068843 2.2840454414682076 123 58 165
9.409539731644802 1.046967174838607 2.26799755567078 123 58 165
9.836466160937267 0.9351826204968559 2.2321769639042675 123 58 165
8.794317764174261 2.282880216689979 1.9239543377799564 123 58 165
8.539927227509015 2.369845062198124 2.0637867674108725 123 58 165
7.020111333722077 -1.3370071072804106 1.7197236506440965 123 58 165
5.868075214463047 -1.2445462706562294 2.115698606329583 123 58 165
6.314831897543268 -1.4101290873464658 2.495393882144458 123 58 165
6.29765617673497 -1.6747710321864606 2.499018662449719 123 58 165
7.08156667109167 -1.4809653472727629 1.863248826104943 123 58 165
6.251743878950651 -1.653009339274566 2.2737576118842466 123 58 165
8.817506610838182 0.06819741733340993 2.718946623568284 123 58 165
8.817506610838182 0.06819741733340993 2.718946623568284 123 58 165
8.204581993279819 0.15205825255784833 2.941954559616935 123 58 165
7.133479574115614 -0.8124765371699285 2.580998865175185 123 58 165
7.5758571129000645 -0.9635051100635573 2.493910106942053 123 58 165
7.0926537166533565 -2.0501535564943407 3.021566881948887 123 58 165
8.068366446226252 0.384940090581461 3.0601547237944224 123 58 165
8.054930697202046 2.579958202518845 3.0841086813941994 123 58 165
7.2821319322690305 -1.2368801471992534 2.8838708096532 123 58 165
6.667328826944199 -1.3533678976857246 2.7048963398006327 123 58 165
7.267242730576053 -1.7905573943796682 2.8917619158597394 123 58 165
6.651063457278039 -1.7120964217147918 2.7101655809570713 123 58 165
6.651063457278039 -1.7120964217147918 2.7101655809570713 123 58 165
7.267242730576053 -1.7905573943796682 2.8917619158597394 123 58 165
8.333020007710859 -2.9716640383558923 2.577411778415946 123 58 165
8.333020007710859 -2.9716640383558923 2.577411778415946 123 58 165
8.302538303925834 3.085531794833006 2.5832405445755993 123 58 165
8.302538303925834 3.085531794833006 2.5832405445755993 123 58 165
8.731095166996088 3.069054242685867 2.741520538216777 123 58 165
8.731095166996088 3.069054242685867 2.741520538216777 123 58 165
8.39336948960334 3.0389064823652863 2.85106442213729 123 58 165
8.760085785875402 -2.922970869643923 2.733765674476221 123 58 165
8.28673707464397 -2.4596677466172876 2.586300618729757 123 58 165
8.48211663499526 -2.7617016587359977 2.5502146230351403 123 58 165
8.902032528397664 -2.6644287488696 2.6983067364168467 123 58 165
7.676788718463257 1.3523917386007556 1.3128418054324227 123 58 165
8.02180433528204 1.3523917386007556 1.9596952661213345 123 58 165
7.9676044966028865 1.225290991951558 1.8299275508387627 123 58 165
7.698447430516411 1.3523917386007556 1.8392073630263233 123 58 165
7.701702247427937 1.225290991951558 1.5762011292513056 123 58 165
8.484854018747011 1.6182580941997038 1.3378880811291083 123 58 165
8.417800846938025 1.73798261592824 1.4566980459748153 123 58 165
8.497610034198388 1.497162974445886 1.3382441538157792 123 58 165
7.878233985639011 1.8895879330210705 1.319582021061022 123 58 165
7.440863609787801 1.7605365113515208 1.4416387698286997 123 58 165
8.279489872438575 1.4870462784887022 1.0723130352739878 123 58 165
8.257296771408653 2.0085565858900423 1.820638599571222 123 58 165
7.45204369053982 1.7605365113515208 1.7110327527585734 123 58 165
7.695690072932561 2.1835783455425926 1.4459383023385 123 58 165
7.347782703568224 1.9364632736004732 1.997587053839885 123 58 165
7.8149320286219615 1.9364632736004732 2.1143340817150937 123 58 165
7.569001994044073 1.7900118955396662 2.134086330223507 123 58 165
8.219285462321695 2.1835783455425926 1.9498695647825208 123 58 165
8.219285462321695 2.1835783455425926 1.9498695647825208 123 58 165
8.146965271741875 1.7900118955396662 2.2380548703147896 123 58 165
9.150035924376624 2.1835783455425926 2.154352667594673 123 58 165
9.836466160937267 0.9351826204968559 2.2321769639042675 123 58 165
8.92729034632331 1.2733391529736464 2.4796103295006637 123 58 165
9.233804562368524 0.8500628526068843 2.2840454414682076 123 58 165
6.392782880259202 -1.8556053741790899 2.2552076173645283 123 58 165
5.676061852088447 -1.443517322605351 2.13633307271317 123 58 165
6.29765617673497 -1.6747710321864606 2.499018662449719 123 58 165
8.177548242091389 -1.3662671637235808 1.823127882441775 123 58 165
7.133479574115614 -0.8124765371699285 2.580998865175185 123 58 165
8.902032528397664 -2.6644287488696 2.6983067364168467 123 58 165
8.760085785875402 -2.922970869643923 2.733765674476221 123 58 165
7.2821319322690305 -1.2368801471992534 2.8838708096532 123 58 165
8.39336948960334 3.0389064823652863 2.85106442213729 123 58 165
7.2821319322690305 -1.2368801471992534 2.8838708096532 123 58 165
8.054930697202046 2.579958202518845 3.0841086813941994 123 58 165
8.255797950659417 2.4111874230104315 2.9133167029991967 123 58 165
7.107908645883012 -0.8916349487939151 3.0049198375610167 123 58 165
7.659209797744163 1.9985181758262807 2.28927958540064 123 58 165
7.422909735014614 1.3523917386007556 1.576404127000059 123 58 165
7.7017093292237755 1.8895879330210705 1.7064581444366171 123 58 165
7.868677630061238 1.6247957875620218 1.9676826317113212 123 58 165
7.836872841068441 1.6247957875620218 1.1837075431941524 123 58 165
7.868677630061238 1.6247957875620218 1.9676826317113212 123 58 165
9.493670000336063 0.9683312841538594 2.406424535963536 123 58 165
8.802265864747303 1.4553641973818554 2.498056191998765 123 58 165
8.121783994471103 1.8300867182908642 2.4096525056191185 123 58 165
8.251682802792166 2.282880216689979 1.575840892140535 123 58 165
8.539927227509015 2.369845062198124 2.0637867674108725 123 58 165
9.485483914120909 -0.7981793416020392 2.131178104986149 123 58 165
6.9736702973590425 -1.774019239974816 1.720722902623279 123 58 165
6.9736702973590425 -1.774019239974816 1.720722902623279 123 58 165
6.392782880259202 -1.8556053741790899 2.2552076173645283 123 58 165
7.08156667109167 -1.4809653472727629 1.863248826104943 123 58 165
8.147074835545212 1.8752642523690206 2.9805263724435207 123 58 165
8.457647087595536 0.09421039834898001 2.8266406480650343 123 58 165
8.48211663499526 -2.7617016587359977 2.5502146230351403 123 58 165
8.760085785875402 -2.922970869643923 2.733765674476221 123 58 165
8.457647087595536 0.09421039834898001 2.8266406480650343 123 58 165
6.667328826944199 -1.3533678976857246 2.7048963398006327 123 58 165
7.450263066476576 1.6334195667516311 2.1441839326388266 123 58 165
7.346169907743622 1.4870462784887022 1.7130675029176041 123 58 165
7.659209797744163 1.9985181758262807 2.28927958540064 123 58 165
7.878233985639011 1.8895879330210705 1.319582021061022 123 58 165
7.331410760527345 1.6247957875620218 1.7133558686997108 123 58 165
8.699018546132372 1.6334195667516311 2.338546240156586 123 58 165
10.654907924374589 0.6137255789964547 2.584106784216405 123 58 165
9.409539731644802 1.046967174838607 2.26799755567078 123 58 165
5.868075214463047 -1.2445462706562294 2.115698606329583 123 58 165
8.333020007710859 -2.9716640383558923 2.577411778415946 123 58 165
8.068366446226252 0.384940090581461 3.0601547237944224 123 58 165
7.292254961341979 -1.1659823621861218 2.547218277764608 123 58 165
7.138652102978188 -1.4101290873464658 2.579845723432223 123 58 165
8.164880890917274 2.9663154266993494 2.967616371959806 123 58 165
7.2821319322690305 -1.2368801471992534 2.8838708096532 123 58 165
6.831537327751557 -1.0421577588712163 2.655945009700519 123 58 165
7.981194088102628 1.7605365113515208 1.961781159839773 123 58 165
7.690892190481059 1.8895879330210705 1.4458600032810651 123 58 165
7.334828451108311 1.4870462784887022 1.4397609352380925 123 58 165
6.9736702973590425 -1.774019239974816 1.720722902623279 123 58 165
8.760085785875402 -2.922970869643923 2.733765674476221 123 58 165
7.464787226275559 1.4737170058614666 2.1429279962392638 123 58 165
8.457647087595536 0.09421039834898001 2.8266406480650343 123 58 165
8.011242339781562 1.6453152274568459 2.425145169843903 123 58 165
