15.619067709660884 27 110 187
11.223890759344068 27 110 187
10.63648784438395 27 110 187
10.688652858324433 27 110 187
10.409202058195655 27 110 187
11.339828983171294 27 110 187
11.166732240460917 27 110 187
9.068777313316994 27 110 187
8.460126900649104 27 110 187
8.171911475924395 27 110 187
11.30523485789609 27 110 187
11.32897834775937 27 110 187
10.942109157475908 27 110 187
11.556918457297247 27 110 187
11.17794107332541 27 110 187
9.38954525107086 27 110 187
10.664894591297049 27 110 187
11.646499328411455 27 110 187
11.18611356009689 27 110 187
9.192238092495865 27 110 187
11.136536598138937 27 110 187
11.425158967340145 27 110 187
11.557832092053843 27 110 187
10.472453813483225 27 110 187
11.803289524720462 27 110 187
10.827698796434314 27 110 187
11.124336890512174 27 110 187
8.581434010701383 27 110 187
9.254237864773268 27 110 187
9.173479627987858 27 110 187
9.51632024208074 27 110 187
10.347539872770998 27 110 187
10.04876513601054 27 110 187
9.668996369117421 27 110 187
9.656565481928801 27 110 187
10.439974239137223 27 110 187
9.381720640077639 27 110 187
9.388667776792584 27 110 187
9.309075821492074 27 110 187
9.134674533100302 27 110 187
9.134674533100302 27 110 187
9.149527581998381 27 110 187
9.61183210955177 27 110 187
9.096014238574996 27 110 187
9.662489143466114 27 110 187
10.742472374991776 27 110 187
11.894695534167617 27 110 187
11.500746411686936 27 110 187
10.434984556776138 27 110 187
12.90981717125782 27 110 187
12.728150521863377 27 110 187
12.969148371316374 27 110 187
13.737758218125368 27 110 187
12.62557719363659 27 110 187
12.945972085652107 27 110 187
13.042622561041492 27 110 187
13.594660976541515 27 110 187
8.44339097483196 27 110 187
9.338203518152952 27 110 187
13.252915126140866 27 110 187
12.880657416792486 27 110 187
13.331487746989193 27 110 187
12.370277351410147 27 110 187
12.741049380198108 27 110 187
13.812997836339935 27 110 187
14.557703007134032 27 110 187
13.60290936182252 27 110 187
13.117269653421351 27 110 187
13.54481992962011 27 110 187
13.89930108954246 27 110 187
13.947305584902548 27 110 187
15.780691768400485 27 110 187
15.75834473832676 27 110 187
14.135703223032827 27 110 187
13.354022451567378 27 110 187
13.590080867767975 27 110 187
14.261665463394705 27 110 187
8.9133600713272 27 110 187
9.10117633126029 27 110 187
9.540971725513272 27 110 187
13.97648244455262 27 110 187
13.826800426046917 27 110 187
13.116882343169191 27 110 187
13.582556094262154 27 110 187
13.723125684501385 27 110 187
13.709988920386262 27 110 187
14.36089733774293 27 110 187
13.69053935133007 27 110 187
14.014172249774452 27 110 187
13.314248616769962 27 110 187
13.837194335684963 27 110 187
9.006349692455348 27 110 187
11.029558941138463 27 110 187
10.578144515916694 27 110 187
9.802294509135942 27 110 187
9.837140528752801 27 110 187
11.43974581276457 27 110 187
9.342410145380843 27 110 187
9.192238092495865 27 110 187
10.617309037557499 27 110 187
11.36097146553959 27 110 187
10.907221693824106 27 110 187
9.714785871235986 27 110 187
9.605046384463003 27 110 187
9.727142355450205 27 110 187
9.701620961962558 27 110 187
10.354608376849795 27 110 187
9.446638026519592 27 110 187
9.067836842436794 27 110 187
9.162646389170336 27 110 187
10.06744618154185 27 110 187
10.946868975953613 27 110 187
11.182600511567639 27 110 187
12.852050008563157 27 110 187
11.76291622271954 27 110 187
13.719117713335873 27 110 187
12.926189818162914 27 110 187
13.737758218125368 27 110 187
13.532477574834122 27 110 187
13.124038081910154 27 110 187
12.884104225602993 27 110 187
13.044215935348445 27 110 187
13.102331914951026 27 110 187
14.15763140045764 27 110 187
13.60290936182252 27 110 187
15.780691768400485 27 110 187
13.965483143603652 27 110 187
13.808487863584855 27 110 187
8.821230481116652 27 110 187
13.917702535921476 27 110 187
13.279312462109043 27 110 187
14.40319361009249 27 110 187
13.822824797226131 27 110 187
14.292903805715156 27 110 187
9.315554605700612 27 110 187
11.131600188417046 27 110 187
9.775080739952626 27 110 187
9.11093031344423 27 110 187
10.778872802981038 27 110 187
8.946988543407475 27 110 187
8.799546968306215 27 110 187
13.947305584902548 27 110 187
9.067836842436794 27 110 187
9.336525192896623 27 110 187
10.798950252319832 27 110 187
16.365012033745828 27 110 187
13.707332012590465 27 110 187
14.143431036733654 27 110 187
12.612947565438958 27 110 187
13.678726721738558 27 110 187
10.902444566043416 27 110 187
9.084831655389866 27 110 187
9.31977145588134 27 110 187
10.737621951106487 27 110 187
9.502849896578692 27 110 187
14.350700842965413 27 110 187
13.818478096321938 27 110 187
12.586625660441175 27 110 187
13.773248738226618 27 110 187
9.662489143466114 27 110 187
13.865472702324105 27 110 187
8.810831839376933 27 110 187
13.41096087348675 27 110 187
16.292735697516797 27 110 187
12.983627119871922 27 110 187
13.24384858949491 27 110 187
8.85575495682922 27 110 187
9.585171176087858 27 110 187
9.015925677296183 27 110 187
13.084203106625719 27 110 187
13.642780057534843 27 110 187
10.742472374991776 27 110 187
10.774038766417481 27 110 187
9.20133351815992 27 110 187
9.215772826972584 27 110 187
9.388667776792584 27 110 187
9.338203518152952 27 110 187
11.746961527681833 27 110 187
