10.159182956139924 204 190 58
10.646921270685313 204 190 58
10.751979536274048 204 190 58
10.646921270685313 204 190 58
10.37811452745117 204 190 58
11.099935001761521 204 190 58
10.830916592780486 204 190 58
10.90689807594469 204 190 58
11.066352733872026 204 190 58
11.45025588565135 204 190 58
10.43132261178795 204 190 58
9.894728674287501 204 190 58
9.803369315222271 204 190 58
9.803369315222271 204 190 58
10.114664815183737 204 190 58
9.90990651454789 204 190 58
10.077777970250624 204 190 58
9.973034223406218 204 190 58
10.897904070361186 204 190 58
10.854019542176683 204 190 58
10.559789232396732 204 190 58
10.897904070361186 204 190 58
9.642000341019122 204 190 58
9.672904004186773 204 190 58
9.83970502989658 204 190 58
10.760028279137716 204 190 58
10.986841955985719 204 190 58
10.902835134376998 204 190 58
9.816433546104532 204 190 58
11.579458591948582 204 190 58
11.013212404761886 204 190 58
10.962849012874752 204 190 58
11.013212404761886 204 190 58
11.928849033719727 204 190 58
12.326763998250083 204 190 58
11.817478621087757 204 190 58
11.231629670774792 204 190 58
11.244206947729728 204 190 58
11.48631732897063 204 190 58
9.878837940856833 204 190 58
12.07894583000316 204 190 58
10.768165700302795 204 190 58
11.390917353589364 204 190 58
11.506417186323171 204 190 58
10.890272304152338 204 190 58
10.348658606802623 204 190 58
10.768165700302795 204 190 58
11.49353412824032 204 190 58
11.49353412824032 204 190 58
10.79501677070539 204 190 58
10.68343952922865 204 190 58
10.403656922982535 204 190 58
10.68343952922865 204 190 58
11.451745367914896 204 190 58
10.064548144503272 204 190 58
11.107731616433574 204 190 58
10.575422945017237 204 190 58
9.831098160613307 204 190 58
11.715244387063404 204 190 58
10.913249600406525 204 190 58
12.07855907623217 204 190 58
10.49541742581265 204 190 58
10.500189719166459 204 190 58
10.791402991796907 204 190 58
9.759527563807262 204 190 58
11.25197919980424 204 190 58
11.802717246772627 204 190 58
12.361530257443919 204 190 58
10.26113789077576 204 190 58
11.25197919980424 204 190 58
10.525884604723325 204 190 58
9.651062978017842 204 190 58
11.261034293627084 204 190 58
12.04206326819119 204 190 58
11.179088118618738 204 190 58
11.42220848357036 204 190 58
10.603186787512039 204 190 58
11.579240050934033 204 190 58
10.815578317291186 204 190 58
11.427170578596167 204 190 58
10.862012987210715 204 190 58
10.767338999164275 204 190 58
11.597120928473874 204 190 58
12.249254946301612 204 190 58
11.087716525334798 204 190 58
11.087716525334798 204 190 58
10.59683063169231 204 190 58
11.07043701611641 204 190 58
12.328494902236349 204 190 58
12.376816600017426 204 190 58
12.363460976486795 204 190 58
11.597120928473874 204 190 58
10.442762078557708 204 190 58
11.974957554416825 204 190 58
11.307014438844448 204 190 58
11.48461198872853 204 190 58
11.189245463265623 204 190 58
11.202895462871139 204 190 58
11.681768767506206 204 190 58
11.45025588565135 204 190 58
10.830916592780486 204 190 58
11.075383331079685 204 190 58
10.90689807594469 204 190 58
9.798257637672345 204 190 58
10.649363898196212 204 190 58
10.897904070361186 204 190 58
10.854019542176683 204 190 58
10.897904070361186 204 190 58
11.611575982117968 204 190 58
10.760028279137716 204 190 58
9.593059014992106 204 190 58
9.613703145523408 204 190 58
9.119680091378596 204 190 58
12.326763998250083 204 190 58
11.157859725868144 204 190 58
11.244206947729728 204 190 58
11.506417186323171 204 190 58
11.191187120587227 204 190 58
11.038713482681777 204 190 58
11.94545713543025 204 190 58
12.326763998250083 204 190 58
11.749438619142259 204 190 58
10.758223518293338 204 190 58
11.046976191621313 204 190 58
12.052231911755632 204 190 58
9.83619277159875 204 190 58
11.515307757034142 204 190 58
10.500189719166459 204 190 58
10.158490643623546 204 190 58
11.01557381003979 204 190 58
10.599725531112876 204 190 58
11.488581490934573 204 190 58
11.29410844839256 204 190 58
10.411851013146173 204 190 58
10.411851013146173 204 190 58
11.189456519904212 204 190 58
10.950693236300493 204 190 58
11.09163970515043 204 190 58
11.667530173184968 204 190 58
10.59683063169231 204 190 58
11.022096988902417 204 190 58
11.482327827867493 204 190 58
11.022096988902417 204 190 58
11.961830627208771 204 190 58
11.972766941900177 204 190 58
11.177753840544126 204 190 58
11.036127732824134 204 190 58
11.914225644861437 204 190 58
11.974957554416825 204 190 58
10.751979536274048 204 190 58
10.564532447253834 204 190 58
10.728876974776382 204 190 58
10.564532447253834 204 190 58
9.90990651454789 204 190 58
9.85496761357862 204 190 58
10.791402991796907 204 190 58
11.21103716778811 204 190 58
11.791618836068402 204 190 58
12.310670321449967 204 190 58
11.715244387063404 204 190 58
12.07894583000316 204 190 58
11.46545631222827 204 190 58
10.913249600406525 204 190 58
10.403656922982535 204 190 58
11.747388201663716 204 190 58
10.635024213154841 204 190 58
11.25197919980424 204 190 58
10.754204029168273 204 190 58
10.928809862988809 204 190 58
11.036127732824134 204 190 58
11.261034293627084 204 190 58
11.332215565843091 204 190 58
11.1568502303419 204 190 58
11.32261118088324 204 190 58
9.975815433828394 204 190 58
10.114664815183737 204 190 58
9.83619277159875 204 190 58
11.427185365793902 204 190 58
9.973034223406218 204 190 58
12.07855907623217 204 190 58
10.585536818962689 204 190 58
12.271458261040832 204 190 58
10.68343952922865 204 190 58
11.54553642035083 204 190 58
11.618312904961401 204 190 58
11.53419502794276 204 190 58
11.48631732897063 204 190 58
12.387577189067741 204 190 58
