4.611735585763152 1.7863964758620514 1.0954225580333967 112 123 138
5.887581223544717 1.3501364395914042 2.0837491441596745 112 123 138
5.973018383645067 1.0834587641664482 2.2798977560458544 112 123 138
6.399308526352305 1.7442855761073703 2.2240527150736735 112 123 138
6.399308526352305 1.7442855761073703 2.2240527150736735 112 123 138
5.887581223544717 1.3501364395914042 2.0837491441596745 112 123 138
5.973018383645067 1.0834587641664482 2.2798977560458544 112 123 138
5.206365298071324 1.3501364395914042 1.7424565970208055 112 123 138
5.351574661208097 1.5462705675600823 1.9316193321212483 112 123 138
5.008191121314118 1.5462705675600823 1.5486993777628766 112 123 138
5.421602767500614 1.7442855761073703 1.9267498407897707 112 123 138
4.90127843802818 2.009061649046792 1.1256012857206106 112 123 138
6.076749814341016 1.9295957393501355 2.0663003390561943 112 123 138
5.669938428471342 1.9295957393501355 1.9105142238243031 112 123 138
6.924377210127719 2.5893280022879486 2.1672216098201464 112 123 138
6.381137106900048 1.7863964758620514 2.4437312832731166 112 123 138
6.321747034085669 1.5401509401925868 2.4550095147929536 112 123 138
6.321747034085669 1.5401509401925868 2.4550095147929536 112 123 138
6.667505915617881 1.0834587641664482 2.3939727706836003 112 123 138
5.695066673108157 0.7569858487979889 2.6031777671098526 112 123 138
6.119208263572447 0.955848216720288 2.4964527765738187 112 123 138
5.887990644968396 0.31149439324537254 2.550608080439015 112 123 138
6.119208263572447 0.955848216720288 2.4964527765738187 112 123 138
5.330284578471866 0.002573347134529752 2.7319826637681497 112 123 138
5.8015091548156015 0.0017492946696857341 2.573206811425384 112 123 138
6.03861086799074 2.2881783835918115 2.9187861069448005 112 123 138
5.4026113709236 1.0604111503935822 2.702167333652933 112 123 138
6.321937689401128 1.0604111503935822 2.7695107969112445 112 123 138
5.805857853515757 1.8547803363485087 2.5720351495488796 112 123 138
5.8480026493717565 1.213269228769543 2.5608777108055403 112 123 138
5.286079344780849 1.5096461951678009 2.75169247363893 112 123 138
6.669832976819442 1.8547803363485087 2.6529740127459025 112 123 138
5.975817601042565 1.4492777379043142 2.971265038659959 112 123 138
6.282972749968122 1.9831325541571998 2.785740080174538 112 123 138
6.03861086799074 2.2881783835918115 2.9187861069448005 112 123 138
6.079142273943288 0.7303265912269616 2.891052534150246 112 123 138
5.065992890631229 -2.2935945590283335 2.8767370310451503 112 123 138
5.995418703061384 0.004865246836185531 2.953203857185622 112 123 138
5.065992890631229 -2.2935945590283335 2.8767370310451503 112 123 138
5.890625657695794 0.0444596226300844 3.1207259792530038 112 123 138
5.890625657695794 0.0444596226300844 3.1207259792530038 112 123 138
8.1093077967698 2.339926059147629 2.3836398949343067 112 123 138
6.9446210267536 2.1937134954845128 2.3518773572079157 112 123 138
6.593431275985401 2.009061649046792 2.40617053302851 112 123 138
7.330690432633154 2.664245666956639 2.5037492449481085 112 123 138
7.330690432633154 2.664245666956639 2.5037492449481085 112 123 138
6.498474574154133 2.3231751281414423 2.7051602743921666 112 123 138
6.554413451687478 2.664245666956639 2.4127744469497525 112 123 138
7.330690432633154 2.664245666956639 2.5037492449481085 112 123 138
6.038411266990379 2.1291080975474 2.514448808575434 112 123 138
5.330920106511813 -2.654394353523873 2.7317081665977234 112 123 138
5.330920106511813 -2.654394353523873 2.7317081665977234 112 123 138
7.531645654939804 2.5893280022879486 2.277293411179201 112 123 138
7.531645654939804 2.5893280022879486 2.277293411179201 112 123 138
7.712491301217714 2.9382857101232096 2.43968369359727 112 123 138
7.531645654939804 2.5893280022879486 2.277293411179201 112 123 138
7.2462574486814395 -1.5532433741719607 1.8345784028699859 112 123 138
7.298127994674867 -1.6955588896143343 1.8326593716039503 112 123 138
7.201193391919684 -2.6703607900308115 1.9836568856427512 112 123 138
7.353065645196166 -2.5446449190008513 1.830657443585249 112 123 138
7.388193002990912 -1.8742767878369726 2.125188796173949 112 123 138
8.129836792803124 -2.1449123297983395 2.069632214041436 112 123 138
7.194316277958794 -2.1449123297983395 1.6947308324614245 112 123 138
7.194316277958794 -2.1449123297983395 1.6947308324614245 112 123 138
7.9912199853043235 -2.344310154656804 2.079106844096884 112 123 138
7.232027641446916 -2.344310154656804 1.8351098439200968 112 123 138
7.563055354230123 -1.8557613373628046 2.7163063459745707 112 123 138
6.3742848918484825 -1.7869679824676281 2.4450140769830266 112 123 138
8.241699174749437 -1.082327778686628 2.560590404208303 112 123 138
8.042389601427631 -1.2967857614356366 2.599496108959701 112 123 138
7.117286645330478 -1.5400671754243205 2.5453837493206026 112 123 138
7.117286645330478 -1.5400671754243205 2.5453837493206026 112 123 138
7.771260743891064 -0.9072739303448821 2.430786682897148 112 123 138
6.990433270301344 -1.54621693996947 2.3454008834136544 112 123 138
7.978045420953108 -2.455360944523581 2.2304582830835775 112 123 138
7.237057947447116 -1.9303147583251383 2.312572087941979 112 123 138
7.992737838993531 -2.2309122307925837 2.2290334130274028 112 123 138
7.960155926417608 -1.8742767878369726 2.2322024492382218 112 123 138
6.586799913200156 -2.0101121165361846 2.4072839987048127 112 123 138
8.2106369615702 -2.6703607900308115 2.2086704181846892 112 123 138
6.586799913200156 -2.0101121165361846 2.4072839987048127 112 123 138
8.842694489698275 -2.6703607900308115 2.2996463972322587 112 123 138
7.9009799820356985 -2.8144208539887052 2.238045453170309 112 123 138
7.963174538398817 -2.997974860222602 2.081070116001797 112 123 138
7.721563108836163 -2.859315694282124 1.9543211071921576 112 123 138
8.148694580555654 -2.859315694282124 2.0683718836828366 112 123 138
9.008642993329397 -2.893601269341034 2.0172113261565663 112 123 138
4.932983740905773 2.1937134954845128 1.5483624355606445 112 123 138
6.924377210127719 2.5893280022879486 2.1672216098201464 112 123 138
4.810122287513069 2.009061649046792 1.9744542184728056 112 123 138
5.354066048297857 0.955848216720288 2.383906252236527 112 123 138
5.085338221893118 1.5462705675600823 1.7465840727841553 112 123 138
5.780833666342776 1.5462705675600823 2.0941806736645225 112 123 138
5.845721776821731 1.7442855761073703 2.0877869512258718 112 123 138
5.4193648390949445 1.9295957393501355 1.7356466688449463 112 123 138
5.347039249508187 1.9295957393501355 1.5500998939954262 112 123 138
6.381137106900048 1.7863964758620514 2.4437312832731166 112 123 138
6.321747034085669 1.5401509401925868 2.4550095147929536 112 123 138
6.321747034085669 1.5401509401925868 2.4550095147929536 112 123 138
5.887990644968396 0.31149439324537254 2.550608080439015 112 123 138
5.8480026493717565 1.213269228769543 2.5608777108055403 112 123 138
5.954317412868562 3.135365417162114 2.9937277758032166 112 123 138
5.330284578471866 0.002573347134529752 2.7319826637681497 112 123 138
6.03861086799074 2.2881783835918115 2.9187861069448005 112 123 138
5.116374132469875 0.7303265912269616 2.8425759419784313 112 123 138
6.593431275985401 2.009061649046792 2.40617053302851 112 123 138
7.905279718845185 2.7514768141304615 2.411314076616443 112 123 138
7.646672263771529 3.1404726124784275 2.4499256293740403 112 123 138
7.191297581782269 2.7514768141304615 2.3184187980952844 112 123 138
7.6648514389337885 2.4821822201793706 2.447066611209053 112 123 138
6.262527159949219 2.6498608539882116 2.794630404688718 112 123 138
6.873215925078584 2.1291080975474 2.5999327856559016 112 123 138
7.330690432633154 2.664245666956639 2.5037492449481085 112 123 138
6.498474574154133 2.3231751281414423 2.7051602743921666 112 123 138
7.531645654939804 2.5893280022879486 2.277293411179201 112 123 138
7.703234454664457 -2.0182938893845552 2.100059457266023 112 123 138
7.6711316574545645 -2.5446449190008513 1.9569752526245778 112 123 138
6.9348277333987065 -2.455360944523581 2.0005450626207173 112 123 138
7.146785670584529 -1.5503159763637013 2.146242003546638 112 123 138
7.2964656455920665 -1.8330001116166383 1.6929870191539889 112 123 138
7.107052929005743 -2.5446449190008513 1.555225708303686 112 123 138
7.9009799820356985 -2.8144208539887052 2.238045453170309 112 123 138
7.513014113993343 -1.5298154891523092 2.7312593906392624 112 123 138
7.170090264835257 -1.7869679824676281 2.5346163513499977 112 123 138
7.513014113993343 -1.5298154891523092 2.7312593906392624 112 123 138
7.7366163110697075 -1.5503159763637013 2.254894516795084 112 123 138
8.522809594081329 -2.344310154656804 2.181784826044604 112 123 138
8.042389601427631 -1.2967857614356366 2.599496108959701 112 123 138
6.3742848918484825 -1.7869679824676281 2.4450140769830266 112 123 138
8.148694580555654 -2.859315694282124 2.0683718836828366 112 123 138
5.502638501193797 1.7442855761073703 1.1771355337592813 112 123 138
6.340088674565961 1.5462705675600823 2.2312212747923086 112 123 138
6.437569353977773 1.3501364395914042 2.2195118029920455 112 123 138
6.03861086799074 2.2881783835918115 2.9187861069448005 112 123 138
5.8015091548156015 0.0017492946696857341 2.573206811425384 112 123 138
5.065992890631229 -2.2935945590283335 2.8767370310451503 112 123 138
6.613036120011922 1.52996429555346 2.6693837201641872 112 123 138
6.9446210267536 2.1937134954845128 2.3518773572079157 112 123 138
7.191297581782269 2.7514768141304615 2.3184187980952844 112 123 138
6.282972749968122 1.9831325541571998 2.785740080174538 112 123 138
7.6648514389337885 2.4821822201793706 2.447066611209053 112 123 138
7.5551909525894665 -2.344310154656804 1.9632227704942697 112 123 138
6.981751267395397 -2.344310154656804 1.5549462388335846 112 123 138
8.100922628283714 -2.5446449190008513 2.071577741236319 112 123 138
6.912484937897125 -2.0182938893845552 1.8476425342444163 112 123 138
7.044187853870857 -1.7446574837911974 2.337959833545988 112 123 138
8.953713449110849 -2.730921874965899 2.1484606852196015 112 123 138
8.670634918540545 -2.859315694282124 2.1698931235364247 112 123 138
5.201703278567302 1.7442855761073703 1.3556218387677528 112 123 138
6.079142273943288 0.7303265912269616 2.891052534150246 112 123 138
5.740519157806621 1.52996429555346 2.5900647798064527 112 123 138
6.573619317741537 0.7569858487979889 2.681262184155516 112 123 138
6.593431275985401 2.009061649046792 2.40617053302851 112 123 138
7.484457057178079 -1.8330001116166383 1.8259928586954532 112 123 138
7.2462574486814395 -1.5532433741719607 1.8345784028699859 112 123 138
6.305218166059232 -2.455360944523581 1.553245400467539 112 123 138
7.978045420953108 -2.455360944523581 2.2304582830835775 112 123 138
7.20425873894836 -1.2967857614356366 2.52781973857301 112 123 138
8.555943618325587 -2.8144208539887052 2.3299856008365483 112 123 138
7.735174526697893 -2.730921874965899 1.8175461026768338 112 123 138
7.735174526697893 -2.730921874965899 1.8175461026768338 112 123 138
6.321937689401128 1.0604111503935822 2.7695107969112445 112 123 138
5.845721776821731 1.7442855761073703 2.0877869512258718 112 123 138
5.424284196953651 0.4423479867773836 2.6937430397696094 112 123 138
7.237057947447116 -1.9303147583251383 2.312572087941979 112 123 138
6.321937689401128 1.0604111503935822 2.7695107969112445 112 123 138
7.237057947447116 -1.9303147583251383 2.312572087941979 112 123 138
4.932983740905773 2.1937134954845128 1.5483624355606445 112 123 138
7.6648514389337885 2.4821822201793706 2.447066611209053 112 123 138
6.944306754198783 0.955848216720288 2.583151737776345 112 123 138
5.954317412868562 3.135365417162114 2.9937277758032166 112 123 138
7.170090264835257 -1.7869679824676281 2.5346163513499977 112 123 138
5.954317412868562 3.135365417162114 2.9937277758032166 112 123 138
