8.095639228840897 71 82 179
2.960691247425 71 82 179
6.542970430917453 71 82 179
7.290218462478093 71 82 179
8.833722884402386 71 82 179
7.819626164954452 71 82 179
7.641159664674931 71 82 179
7.965592279587584 71 82 179
7.765217760123202 71 82 179
7.813998404897083 71 82 179
8.790561069567568 71 82 179
6.759575178529717 71 82 179
7.0339507922740205 71 82 179
6.492183428541398 71 82 179
6.31229518763648 71 82 179
6.288218778150916 71 82 179
7.302486053107329 71 82 179
6.34142549617868 71 82 179
6.782203511951132 71 82 179
8.153283705353163 71 82 179
8.585763745838799 71 82 179
10.579801306615119 71 82 179
8.732775859080023 71 82 179
8.585763745838799 71 82 179
8.810680375684385 71 82 179
8.568120904632893 71 82 179
8.223585398805909 71 82 179
8.568120904632893 71 82 179
8.762386108472182 71 82 179
9.195909380746404 71 82 179
8.810680375684385 71 82 179
8.258324719429957 71 82 179
8.258324719429957 71 82 179
8.364089853113844 71 82 179
8.102754095799346 71 82 179
8.396624459002364 71 82 179
8.364089853113844 71 82 179
8.663059825493042 71 82 179
6.727743651782663 71 82 179
7.94026911817574 71 82 179
7.94026911817574 71 82 179
7.7588140395637595 71 82 179
8.117578967620004 71 82 179
7.86738966662786 71 82 179
8.046351139744667 71 82 179
8.046351139744667 71 82 179
7.813267037420338 71 82 179
8.098916287540819 71 82 179
8.413006504391287 71 82 179
7.830916281411053 71 82 179
8.140019070180271 71 82 179
7.97829306273972 71 82 179
8.083921391316956 71 82 179
7.551150552895885 71 82 179
7.397060195681185 71 82 179
7.376525225643989 71 82 179
8.613810513268756 71 82 179
8.083921391316956 71 82 179
7.494793404423658 71 82 179
7.201982577111909 71 82 179
8.309416942663487 71 82 179
8.309416942663487 71 82 179
7.97829306273972 71 82 179
7.459136054033155 71 82 179
8.295347065566473 71 82 179
8.225658715672925 71 82 179
8.277085216140378 71 82 179
8.422824829992217 71 82 179
8.35419993088848 71 82 179
8.422824829992217 71 82 179
8.44992893836286 71 82 179
8.428089479571021 71 82 179
8.77306837719176 71 82 179
8.814686265768506 71 82 179
7.66746583324984 71 82 179
8.408407586762868 71 82 179
8.40976032828998 71 82 179
8.247716031244373 71 82 179
7.637289759202169 71 82 179
7.86020938852519 71 82 179
9.246987813500676 71 82 179
7.682638050946966 71 82 179
9.452663000993436 71 82 179
8.144489631487353 71 82 179
8.74163469574887 71 82 179
7.821853343417317 71 82 179
8.30293500843687 71 82 179
8.896819135476068 71 82 179
8.476327228535778 71 82 179
7.543057236740955 71 82 179
7.543057236740955 71 82 179
10.640812515697565 71 82 179
10.69477501519795 71 82 179
10.155696767593234 71 82 179
10.155696767593234 71 82 179
9.725886777088704 71 82 179
9.863447985192234 71 82 179
10.439551284543981 71 82 179
3.234550591443907 71 82 179
6.542970430917453 71 82 179
8.632149194041745 71 82 179
8.402542107429028 71 82 179
7.210771923182977 71 82 179
8.060433535724243 71 82 179
7.88737120809124 71 82 179
8.676099111283426 71 82 179
7.0448334039774085 71 82 179
7.0339507922740205 71 82 179
6.782203511951132 71 82 179
7.195820931770133 71 82 179
7.302486053107329 71 82 179
9.195909380746404 71 82 179
8.810680375684385 71 82 179
8.732775859080023 71 82 179
8.518451588632967 71 82 179
8.585763745838799 71 82 179
8.376956005436861 71 82 179
9.195909380746404 71 82 179
8.102754095799346 71 82 179
8.046351139744667 71 82 179
6.727743651782663 71 82 179
8.098916287540819 71 82 179
8.86509000808173 71 82 179
6.979773019915987 71 82 179
8.258324719429957 71 82 179
7.813267037420338 71 82 179
7.7588140395637595 71 82 179
7.959349772627424 71 82 179
7.551150552895885 71 82 179
8.140019070180271 71 82 179
7.99728299667641 71 82 179
7.830916281411053 71 82 179
8.309416942663487 71 82 179
8.225658715672925 71 82 179
8.49999867246494 71 82 179
7.6177469171962064 71 82 179
8.431647262961512 71 82 179
8.30293500843687 71 82 179
8.335437390892613 71 82 179
8.483165952029859 71 82 179
8.400602535925636 71 82 179
9.725886777088704 71 82 179
10.69477501519795 71 82 179
9.863447985192234 71 82 179
7.887417603071543 71 82 179
7.432043293641566 71 82 179
6.8155572628946794 71 82 179
6.655949189371201 71 82 179
7.012352573435212 71 82 179
8.098916287540819 71 82 179
8.046351139744667 71 82 179
8.518451588632967 71 82 179
7.7588140395637595 71 82 179
7.959349772627424 71 82 179
9.039694185666685 71 82 179
8.153283705353163 71 82 179
8.364089853113844 71 82 179
8.258324719429957 71 82 179
7.376525225643989 71 82 179
7.830916281411053 71 82 179
7.99728299667641 71 82 179
7.97829306273972 71 82 179
8.083921391316956 71 82 179
8.821304162050287 71 82 179
8.377589982037321 71 82 179
8.727042068936269 71 82 179
7.746439018045883 71 82 179
7.971825168282042 71 82 179
7.971825168282042 71 82 179
8.824703417722114 71 82 179
8.270031833056738 71 82 179
10.8411039224416 71 82 179
7.543057236740955 71 82 179
8.649085352769136 71 82 179
8.117578967620004 71 82 179
8.663059825493042 71 82 179
7.904132040202848 71 82 179
8.660827999764635 71 82 179
8.377589982037321 71 82 179
8.133634790828548 71 82 179
8.476327228535778 71 82 179
9.246987813500676 71 82 179
8.124165747810466 71 82 179
9.863447985192234 71 82 179
7.543057236740955 71 82 179
8.287985047948867 71 82 179
5.979723091243652 71 82 179
7.376525225643989 71 82 179
6.727743651782663 71 82 179
8.928686611035051 71 82 179
8.83844162634785 71 82 179
8.769349867414608 71 82 179
9.999342738591738 71 82 179
9.725886777088704 71 82 179
6.979773019915987 71 82 179
7.881546945452689 71 82 179
8.431647262961512 71 82 179
8.483165952029859 71 82 179
16.273583993296484 71 82 179
7.494793404423658 71 82 179
