14.218128781586623 13 242 128
13.25046889230509 13 242 128
10.57088879900749 13 242 128
10.630839454882638 13 242 128
10.627342394251801 13 242 128
12.824469567037786 13 242 128
11.51882340830399 13 242 128
11.589410167882283 13 242 128
10.6739611121129 13 242 128
11.101583518015795 13 242 128
11.733226903278283 13 242 128
10.414467448440261 13 242 128
8.96073208940731 13 242 128
9.294620225284225 13 242 128
8.213530157371805 13 242 128
7.764423074876678 13 242 128
10.6027979056483 13 242 128
9.98408368605106 13 242 128
9.720350337636566 13 242 128
10.41174306970519 13 242 128
11.45861025131471 13 242 128
11.682049520864279 13 242 128
13.358178120992696 13 242 128
12.468183583026304 13 242 128
12.403215636480326 13 242 128
12.540314905981948 13 242 128
11.673653116701374 13 242 128
11.142479664920799 13 242 128
11.529336684097135 13 242 128
13.814689660424655 13 242 128
11.261898544257058 13 242 128
13.433595726716675 13 242 128
11.413365000152053 13 242 128
11.231078431225614 13 242 128
11.145019689492209 13 242 128
12.227159351091213 13 242 128
11.063541701798135 13 242 128
12.236275955104178 13 242 128
12.301781947832632 13 242 128
11.594988736261376 13 242 128
12.645826993823617 13 242 128
13.483696335303026 13 242 128
13.267746240984097 13 242 128
12.563542462494018 13 242 128
12.961951470046737 13 242 128
13.104000202554012 13 242 128
13.069994109047753 13 242 128
12.91894295836044 13 242 128
12.084764962861469 13 242 128
13.598529022091753 13 242 128
12.654516575584104 13 242 128
10.381210973757465 13 242 128
11.56320243884362 13 242 128
12.147385247040758 13 242 128
14.072310267567264 13 242 128
14.893182763069676 13 242 128
13.353698579032756 13 242 128
8.272783365090671 13 242 128
8.3984635594762 13 242 128
11.68369926360997 13 242 128
11.433294538060256 13 242 128
10.232681636950993 13 242 128
11.341295271701101 13 242 128
11.590480653429507 13 242 128
12.04923239272268 13 242 128
12.613532661810222 13 242 128
12.737490461499338 13 242 128
12.206799771292415 13 242 128
13.049347572326687 13 242 128
11.869701373623304 13 242 128
12.620588211647119 13 242 128
11.624930898666328 13 242 128
10.956550619682853 13 242 128
10.336230317532017 13 242 128
11.119732211112519 13 242 128
11.65961541475892 13 242 128
12.096211695164019 13 242 128
9.757653493198795 13 242 128
11.566901807039747 13 242 128
12.751808444070033 13 242 128
7.8276169130712265 13 242 128
10.384191442844541 13 242 128
10.119668743940926 13 242 128
11.784762259808108 13 242 128
11.348364462162326 13 242 128
10.599972211967522 13 242 128
12.432212745583861 13 242 128
14.446347916071671 13 242 128
12.804526858984664 13 242 128
13.701668719971174 13 242 128
10.438453466292911 13 242 128
12.39349310529949 13 242 128
10.865523803712586 13 242 128
10.345803589803467 13 242 128
13.883469949055371 13 242 128
12.874991921325709 13 242 128
12.38664945197649 13 242 128
11.53451032255666 13 242 128
11.241002899244558 13 242 128
12.15035817148334 13 242 128
13.294751026616302 13 242 128
12.33005471331281 13 242 128
12.357745583119167 13 242 128
12.450011510354356 13 242 128
10.480643226085421 13 242 128
13.972768536381174 13 242 128
12.527108423619879 13 242 128
14.191086740378248 13 242 128
13.084206195435852 13 242 128
12.497608831662948 13 242 128
11.606003601185792 13 242 128
11.695920876308383 13 242 128
12.592150937389809 13 242 128
11.754015126547797 13 242 128
11.611006396870478 13 242 128
12.45312417858476 13 242 128
11.967178428919444 13 242 128
11.094918187718434 13 242 128
13.865440187888394 13 242 128
8.576556605082532 13 242 128
11.84776023741198 13 242 128
10.83257733628544 13 242 128
11.031459302164667 13 242 128
11.849623746277832 13 242 128
11.1502293176687 13 242 128
12.003956887423874 13 242 128
11.185064304000305 13 242 128
12.953345608736122 13 242 128
12.881686409823015 13 242 128
12.15121837918457 13 242 128
12.006050293672324 13 242 128
11.712918301870545 13 242 128
14.038859578670488 13 242 128
13.664912492329492 13 242 128
11.639977854930146 13 242 128
9.578507937483906 13 242 128
13.347347265831697 13 242 128
10.64865432386344 13 242 128
13.337331367762147 13 242 128
11.420791887240235 13 242 128
8.776312555032808 13 242 128
12.04037321806672 13 242 128
10.806283659847386 13 242 128
13.906273215987362 13 242 128
12.847091867929736 13 242 128
14.281301590396138 13 242 128
11.842465799967293 13 242 128
10.19136714410151 13 242 128
12.450978478004266 13 242 128
13.041694359872633 13 242 128
12.334845669997575 13 242 128
13.949972134669645 13 242 128
11.113172509551804 13 242 128
12.493768273374934 13 242 128
