13.917763203952317 189 118 102
14.536047049530692 189 118 102
13.73089732123152 189 118 102
13.723091158622951 189 118 102
13.02919211424865 189 118 102
13.591662151050317 189 118 102
12.968033630061942 189 118 102
14.320249351472919 189 118 102
13.887232668535262 189 118 102
13.51447079584345 189 118 102
13.630055710312995 189 118 102
13.630055710312995 189 118 102
13.630055710312995 189 118 102
14.470479689336942 189 118 102
13.364075606904974 189 118 102
13.129516614435774 189 118 102
13.189926362505846 189 118 102
13.72598914632318 189 118 102
13.66794889972157 189 118 102
15.107397264803305 189 118 102
14.465180528498603 189 118 102
14.548247207223056 189 118 102
17.236498800065608 189 118 102
15.840621616179984 189 118 102
15.840621616179984 189 118 102
16.67053916160968 189 118 102
13.613834418910187 189 118 102
13.896840550541556 189 118 102
6.309785285648893 189 118 102
6.292779993982291 189 118 102
12.018242745398275 189 118 102
12.24924898995189 189 118 102
12.563032695950048 189 118 102
12.563032695950048 189 118 102
12.563032695950048 189 118 102
12.635269801169922 189 118 102
12.010762303707661 189 118 102
11.852118857592194 189 118 102
12.430515105353624 189 118 102
12.645526387486457 189 118 102
12.645526387486457 189 118 102
12.250659718766645 189 118 102
12.4042070785151 189 118 102
12.4042070785151 189 118 102
12.4042070785151 189 118 102
12.63704978696724 189 118 102
12.645526387486457 189 118 102
12.707506325788756 189 118 102
12.855598263855079 189 118 102
6.692372468632261 189 118 102
7.111507502673364 189 118 102
7.140279269118111 189 118 102
11.705797007022236 189 118 102
12.296137991174552 189 118 102
11.807172387846874 189 118 102
11.497261147444526 189 118 102
12.116574320792294 189 118 102
13.122614263304204 189 118 102
13.214431658507754 189 118 102
12.273207636968012 189 118 102
11.951817267614889 189 118 102
13.214431658507754 189 118 102
13.438252912123577 189 118 102
12.782757846160418 189 118 102
12.051123276490882 189 118 102
12.450512516633715 189 118 102
11.951817267614889 189 118 102
12.25756866076658 189 118 102
10.510988121388552 189 118 102
10.86725517604369 189 118 102
10.968661967604612 189 118 102
10.102494769352518 189 118 102
10.171649524032205 189 118 102
10.171649524032205 189 118 102
12.170512567088727 189 118 102
11.7942880525582 189 118 102
11.887789574392903 189 118 102
11.228838471475598 189 118 102
11.887789574392903 189 118 102
11.308072475898044 189 118 102
11.57227235637388 189 118 102
11.238377272400937 189 118 102
12.11277518451965 189 118 102
12.137432561945111 189 118 102
13.640343308641194 189 118 102
15.479187591311106 189 118 102
15.849643233130482 189 118 102
15.505402455608099 189 118 102
15.505402455608099 189 118 102
11.65154422310178 189 118 102
10.655710792085573 189 118 102
11.452178237539236 189 118 102
10.533473657677094 189 118 102
9.785078058151528 189 118 102
10.638324452820772 189 118 102
10.675301536839417 189 118 102
10.83311012774895 189 118 102
10.722043516534338 189 118 102
10.176050993486013 189 118 102
11.089554020851946 189 118 102
10.485517235287372 189 118 102
11.079635757320114 189 118 102
10.56257568176272 189 118 102
10.889260793939776 189 118 102
10.638324452820772 189 118 102
10.879534486613185 189 118 102
10.822375071256484 189 118 102
12.285504994465738 189 118 102
12.342434380785347 189 118 102
11.372233326771106 189 118 102
12.535866275107201 189 118 102
12.859325548631919 189 118 102
12.859325548631919 189 118 102
13.264299023111297 189 118 102
12.535866275107201 189 118 102
13.557333653971588 189 118 102
13.877859385087161 189 118 102
14.38086546111114 189 118 102
13.877859385087161 189 118 102
13.7547420054795 189 118 102
13.4312785069092 189 118 102
14.262090938415367 189 118 102
12.559693061234439 189 118 102
12.414891301140877 189 118 102
13.251624693712833 189 118 102
13.379372574899367 189 118 102
12.091233765827646 189 118 102
12.31259466785292 189 118 102
13.251624693712833 189 118 102
12.31259466785292 189 118 102
13.379372574899367 189 118 102
13.917763203952317 189 118 102
13.802094692778713 189 118 102
12.968033630061942 189 118 102
13.591662151050317 189 118 102
13.657194797247575 189 118 102
14.320249351472919 189 118 102
13.400153296433157 189 118 102
14.183810212393054 189 118 102
13.364075606904974 189 118 102
14.122223143122541 189 118 102
14.521494506636351 189 118 102
14.697589660153763 189 118 102
14.345899467092725 189 118 102
14.922401412781353 189 118 102
13.569457354391329 189 118 102
13.613834418910187 189 118 102
13.925367592789692 189 118 102
6.309785285648893 189 118 102
12.24924898995189 189 118 102
12.018242745398275 189 118 102
12.563032695950048 189 118 102
11.776545831134866 189 118 102
12.341126183865763 189 118 102
12.855598263855079 189 118 102
12.63704978696724 189 118 102
12.707506325788756 189 118 102
12.645526387486457 189 118 102
12.116574320792294 189 118 102
11.705797007022236 189 118 102
11.38523737542003 189 118 102
11.807172387846874 189 118 102
12.051123276490882 189 118 102
12.782757846160418 189 118 102
12.051123276490882 189 118 102
12.782757846160418 189 118 102
12.915144274398383 189 118 102
12.273207636968012 189 118 102
11.951817267614889 189 118 102
12.915144274398383 189 118 102
11.466859504390904 189 118 102
11.238377272400937 189 118 102
11.7942880525582 189 118 102
7.497059019695266 189 118 102
13.640343308641194 189 118 102
15.505402455608099 189 118 102
15.133256484822692 189 118 102
12.598889478154499 189 118 102
11.124312693799007 189 118 102
11.25941027433604 189 118 102
11.015456587404781 189 118 102
10.85993694061111 189 118 102
10.861409336542142 189 118 102
10.057731153324136 189 118 102
13.7547420054795 189 118 102
11.752948472124881 189 118 102
13.317044794152377 189 118 102
13.557333653971588 189 118 102
12.309816387505258 189 118 102
12.64909541795383 189 118 102
13.251624693712833 189 118 102
12.091233765827646 189 118 102
12.64909541795383 189 118 102
12.696689709737706 189 118 102
13.251624693712833 189 118 102
7.442163380627806 189 118 102
13.73089732123152 189 118 102
13.887232668535262 189 118 102
13.400153296433157 189 118 102
13.189926362505846 189 118 102
14.036635545020308 189 118 102
14.94843664134757 189 118 102
15.840621616179984 189 118 102
17.835495128819154 189 118 102
12.707506325788756 189 118 102
11.852118857592194 189 118 102
12.250659718766645 189 118 102
12.4042070785151 189 118 102
12.250659718766645 189 118 102
12.11277518451965 189 118 102
11.57227235637388 189 118 102
15.938113045178742 189 118 102
11.618349698595418 189 118 102
10.532714563968767 189 118 102
10.322790777086226 189 118 102
9.73385364961527 189 118 102
10.485517235287372 189 118 102
13.4312785069092 189 118 102
12.859325548631919 189 118 102
13.877859385087161 189 118 102
12.535866275107201 189 118 102
13.59954375435519 189 118 102
13.928127259777726 189 118 102
6.433099544880076 189 118 102
12.100732913528846 189 118 102
12.430515105353624 189 118 102
7.111507502673364 189 118 102
11.228838471475598 189 118 102
11.238377272400937 189 118 102
12.296137991174552 189 118 102
11.951817267614889 189 118 102
12.11277518451965 189 118 102
12.116574320792294 189 118 102
11.476200468437606 189 118 102
13.335841003823683 189 118 102
15.938113045178742 189 118 102
15.040053025573087 189 118 102
10.721297774034566 189 118 102
11.477558176654135 189 118 102
11.779239668901711 189 118 102
12.535866275107201 189 118 102
13.877859385087161 189 118 102
10.822375071256484 189 118 102
12.59166377975205 189 118 102
13.423429805629194 189 118 102
14.631191941091965 189 118 102
17.236498800065608 189 118 102
6.433099544880076 189 118 102
12.635269801169922 189 118 102
12.24924898995189 189 118 102
10.968661967604612 189 118 102
12.116574320792294 189 118 102
12.170512567088727 189 118 102
15.849643233130482 189 118 102
10.65646112438395 189 118 102
13.378983102433885 189 118 102
12.59166377975205 189 118 102
14.093157500833845 189 118 102
14.00322638299157 189 118 102
12.559693061234439 189 118 102
14.262090938415367 189 118 102
7.043290950950679 189 118 102
11.223994570267019 189 118 102
