7.2599026729172005 241 8 131
6.438628944084704 241 8 131
7.2599026729172005 241 8 131
15.941492134467959 241 8 131
11.71507337269352 241 8 131
11.337752243515833 241 8 131
11.71507337269352 241 8 131
11.908692832036328 241 8 131
12.564555949093675 241 8 131
12.152887213158431 241 8 131
12.041359949088195 241 8 131
13.023804033147066 241 8 131
13.372591324228825 241 8 131
13.246637901255271 241 8 131
12.41177215470406 241 8 131
13.519338042387714 241 8 131
12.083372800532425 241 8 131
13.164434365399527 241 8 131
10.909814088249393 241 8 131
12.046534689150164 241 8 131
12.046534689150164 241 8 131
12.295125019576258 241 8 131
12.294521228526152 241 8 131
12.825786034121156 241 8 131
12.825786034121156 241 8 131
12.928573175536036 241 8 131
12.427778810509361 241 8 131
12.928573175536036 241 8 131
12.795673998616913 241 8 131
12.152589013550132 241 8 131
12.451142714089999 241 8 131
12.179188671434236 241 8 131
12.795673998616913 241 8 131
12.898701098987198 241 8 131
12.433097726505952 241 8 131
11.913635134362428 241 8 131
12.433097726505952 241 8 131
11.277645263633657 241 8 131
11.625020125088746 241 8 131
12.158923106137435 241 8 131
12.079429093417236 241 8 131
12.587117495001928 241 8 131
11.36694231463232 241 8 131
11.36694231463232 241 8 131
10.884156816597878 241 8 131
10.940445845308028 241 8 131
10.757111609811336 241 8 131
10.757111609811336 241 8 131
11.155392181204295 241 8 131
11.503937250187446 241 8 131
11.791475329597002 241 8 131
11.2991707838362 241 8 131
11.591789274936893 241 8 131
11.451383386396895 241 8 131
11.451383386396895 241 8 131
10.692320854142027 241 8 131
11.984753585374529 241 8 131
11.984753585374529 241 8 131
11.957721419234309 241 8 131
11.984753585374529 241 8 131
11.984753585374529 241 8 131
11.500109961473784 241 8 131
11.327119243483772 241 8 131
11.9826214691125 241 8 131
11.207377577464584 241 8 131
11.89703172751146 241 8 131
11.89703172751146 241 8 131
11.842199209507443 241 8 131
12.007771687017826 241 8 131
12.144474574690438 241 8 131
11.953447163048462 241 8 131
11.668657786963129 241 8 131
11.668657786963129 241 8 131
11.469708406657256 241 8 131
11.953447163048462 241 8 131
12.007771687017826 241 8 131
12.19974581086342 241 8 131
11.176179757484732 241 8 131
12.007771687017826 241 8 131
12.334321207810145 241 8 131
10.966978800827906 241 8 131
10.935095144787915 241 8 131
11.143593201525054 241 8 131
11.611498025802184 241 8 131
11.468443861110908 241 8 131
11.26370614792699 241 8 131
11.411552163824906 241 8 131
11.442108240177651 241 8 131
10.779692218838882 241 8 131
10.436578817647097 241 8 131
9.814232024894649 241 8 131
13.469310095801523 241 8 131
13.469310095801523 241 8 131
13.015118444277377 241 8 131
12.36082297029846 241 8 131
12.36082297029846 241 8 131
12.65273197024317 241 8 131
12.54739660109581 241 8 131
13.85602482137608 241 8 131
11.378987268154884 241 8 131
10.840919750301227 241 8 131
10.841938753022513 241 8 131
11.025866442874749 241 8 131
6.543946537738809 241 8 131
11.936139652895168 241 8 131
11.908692832036328 241 8 131
11.212598344380725 241 8 131
11.212598344380725 241 8 131
12.928573175536036 241 8 131
12.556996927958894 241 8 131
12.613362086496927 241 8 131
12.451142714089999 241 8 131
13.485040695060373 241 8 131
12.770358496015227 241 8 131
12.179188671434236 241 8 131
12.179188671434236 241 8 131
12.795673998616913 241 8 131
12.079429093417236 241 8 131
11.90934505564816 241 8 131
13.081813522032336 241 8 131
12.869068003888062 241 8 131
11.89703172751146 241 8 131
11.842199209507443 241 8 131
11.953447163048462 241 8 131
11.953447163048462 241 8 131
12.007771687017826 241 8 131
11.87164690807064 241 8 131
11.842199209507443 241 8 131
11.52631305932212 241 8 131
10.935095144787915 241 8 131
10.994452584522788 241 8 131
11.089316579936437 241 8 131
10.436578817647097 241 8 131
10.536466769923084 241 8 131
10.536466769923084 241 8 131
13.195477734781159 241 8 131
12.65273197024317 241 8 131
13.469310095801523 241 8 131
12.36082297029846 241 8 131
11.378987268154884 241 8 131
11.022860161530268 241 8 131
10.841938753022513 241 8 131
7.360436082641511 241 8 131
7.069549197273857 241 8 131
12.559608626301278 241 8 131
11.71507337269352 241 8 131
12.34467439052137 241 8 131
11.71507337269352 241 8 131
12.295125019576258 241 8 131
12.179188671434236 241 8 131
12.928573175536036 241 8 131
12.427778810509361 241 8 131
10.792912697697234 241 8 131
11.625020125088746 241 8 131
10.792912697697234 241 8 131
11.912417713311736 241 8 131
11.120090529935794 241 8 131
12.094690383150791 241 8 131
11.87164690807064 241 8 131
11.52631305932212 241 8 131
11.207377577464584 241 8 131
11.327119243483772 241 8 131
11.844356603368988 241 8 131
11.327119243483772 241 8 131
11.297887150436841 241 8 131
11.559418634697238 241 8 131
11.411552163824906 241 8 131
10.536466769923084 241 8 131
12.03348625758088 241 8 131
12.54739660109581 241 8 131
13.469310095801523 241 8 131
12.65273197024317 241 8 131
13.015118444277377 241 8 131
12.65273197024317 241 8 131
13.195477734781159 241 8 131
10.243169131376229 241 8 131
12.268467025673496 241 8 131
11.337752243515833 241 8 131
12.014153510667422 241 8 131
10.966978800827906 241 8 131
11.625020125088746 241 8 131
12.144474574690438 241 8 131
12.795673998616913 241 8 131
11.814840885747302 241 8 131
10.940445845308028 241 8 131
11.9826214691125 241 8 131
10.597014622507078 241 8 131
10.594619111442174 241 8 131
10.382131106274365 241 8 131
10.909814088249393 241 8 131
11.913635134362428 241 8 131
11.910562790766143 241 8 131
12.562536217227105 241 8 131
11.327119243483772 241 8 131
12.19974581086342 241 8 131
13.85602482137608 241 8 131
11.172610386128515 241 8 131
6.697206810610986 241 8 131
11.936139652895168 241 8 131
11.611498025802184 241 8 131
12.898701098987198 241 8 131
11.2991707838362 241 8 131
12.433097726505952 241 8 131
13.20710381844276 241 8 131
11.591789274936893 241 8 131
11.500109961473784 241 8 131
12.36082297029846 241 8 131
11.242405146869691 241 8 131
11.383840551761589 241 8 131
