9.695053281341126 12 143 178
9.626592732682896 12 143 178
9.94641835708513 12 143 178
10.67994444652071 12 143 178
11.518695802332822 12 143 178
12.447501897163813 12 143 178
9.889681266877105 12 143 178
12.096176717225566 12 143 178
10.070557956327349 12 143 178
10.1559043975565 12 143 178
12.280477629932065 12 143 178
10.814753547988724 12 143 178
12.716056241763507 12 143 178
10.632405553551255 12 143 178
10.297593637581683 12 143 178
9.244826214826228 12 143 178
10.618557145202143 12 143 178
10.406332200101023 12 143 178
9.787909773881028 12 143 178
10.942367092849492 12 143 178
8.921944131702745 12 143 178
9.515159856531143 12 143 178
10.868982519163541 12 143 178
10.39706471165625 12 143 178
9.16322236513538 12 143 178
9.71617166112533 12 143 178
9.773672369337149 12 143 178
9.450346725345899 12 143 178
9.841089738549886 12 143 178
9.38250523781307 12 143 178
9.370774689037365 12 143 178
10.523079405794155 12 143 178
10.745740997583823 12 143 178
12.533326336881014 12 143 178
12.091166756865297 12 143 178
12.45256352305484 12 143 178
12.267337027496556 12 143 178
12.05513536999618 12 143 178
12.914143180708985 12 143 178
11.904124134589539 12 143 178
12.432948007818126 12 143 178
12.434927448392878 12 143 178
11.699887655016674 12 143 178
11.703328130593627 12 143 178
12.266623698547416 12 143 178
12.017521894304133 12 143 178
11.989139465464726 12 143 178
11.90130312860705 12 143 178
11.758960797409838 12 143 178
15.281931971680814 12 143 178
15.675916008764016 12 143 178
15.095625640318119 12 143 178
15.984127220203371 12 143 178
10.526923254257836 12 143 178
9.92363302427349 12 143 178
9.581297557614606 12 143 178
11.067663730818325 12 143 178
12.417807224087827 12 143 178
9.532365799502191 12 143 178
10.019715382012404 12 143 178
9.097156333724742 12 143 178
12.098566686041469 12 143 178
11.076992760907036 12 143 178
10.076406452454338 12 143 178
11.629503025064485 12 143 178
11.407221218765686 12 143 178
9.730150066356195 12 143 178
10.283003468526408 12 143 178
13.574215666116187 12 143 178
11.172296804475183 12 143 178
12.6777706877103 12 143 178
12.403141299111917 12 143 178
15.481767283877447 12 143 178
15.345625445233386 12 143 178
14.865142352624009 12 143 178
15.792209282689818 12 143 178
13.566300241865912 12 143 178
10.91134012241881 12 143 178
9.8992915394046 12 143 178
10.178899138565589 12 143 178
11.435659335418615 12 143 178
10.915217091093108 12 143 178
11.858782976213922 12 143 178
13.222114754211534 12 143 178
11.903370978032983 12 143 178
16.18514323852522 12 143 178
10.312593007634018 12 143 178
12.936692486342709 12 143 178
16.17224620989095 12 143 178
12.207991013474302 12 143 178
11.761053673744854 12 143 178
11.26363353314428 12 143 178
12.555845518723919 12 143 178
9.896544393541523 12 143 178
9.569653283992492 12 143 178
12.72612642637762 12 143 178
10.618049517992308 12 143 178
10.922818463649431 12 143 178
10.23813587676882 12 143 178
11.327139668785712 12 143 178
12.864885973190782 12 143 178
9.47076730610276 12 143 178
10.114121697757973 12 143 178
11.219706602155325 12 143 178
15.294676784892046 12 143 178
12.0316790667649 12 143 178
10.855954226622503 12 143 178
12.590444052671495 12 143 178
10.059701834337133 12 143 178
9.965826036429506 12 143 178
11.576810403227958 12 143 178
9.286163639372383 12 143 178
11.067441120582044 12 143 178
