6.751735818801124 1.1079983966520444 1.7704191925662598 20 31 230
7.195560557308489 1.0301436355490554 2.218043006891361 20 31 230
7.25332876346476 0.9251228887325021 2.398023939849597 20 31 230
5.9424616730061395 0.22894725833384927 2.389332556912208 20 31 230
6.397240204566994 0.5766404679311193 2.558126101739403 20 31 230
6.397240204566994 0.5766404679311193 2.558126101739403 20 31 230
6.765185155848788 0.7797904207847207 2.4802493765889078 20 31 230
5.87109894118286 -0.019842258049814394 2.4024127666519592 20 31 230
5.64577328875103 -0.6130716781293958 2.4473148955286037 20 31 230
5.968815193919984 -0.26624798324445575 2.3846264050778396 20 31 230
6.961425230237098 -0.4839179845296213 2.4448266363480133 20 31 230
6.730860954897974 -0.26624798324445575 2.4868297178552234 20 31 230
6.730860954897974 -0.26624798324445575 2.4868297178552234 20 31 230
6.102342691045095 -0.026555500425583627 2.636001114506693 20 31 230
6.085368359432828 -0.8059491570942668 2.3645637749040933 20 31 230
6.085368359432828 -0.8059491570942668 2.3645637749040933 20 31 230
6.647455160585723 -0.943877124134407 2.281953660918529 20 31 230
6.3778511846604795 1.251992038515293 1.7822940598764871 20 31 230
6.1455703478577215 1.410983458591827 1.7904164623891357 20 31 230
6.034282571314346 1.410983458591827 1.4610131490958151 20 31 230
6.244938058834137 1.251992038515293 1.6250856889534715 20 31 230
6.049352402038922 1.745558562000799 1.461287735101046 20 31 230
6.02265712614076 1.745558562000799 1.6270914525051148 20 31 230
6.492160392909365 1.5784841596362513 1.1484525310663205 20 31 230
6.8646561203361145 1.410983458591827 2.0787441646090485 20 31 230
6.366853103556032 1.5784841596362513 1.946955154708566 20 31 230
6.65993394176512 1.251992038515293 1.929632467446976 20 31 230
5.206446511399656 1.7801235393999015 1.830874047609876 20 31 230
6.56119190652679 1.5800461618522168 2.2933368591366756 20 31 230
6.56119190652679 1.5800461618522168 2.2933368591366756 20 31 230
6.260144289526133 1.1927681835124715 2.133355905792287 20 31 230
6.630097289443017 1.3792353905036108 2.28421141424722 20 31 230
6.56119190652679 1.5800461618522168 2.2933368591366756 20 31 230
6.166367889016858 1.1084320154607008 2.351295465213566 20 31 230
6.692748051771501 1.3320446718137027 2.4942833267790183 20 31 230
6.692748051771501 1.3320446718137027 2.4942833267790183 20 31 230
6.624494369480905 1.5824047062773476 2.5080380891009457 20 31 230
5.759573199789453 0.440584099674795 2.7570106907090963 20 31 230
5.759573199789453 0.440584099674795 2.7570106907090963 20 31 230
6.69212335088904 1.1097694693819302 2.815225018035452 20 31 230
5.753849195843975 1.1097694693819302 2.759476136409099 20 31 230
6.0861217284323015 1.5863775438574628 2.640836757590514 20 31 230
6.0861217284323015 1.5863775438574628 2.640836757590514 20 31 230
6.0861217284323015 1.5863775438574628 2.640836757590514 20 31 230
5.759573199789453 0.440584099674795 2.7570106907090963 20 31 230
5.820298000777851 1.9647023476684957 1.9843289088292648 20 31 230
6.038423140693739 1.7801235393999015 2.1566812481318265 20 31 230
6.872505916174874 1.9647023476684957 2.2540723458943988 20 31 230
6.643815801259517 1.7801235393999015 2.2824256942444396 20 31 230
6.195828403843203 2.0515858015337347 2.346597840898188 20 31 230
5.941148074495132 1.8313474977315578 2.3895688502959467 20 31 230
6.195828403843203 2.0515858015337347 2.346597840898188 20 31 230
6.70633840617048 1.8313474977315578 2.491607396497238 20 31 230
6.490266968246523 2.419150098802072 2.9251742376714627 20 31 230
6.932363409681676 2.3874419633635835 2.7247889737367545 20 31 230
6.705714971358412 2.0691078956724303 2.8092887307175287 20 31 230
6.031577577126348 2.3874419633635835 2.6576184138935357 20 31 230
6.420512131199643 2.181627450146201 2.5526579880015143 20 31 230
6.420512131199643 2.181627450146201 2.5526579880015143 20 31 230
7.092648564020208 2.847767818045236 2.6763741647318073 20 31 230
7.092648564020208 2.847767818045236 2.6763741647318073 20 31 230
5.685915536283009 -0.04013040460690168 2.7904012196413683 20 31 230
5.424083761570933 -0.08203448900081495 2.9640984903642993 20 31 230
6.053390749800283 -0.8161353426081261 2.650807527781221 20 31 230
6.671084790223673 -1.5926956920560429 2.824674526217177 20 31 230
5.786759674269881 -0.5042227400089665 2.7455645881302657 20 31 230
6.267352653137588 -1.1239128499894913 2.335463189323431 20 31 230
6.785903979617141 -1.3409062004829955 2.4763360730877855 20 31 230
7.047008182226355 -1.5855832749458416 2.689447182140256 20 31 230
6.465329969288435 -1.0051209110414623 2.5423601092111077 20 31 230
6.661198580429537 -3.1032467183336627 2.8292314213817575 20 31 230
6.51440476199745 -2.3406818795358437 2.90892139496256 20 31 230
6.661198580429537 -3.1032467183336627 2.8292314213817575 20 31 230
6.752364137481525 -2.0368606927008823 2.7898178009443133 20 31 230
6.424991623428274 -3.066674144429869 2.9776740538683897 20 31 230
5.653863419907025 -2.0356762972980946 2.2025317434500504 20 31 230
6.296340678994646 -2.0356762972980946 2.331055586636075 20 31 230
7.3377396147554315 -2.1572697733426818 2.6137028373956914 20 31 230
6.799308137904162 -1.8217441427002155 2.4738273424418935 20 31 230
6.224348043883785 -1.578285659988997 1.7875921848644727 20 31 230
6.17704001631792 -1.7411339304469495 1.6256830344820319 20 31 230
6.422372811507122 -1.8954115183354168 1.6235843895083117 20 31 230
6.1670150353458135 -1.773833230599335 2.14290642167317 20 31 230
6.67972751348349 -1.5797603080870506 2.2777986375442407 20 31 230
6.384271841471221 -1.2034140251604284 2.121143583561798 20 31 230
6.67972751348349 -1.5797603080870506 2.2777986375442407 20 31 230
5.754569208859057 -2.352138451977425 1.6297170428484555 20 31 230
5.256980988413139 -2.4911149628109577 1.8283168943637036 20 31 230
6.488357681550287 -2.542729634076946 2.5371834719545747 20 31 230
7.0135465044815675 -2.666988485879685 2.4359920206897003 20 31 230
7.596750417350438 -2.8810665428372366 2.5578727114432747 20 31 230
5.595854133868858 -2.4911149628109577 2.001999658621485 20 31 230
7.596750417350438 -2.8810665428372366 2.5578727114432747 20 31 230
7.114742984586376 -2.8012536820079585 2.6702252187040387 20 31 230
6.130089972483617 -2.350813837618929 2.357172907240944 20 31 230
6.874280867534013 -2.350813837618929 2.4601165967500824 20 31 230
7.520217075424251 -3.1221968550161328 2.5734654788501223 20 31 230
7.520217075424251 -3.1221968550161328 2.5734654788501223 20 31 230
7.346222134763928 -3.126040317559422 2.3843750195625937 20 31 230
7.346222134763928 -3.126040317559422 2.3843750195625937 20 31 230
7.520217075424251 -3.1221968550161328 2.5734654788501223 20 31 230
6.071136963515757 -2.1109897806600597 1.7931540325318585 20 31 230
8.018559852724245 -2.8012536820079585 2.7268872768920454 20 31 230
7.491008195038573 -2.3406818795358437 2.9397068434980236 20 31 230
8.018559852724245 -2.8012536820079585 2.7268872768920454 20 31 230
8.213053887180616 -2.542729634076946 2.676012608094812 20 31 230
7.87287507207667 0.5823862215820627 2.0087614983012965 20 31 230
6.19843714043255 1.0301436355490554 1.9577096991628684 20 31 230
7.25332876346476 0.9251228887325021 2.398023939849597 20 31 230
6.552331171110418 0.9251228887325021 2.2945296398254778 20 31 230
6.961425230237098 -0.4839179845296213 2.4448266363480133 20 31 230
6.446122121320277 -0.6130716781293958 2.546736818913928 20 31 230
6.223731338631841 1.410983458591827 1.3006182686776768 20 31 230
5.931386827063387 1.5784841596362513 1.627958641594077 20 31 230
7.381519529654007 1.2955852985241418 1.3438128415555506 20 31 230
6.270687122132237 1.251992038515293 1.4651677374178476 20 31 230
6.1455703478577215 1.410983458591827 1.7904164623891357 20 31 230
6.07116826214371 1.5784841596362513 1.7931528669400194 20 31 230
6.7981286261191824 1.5784841596362513 2.08420010808739 20 31 230
5.340449425643749 1.9647023476684957 1.634291918433773 20 31 230
5.340449425643749 1.9647023476684957 1.634291918433773 20 31 230
6.705714971358412 2.0691078956724303 2.8092887307175287 20 31 230
5.759573199789453 0.440584099674795 2.7570106907090963 20 31 230
5.501248277484477 0.7678352315608301 2.8980213108440704 20 31 230
6.195828403843203 2.0515858015337347 2.346597840898188 20 31 230
6.624494369480905 1.5824047062773476 2.5080380891009457 20 31 230
5.753849195843975 1.1097694693819302 2.759476136409099 20 31 230
6.845957997292026 1.1927681835124715 2.2572333914065252 20 31 230
6.420512131199643 2.181627450146201 2.5526579880015143 20 31 230
6.175105412872624 1.9144646404976613 2.6151085111026364 20 31 230
6.932363409681676 2.3874419633635835 2.7247889737367545 20 31 230
6.2891655402651505 1.9647023476684957 2.13044903714459 20 31 230
6.03081739448176 -1.3409062004829955 2.373805387049295 20 31 230
5.529704937385814 -0.8463180485411744 2.8781093199973546 20 31 230
5.786759674269881 -0.5042227400089665 2.7455645881302657 20 31 230
6.977497446215199 -2.34820449708598 2.7104118610565244 20 31 230
7.123999823635469 -1.8981978274379765 2.66768217793627 20 31 230
6.236308265197623 -1.2701468410533368 2.5984606014410097 20 31 230
6.424991623428274 -3.066674144429869 2.9776740538683897 20 31 230
7.3377396147554315 -2.1572697733426818 2.6137028373956914 20 31 230
6.424991623428274 -3.066674144429869 2.9776740538683897 20 31 230
6.799308137904162 -1.8217441427002155 2.4738273424418935 20 31 230
5.685915536283009 -0.04013040460690168 2.7904012196413683 20 31 230
5.529704937385814 -0.8463180485411744 2.8781093199973546 20 31 230
6.3113831873998025 -1.7411339304469495 1.7845558044725367 20 31 230
6.29694047967796 -1.4150427077867533 1.7850537182027342 20 31 230
6.29694047967796 -1.4150427077867533 1.7850537182027342 20 31 230
5.953603046725094 -1.95369966862172 1.9745239867132118 20 31 230
5.920233433263437 -2.5937506631506304 1.6280664500280293 20 31 230
5.263245385478028 -2.2122020072930826 1.8280034421146625 20 31 230
7.032966351029236 -3.1158307012075572 2.693575417159229 20 31 230
7.346222134763928 -3.126040317559422 2.3843750195625937 20 31 230
5.601739583625408 -2.2122020072930826 2.001516332589101 20 31 230
7.114742984586376 -2.8012536820079585 2.6702252187040387 20 31 230
7.032966351029236 -3.1158307012075572 2.693575417159229 20 31 230
6.751735818801124 1.1079983966520444 1.7704191925662598 20 31 230
6.171031864845613 0.30234528021514173 2.6162453832351975 20 31 230
5.9424616730061395 0.22894725833384927 2.389332556912208 20 31 230
5.9424616730061395 0.22894725833384927 2.389332556912208 20 31 230
6.397240204566994 0.5766404679311193 2.558126101739403 20 31 230
6.644361305058485 -0.019842258049814394 2.5039788417645763 20 31 230
6.647455160585723 -0.943877124134407 2.281953660918529 20 31 230
6.323776039994564 -1.0438934483547744 1.9496470632742342 20 31 230
6.8646561203361145 1.410983458591827 2.0787441646090485 20 31 230
6.451966181642157 1.745558562000799 1.9417501727359014 20 31 230
6.845957997292026 1.1927681835124715 2.2572333914065252 20 31 230
6.906650948013676 1.1084320154607008 2.454358718017948 20 31 230
6.872505916174874 1.9647023476684957 2.2540723458943988 20 31 230
6.56119190652679 1.5800461618522168 2.2933368591366756 20 31 230
6.038423140693739 1.7801235393999015 2.1566812481318265 20 31 230
5.501248277484477 0.7678352315608301 2.8980213108440704 20 31 230
6.692748051771501 1.3320446718137027 2.4942833267790183 20 31 230
6.70633840617048 1.8313474977315578 2.491607396497238 20 31 230
5.674313150973195 1.5944838107961599 2.7960253004389033 20 31 230
6.175105412872624 1.9144646404976613 2.6151085111026364 20 31 230
6.623863231552064 1.5944838107961599 2.847185528541434 20 31 230
6.420512131199643 2.181627450146201 2.5526579880015143 20 31 230
5.127225097063982 -2.0356762972980946 2.044478681020864 20 31 230
5.786759674269881 -0.5042227400089665 2.7455645881302657 20 31 230
6.053390749800283 -0.8161353426081261 2.650807527781221 20 31 230
6.236308265197623 -1.2701468410533368 2.5984606014410097 20 31 230
6.752364137481525 -2.0368606927008823 2.7898178009443133 20 31 230
6.718596727544879 -1.5819580187139004 2.4892110381065136 20 31 230
7.047008182226355 -1.5855832749458416 2.689447182140256 20 31 230
6.51440476199745 -2.3406818795358437 2.90892139496256 20 31 230
6.671084790223673 -1.5926956920560429 2.824674526217177 20 31 230
6.465329969288435 -1.0051209110414623 2.5423601092111077 20 31 230
6.977497446215199 -2.34820449708598 2.7104118610565244 20 31 230
6.683491021729377 -2.4911149628109577 2.2773176588913233 20 31 230
7.424549258729923 -2.9310124925634606 2.3732781812025054 20 31 230
7.032966351029236 -3.1158307012075572 2.693575417159229 20 31 230
5.936975712626642 -2.7508319040144418 1.9757207101558223 20 31 230
5.9424616730061395 0.22894725833384927 2.389332556912208 20 31 230
6.730860954897974 -0.26624798324445575 2.4868297178552234 20 31 230
6.042427139568814 -0.943877124134407 2.156241571401644 20 31 230
6.692748051771501 1.3320446718137027 2.4942833267790183 20 31 230
6.705714971358412 2.0691078956724303 2.8092887307175287 20 31 230
6.724181324585538 2.7183168462977427 2.8014205034761104 20 31 230
7.596750417350438 -2.8810665428372366 2.5578727114432747 20 31 230
6.422372811507122 -1.8954115183354168 1.6235843895083117 20 31 230
6.747482387522627 -2.6563937022855395 2.7917942707805214 20 31 230
6.747422506972224 -1.3850182886848372 2.2692584391090107 20 31 230
7.333247560169547 -2.542729634076946 2.6147543342625643 20 31 230
7.9460902379541025 -3.1158307012075572 2.748117228177443 20 31 230
6.765185155848788 0.7797904207847207 2.4802493765889078 20 31 230
8.102142557885259 -3.126040317559422 2.469257205249601 20 31 230
6.023325965982552 1.3792353905036108 2.158345479469734 20 31 230
5.941148074495132 1.8313474977315578 2.3895688502959467 20 31 230
7.520217075424251 -3.1221968550161328 2.5734654788501223 20 31 230
6.70633840617048 1.8313474977315578 2.491607396497238 20 31 230
6.102342691045095 -0.026555500425583627 2.636001114506693 20 31 230
6.1670150353458135 -1.773833230599335 2.14290642167317 20 31 230
6.671084790223673 -1.5926956920560429 2.824674526217177 20 31 230
