13.188599317492983 1 14 24
12.481789876701743 5 18 29
12.80105914531119 1 14 23
12.80105914531119 1 14 23
13.188599317492983 1 14 24
12.441986483944682 44 51 81
12.654683323167522 8 13 19
13.302146484605572 0 2 31
12.77183023237559 1 6 30
12.19728314015474 9 15 30
12.789832175965145 2 3 19
12.676287544110812 155 185 220
13.37282091902158 98 123 161
12.523807436906885 10 17 29
13.000187910908824 51 72 110
13.378707940155 7 16 23
12.113256826759722 86 102 130
12.789832175965145 2 3 19
13.921060205178938 8 15 22
11.222867845922822 0 11 16
12.96472262969812 156 185 218
12.877866661938485 145 175 208
14.132769454894142 101 144 172
14.55359780881724 11 17 20
16.41436431606512 67 122 160
13.86344210520279 55 111 150
13.42099065973479 42 98 137
13.745147557481465 75 133 173
13.068473818533532 73 123 156
14.177486310787247 101 144 172
13.040358644342085 57 113 152
14.177486310787247 101 144 172
13.881042990312608 83 139 180
13.881042990312608 83 139 180
14.293198965781144 61 117 156
13.936409148693436 40 96 135
13.104701064099643 59 113 155
14.053093808381021 41 96 135
13.69004780384407 61 116 153
15.562579581438854 61 116 155
14.698632922737247 48 102 142
14.35192576213221 59 113 155
8.347982914625652 41 53 62
8.818211579368171 35 65 88
12.236136719181957 3 16 23
12.236136719181957 3 16 23
12.748691419073692 1 6 18
12.336865930462917 151 175 199
12.258478604697965 149 168 191
11.889047264095822 138 169 198
12.30299544592657 136 149 170
12.269645164785194 136 170 202
12.181958752125803 138 173 205
12.181958752125803 138 173 205
12.300067488711955 7 14 34
12.378191447511533 13 21 43
12.465673211184745 165 194 222
13.887384200530425 110 141 165
12.770103761520712 27 45 71
12.656382140707947 137 173 205
13.00235740108 142 171 200
13.850562349887134 142 171 202
13.413057597868285 142 171 202
13.037720308372675 143 174 203
12.296559332458088 137 168 199
12.053107820486932 136 167 197
13.887384200530425 110 141 165
12.639913490488988 141 172 205
12.477795331364607 141 172 205
12.391581936951479 140 174 205
12.469132535367528 139 172 203
5.150418828957946 0 12 15
9.611506815389417 17 36 48
10.776663684087824 17 36 46
10.231492119219594 14 37 48
9.782882678979835 15 36 48
9.993865113028214 16 37 49
9.852474248083686 16 37 48
11.098277275336468 18 38 51
10.472606258478574 19 38 51
10.537643813661248 31 43 52
9.569481290750664 16 36 50
10.765256768043457 40 49 58
10.83452951987444 27 42 52
9.8224451720375 35 48 59
13.093778125610056 80 93 97
13.014414657873909 96 110 113
13.456851118467453 106 146 169
13.234760244908854 123 168 195
11.753749381966692 50 105 145
11.841564983130546 48 103 144
11.956450795379563 43 99 138
12.237761507342052 54 110 150
12.313355890225075 61 117 158
12.592414295870075 58 116 157
12.589553649085893 50 108 149
12.592414295870075 58 116 157
12.042788395465301 58 113 152
12.592414295870075 58 116 157
12.925061906754266 61 117 156
12.740611088986318 65 121 162
13.626798091234408 69 121 161
13.185723961227174 57 113 154
12.627154989027806 78 133 172
12.630007119259709 66 119 159
12.870942205751419 57 111 153
12.627154989027806 78 133 172
12.737783724226912 44 100 141
11.783642198635379 38 88 126
12.839589642022947 95 144 183
12.671500120864083 64 117 157
12.718522879045674 50 99 137
12.59805495877442 90 144 188
12.59805495877442 90 144 188
13.015476292955137 61 116 153
12.471836134415792 56 112 153
13.015476292955137 61 116 153
12.820015119022663 40 99 139
12.820015119022663 40 99 139
13.349483668693985 50 103 140
12.195925773612647 48 104 144
12.751334520128745 49 106 145
11.299996959507517 45 103 144
12.5614665129505 45 101 141
12.126680773540123 62 116 155
11.997271122518613 67 123 164
13.337619517843745 64 107 134
12.882706668956937 111 135 144
13.003307399062601 65 115 148
12.882706668956937 111 135 144
13.337619517843745 64 107 134
13.134858024684007 55 109 144
12.950614048776051 62 113 150
12.738913306332922 55 106 140
12.093398839660315 84 138 180
11.845772757009929 74 126 166
13.31270424293967 74 125 162
11.54121403079015 77 131 173
11.845772757009929 74 126 166
13.31270424293967 74 125 162
12.856909853289205 64 114 152
13.267787507653042 61 107 140
12.1426605160009 72 124 164
12.579724034533307 25 66 97
12.096342153751937 20 68 105
12.592302275714951 27 75 114
13.361317315078455 22 55 74
12.672680738890113 31 70 92
12.672680738890113 31 70 92
12.760933359757676 96 139 164
12.401239696965229 17 50 69
13.686845791005814 47 86 112
13.913099252471154 52 99 132
13.86130725418868 58 98 124
14.228549465876775 23 52 69
13.780103616906656 8 40 59
14.084758496238535 60 108 139
14.474194074057882 43 86 114
14.228549465876775 23 52 69
14.376933018041159 42 81 108
13.715151597914355 59 88 109
13.697306930528095 7 15 21
13.15776371116322 18 37 50
13.15776371116322 18 37 50
12.825534879799918 22 40 51
13.598215855104776 16 48 70
12.999365798285854 75 120 151
14.348871450988467 34 73 100
13.121639381929143 66 101 128
12.8403685454228 12 14 43
12.990777598612027 152 179 215
12.19728314015474 9 15 30
13.188599317492983 1 14 24
13.921060205178938 8 15 22
13.1875504350993 150 179 212
13.162426403261664 13 28 64
14.963546332735019 102 145 173
12.981171291997807 67 123 162
13.86344210520279 55 111 150
13.164987626292637 52 107 145
15.562579581438854 61 116 155
13.104701064099643 59 113 155
13.513375514033703 81 137 178
8.52452087907882 31 56 76
12.419985732972973 138 173 204
11.810737414706441 146 176 205
13.00235740108 142 171 200
12.386917843358415 0 3 17
12.300067488711955 7 14 34
12.434477439175232 146 180 213
12.550209973292565 41 42 58
12.336865930462917 151 175 199
12.236136719181957 3 16 23
12.49504798992767 147 180 207
12.730050571579612 147 179 207
14.168942453904046 89 117 141
12.587974268449315 0 4 20
12.535852057025345 17 28 51
12.391581936951479 140 174 205
12.639913490488988 141 172 205
10.537643813661248 31 43 52
10.941581553650582 23 32 40
10.615876994867437 28 41 51
10.528816522875275 13 37 51
10.688117049103782 34 42 50
9.671207118243561 16 37 46
10.615876994867437 28 41 51
10.779291303480061 20 38 52
14.104707320372036 90 117 131
13.748265538204361 81 112 130
13.248360740798294 60 79 88
12.042788395465301 58 113 152
12.322128201987024 42 98 139
12.592414295870075 58 116 157
12.674420480418588 78 123 155
12.665892166270435 97 140 168
12.703267548206197 49 103 142
13.258630384246304 58 114 153
12.703267548206197 49 103 142
12.630007119259709 66 119 159
12.843470447529283 23 56 83
12.680024663222143 95 149 193
12.595195593109286 81 134 175
12.642502162959254 69 122 163
12.536268983638527 46 100 136
12.133840148351982 56 112 150
12.471836134415792 56 112 153
12.261808551020813 62 113 146
12.558644354230582 120 141 147
10.906689548724216 45 99 141
11.879748452680671 43 98 137
12.738913306332922 55 106 140
11.034580553899648 64 120 163
12.093398839660315 84 138 180
13.624093073797003 48 67 81
11.340582068528846 33 57 73
12.416853819687029 75 126 166
12.1426605160009 72 124 164
13.518085034119835 29 75 111
13.101431650793991 46 82 106
13.101431650793991 46 82 106
13.1134775101155 15 54 75
13.782675670297586 54 100 132
14.960550631623514 18 48 69
14.2001946752378 21 42 56
12.760933359757676 96 139 164
13.686845791005814 47 86 112
13.58021753276961 30 46 56
13.515431600199937 16 39 54
13.58021753276961 30 46 56
13.480500010036554 5 14 25
12.113256826759722 86 102 130
13.10159699444974 1 7 21
13.188599317492983 1 14 24
12.919666769400258 9 16 27
14.293198965781144 61 117 156
13.513375514033703 81 137 178
16.41436431606512 67 122 160
14.177486310787247 101 144 172
12.770103761520712 27 45 71
12.260835302819842 138 173 204
12.434477439175232 146 180 213
12.059639088630659 8 25 46
13.413057597868285 142 171 202
12.625657585604795 142 173 204
10.583977258977937 17 37 50
10.753267261398396 17 36 48
10.62198972447311 15 35 48
9.916568872962822 15 38 49
9.756390436556309 16 37 46
13.014414657873909 96 110 113
12.589553649085893 50 108 149
12.665892166270435 97 140 168
12.491443785007746 61 110 143
12.737783724226912 44 100 141
12.707267993085624 60 120 160
12.856909853289205 64 114 152
13.337619517843745 64 107 134
13.391437055703024 56 109 144
12.751334520128745 49 106 145
13.267787507653042 61 107 140
12.195925773612647 48 104 144
12.592302275714951 27 75 114
11.841564983130546 48 103 144
13.63307743143245 19 32 43
13.583948491455764 30 68 92
13.811887623379478 51 99 131
13.86130725418868 58 98 124
13.092050428500292 52 100 131
12.537893865973857 20 50 72
8.705706657933025 33 50 58
13.373744601319315 78 135 176
16.438900419090146 40 96 137
12.34562153692879 104 109 127
12.587974268449315 0 4 20
12.614806169776886 138 169 199
12.379375395261537 138 169 198
12.394488275673316 138 175 206
5.150418828957946 0 12 15
9.756390436556309 16 37 46
10.776663684087824 17 36 46
12.237761507342052 54 110 150
12.999365798285854 75 120 151
12.925061906754266 61 117 156
13.31270424293967 74 125 162
13.121639381929143 66 101 128
13.86130725418868 58 98 124
13.049166675935615 50 109 147
13.101431650793991 46 82 106
12.718522879045674 50 99 137
12.956154677493041 15 35 47
10.739198716463306 17 34 46
13.583948491455764 30 68 92
12.630007119259709 66 119 159
12.210683398302278 53 108 146
12.71177078727319 54 108 150
12.95889026757515 32 55 71
12.627946995599487 154 178 206
12.820015119022663 40 99 139
12.184915090147966 138 173 206
12.322128201987024 42 98 139
13.913099252471154 52 99 132
10.869672756067676 63 117 159
13.702615185974201 78 130 170
12.980525408755796 20 70 110
12.751334520128745 49 106 145
13.003307399062601 65 115 148
13.31270424293967 74 125 162
12.053107820486932 136 167 197
