11.204202506255863 184 179 74
11.042566542271292 184 179 74
10.769788369230298 184 179 74
9.982864318643886 184 179 74
9.77390787634185 184 179 74
10.637355245084011 184 179 74
11.903790819752338 184 179 74
10.886724410333137 184 179 74
11.302667895587257 184 179 74
11.1650650240639 184 179 74
9.409451735563083 184 179 74
10.094811723866782 184 179 74
9.541595011224699 184 179 74
10.862809486754943 184 179 74
11.055604075674813 184 179 74
11.160418854926053 184 179 74
9.972514027240079 184 179 74
11.497330308731835 184 179 74
10.146269394667343 184 179 74
10.049718817294446 184 179 74
10.638835584274839 184 179 74
10.31952493636917 184 179 74
11.370354169693671 184 179 74
10.973469843780379 184 179 74
10.70890139999877 184 179 74
11.325919263159014 184 179 74
11.325919263159014 184 179 74
10.678876682288594 184 179 74
11.389562242849399 184 179 74
11.259693625935535 184 179 74
11.206436520085633 184 179 74
9.474561474563696 184 179 74
9.783519277732719 184 179 74
9.488599926730718 184 179 74
9.632984564628094 184 179 74
10.169904121767127 184 179 74
10.145555688447761 184 179 74
10.356088998226172 184 179 74
10.113858720984101 184 179 74
9.88051253246926 184 179 74
11.631685769531465 184 179 74
11.10217711041969 184 179 74
11.869793250171698 184 179 74
11.875601054551016 184 179 74
12.134498265837033 184 179 74
10.7575467805383 184 179 74
10.847922921448163 184 179 74
11.389797951991918 184 179 74
10.561100248218434 184 179 74
11.11063953486375 184 179 74
10.472571177029598 184 179 74
11.11063953486375 184 179 74
10.306748572164109 184 179 74
9.929522189869571 184 179 74
10.206942985243787 184 179 74
18.38945553918806 184 179 74
18.510166469931935 184 179 74
12.27077677226412 184 179 74
11.182987186424112 184 179 74
11.182987186424112 184 179 74
10.265256037893666 184 179 74
11.541105277084926 184 179 74
11.310605668812265 184 179 74
10.944948240642187 184 179 74
10.737208137872694 184 179 74
10.660862225228545 184 179 74
10.48248155589022 184 179 74
10.54275722906337 184 179 74
10.362343662282278 184 179 74
10.355687208978942 184 179 74
10.43426627899177 184 179 74
10.606958470343864 184 179 74
10.44087263527031 184 179 74
10.705050003192023 184 179 74
10.694375128382577 184 179 74
10.523117607243261 184 179 74
10.445206985272167 184 179 74
10.853587758684117 184 179 74
10.575936502881275 184 179 74
11.748451760466232 184 179 74
9.58360862551282 184 179 74
10.014975886332516 184 179 74
9.864494350573457 184 179 74
11.655901367495018 184 179 74
11.432097691255992 184 179 74
9.9750238947593 184 179 74
10.962495874597112 184 179 74
11.782646826051105 184 179 74
9.972514027240079 184 179 74
10.774436081440454 184 179 74
10.60683191814927 184 179 74
11.70122254958707 184 179 74
9.65728024554272 184 179 74
9.474561474563696 184 179 74
9.998692870382593 184 179 74
12.117835042791379 184 179 74
11.410297344896904 184 179 74
10.300056190369801 184 179 74
9.999685536128968 184 179 74
11.18796199777306 184 179 74
11.104431649960558 184 179 74
11.104431649960558 184 179 74
10.479153384839002 184 179 74
10.678030163593387 184 179 74
10.54275722906337 184 179 74
10.464992822753072 184 179 74
11.765800184845274 184 179 74
10.90510402548707 184 179 74
10.373360225091742 184 179 74
10.380005345111678 184 179 74
10.218127092979959 184 179 74
10.44087263527031 184 179 74
9.64166768294871 184 179 74
11.484259234402996 184 179 74
10.037868715350521 184 179 74
9.924097756792415 184 179 74
10.89232720518906 184 179 74
9.706776130729741 184 179 74
11.206436520085633 184 179 74
10.01596693829652 184 179 74
10.86927887222948 184 179 74
11.01932607744372 184 179 74
10.90510402548707 184 179 74
9.62107288563341 184 179 74
9.712703397427346 184 179 74
10.71370081725557 184 179 74
10.038748232603325 184 179 74
10.705050003192023 184 179 74
10.873442453130297 184 179 74
12.205272419429392 184 179 74
11.908915124341862 184 179 74
9.854961923312803 184 179 74
11.813650040329975 184 179 74
11.866092401220751 184 179 74
12.12352402271445 184 179 74
10.390055289542191 184 179 74
11.284776449652854 184 179 74
10.40994595254166 184 179 74
10.509164059754053 184 179 74
9.901570170798994 184 179 74
11.56463132927908 184 179 74
11.56599298639159 184 179 74
11.999914386936426 184 179 74
10.18591344620197 184 179 74
10.43426627899177 184 179 74
10.896358789633098 184 179 74
10.523117607243261 184 179 74
10.706563571817838 184 179 74
12.128814433347157 184 179 74
11.108386255264918 184 179 74
11.543595042092756 184 179 74
