6.346687988840793 189 120 101
5.627112042023525 189 120 101
6.133308150973979 189 120 101
6.451361417778846 189 120 101
6.290718805043121 189 120 101
6.4976526848037 189 120 101
7.478613802587571 189 120 101
6.303010647051699 189 120 101
6.567230538614875 189 120 101
6.726815935543546 189 120 101
7.021180362970668 189 120 101
7.437311739737921 189 120 101
6.038670167712728 189 120 101
6.871663830301861 189 120 101
7.659455501915911 189 120 101
6.775915597435874 189 120 101
7.57257517282247 189 120 101
8.330114993607808 189 120 101
8.368643111018043 189 120 101
7.790863072845888 189 120 101
7.875311480206011 189 120 101
7.960790386767574 189 120 101
7.482662766439554 189 120 101
7.660346936996724 189 120 101
8.084585763830194 189 120 101
8.126165631276631 189 120 101
7.57257517282247 189 120 101
7.788727943026161 189 120 101
8.682639030774453 189 120 101
8.287372010945528 189 120 101
8.084585763830194 189 120 101
6.559011958616498 189 120 101
6.904128127539915 189 120 101
7.521702715241204 189 120 101
7.695606478028907 189 120 101
7.389607605987659 189 120 101
7.699541332617677 189 120 101
7.525728496595822 189 120 101
7.699541332617677 189 120 101
8.285723965300377 189 120 101
8.08165982745449 189 120 101
6.555992819234822 189 120 101
6.750098954142171 189 120 101
7.184062705001506 189 120 101
7.089224518775459 189 120 101
7.872142925292253 189 120 101
8.363850908017808 189 120 101
8.870058600697163 189 120 101
8.076513136453062 189 120 101
7.6930581295487785 189 120 101
7.872142925292253 189 120 101
8.870058600697163 189 120 101
7.912038254442648 189 120 101
8.079440936682003 189 120 101
7.98829509270605 189 120 101
7.566154681737444 189 120 101
7.524425663427239 189 120 101
7.34118818694842 189 120 101
7.518161949554295 189 120 101
7.524425663427239 189 120 101
7.298172983196276 189 120 101
7.427590889914415 189 120 101
7.427590889914415 189 120 101
7.298172983196276 189 120 101
7.14881480698575 189 120 101
7.14881480698575 189 120 101
7.282030136201091 189 120 101
6.910274992559435 189 120 101
7.732969774379997 189 120 101
7.530961892330862 189 120 101
7.530961892330862 189 120 101
7.614144572974787 189 120 101
6.985197009661036 189 120 101
7.317772812409134 189 120 101
8.439944295509331 189 120 101
8.281685358855825 189 120 101
8.594322242901736 189 120 101
8.281685358855825 189 120 101
8.439944295509331 189 120 101
8.402555837824911 189 120 101
7.50470902573631 189 120 101
7.326275331486967 189 120 101
8.710855700762933 189 120 101
7.573752989895645 189 120 101
8.595555268942585 189 120 101
7.573752989895645 189 120 101
7.220290366660262 189 120 101
5.627112042023525 189 120 101
7.234915459841732 189 120 101
6.242893304757971 189 120 101
7.062771647842721 189 120 101
7.062771647842721 189 120 101
6.409492638940581 189 120 101
7.019023069869565 189 120 101
7.345743886241684 189 120 101
7.392606195459849 189 120 101
7.482662766439554 189 120 101
8.167692699236355 189 120 101
8.330114993607808 189 120 101
8.168710807332907 189 120 101
8.126165631276631 189 120 101
8.946967334033735 189 120 101
7.695606478028907 189 120 101
6.904128127539915 189 120 101
7.389607605987659 189 120 101
7.566547951257841 189 120 101
7.525728496595822 189 120 101
8.12446147759588 189 120 101
8.12446147759588 189 120 101
6.750098954142171 189 120 101
7.089224518775459 189 120 101
6.806959271043493 189 120 101
8.32612075987463 189 120 101
7.566154681737444 189 120 101
7.427590889914415 189 120 101
7.374389166319289 189 120 101
7.872142925292253 189 120 101
7.737984994267723 189 120 101
7.98829509270605 189 120 101
7.6930581295487785 189 120 101
7.513934110462051 189 120 101
7.737984994267723 189 120 101
6.910274992559435 189 120 101
7.14881480698575 189 120 101
7.530961892330862 189 120 101
7.257304318068612 189 120 101
7.993597896950007 189 120 101
8.203546859047757 189 120 101
8.439944295509331 189 120 101
8.710855700762933 189 120 101
7.326275331486967 189 120 101
7.326275331486967 189 120 101
7.774649114891822 189 120 101
7.774649114891822 189 120 101
8.674634974221053 189 120 101
9.227950448028137 189 120 101
9.227950448028137 189 120 101
8.281685358855825 189 120 101
8.117893976033761 189 120 101
7.573752989895645 189 120 101
7.573752989895645 189 120 101
6.239134215250508 189 120 101
6.290718805043121 189 120 101
8.127188941548 189 120 101
7.659455501915911 189 120 101
7.958700844528199 189 120 101
7.875311480206011 189 120 101
7.437311739737921 189 120 101
6.354076687061673 189 120 101
7.566547951257841 189 120 101
8.368820892750852 189 120 101
7.14881480698575 189 120 101
7.912038254442648 189 120 101
7.269105744344335 189 120 101
7.317772812409134 189 120 101
8.710855700762933 189 120 101
8.243579154684689 189 120 101
7.50470902573631 189 120 101
8.117893976033761 189 120 101
8.595555268942585 189 120 101
7.521702715241204 189 120 101
7.302551781628712 189 120 101
8.682639030774453 189 120 101
7.518161949554295 189 120 101
8.710855700762933 189 120 101
8.079440936682003 189 120 101
7.530961892330862 189 120 101
7.524425663427239 189 120 101
7.021180362970668 189 120 101
7.875311480206011 189 120 101
6.354076687061673 189 120 101
7.790863072845888 189 120 101
7.427590889914415 189 120 101
6.59673516461203 189 120 101
6.871663830301861 189 120 101
8.163801243648571 189 120 101
7.872142925292253 189 120 101
8.368820892750852 189 120 101
