9.698227969133812 -0.06169560155639099 1.6528351232405813 90 239 91
11.263417974256063 0.42825443790015283 1.9144275933077197 90 239 91
11.69070954577429 0.510615291593474 1.9013791968447868 90 239 91
11.56945290119452 0.6151877045037447 2.1985150851142805 90 239 91
12.143683401088014 0.919203872751303 2.2677385820519933 90 239 91
12.143683401088014 0.919203872751303 2.2677385820519933 90 239 91
11.7661511822344 0.7633981076308861 2.4150280610276833 90 239 91
11.582196554975102 0.6826051920476902 2.3090444004421764 90 239 91
11.7661511822344 0.7633981076308861 2.4150280610276833 90 239 91
12.081199537253768 0.7667685842698319 2.2720758125508387 90 239 91
12.143683401088014 0.919203872751303 2.2677385820519933 90 239 91
10.061539684333326 -0.06169560155639099 1.852262602110009 90 239 91
9.45186344830461 0.04669233706278444 1.9839290904984779 90 239 91
9.821059438839345 0.04185833643110943 1.7545729621015351 90 239 91
9.45186344830461 0.04669233706278444 1.9839290904984779 90 239 91
9.45186344830461 0.04669233706278444 1.9839290904984779 90 239 91
9.035084905551004 0.052787446491359 2.1301989707828355 90 239 91
9.905508314245953 -0.06880899535252699 2.0760709045321626 90 239 91
9.60860960886436 0.2081642231487117 2.3562571559348817 90 239 91
8.827672165165312 0.06071049939273102 2.286871454494328 90 239 91
8.838534416676268 -0.08941456846842842 2.285802570203435 90 239 91
8.855209045521724 -0.10514018611173755 2.4454406349234565 90 239 91
8.838534416676268 -0.08941456846842842 2.285802570203435 90 239 91
11.320241724859603 0.8605534851962566 2.460529532227024 90 239 91
11.830299147955468 0.9430499683281678 2.4089477290635597 90 239 91
11.060757802228741 1.0295776622882555 2.6584505219323065 90 239 91
11.060757802228741 1.0295776622882555 2.6584505219323065 90 239 91
11.701677017737724 0.7585390269186651 2.5626418665001967 90 239 91
11.624187519038177 0.9098219860019894 2.7615385951700557 90 239 91
11.363148322827954 0.6322016171277681 2.609947121531702 90 239 91
10.992119853451566 0.750926157293632 2.670491694381254 90 239 91
8.951338378998013 1.9228778450477964 2.2749119699523015 90 239 91
8.265491730953412 1.981420235121955 2.3477017903803814 90 239 91
8.20939503292428 1.8688152921316807 2.5457544339703286 90 239 91
8.786482346620028 1.8160826012475453 2.4548530821184924 90 239 91
9.192977972603376 2.3503393486712936 2.4025633024571844 90 239 91
8.763862444077642 2.2214865996399173 2.4580072689468637 90 239 91
8.763862444077642 2.2214865996399173 2.4580072689468637 90 239 91
9.054482003166406 1.8688152921316807 2.607774842180328 90 239 91
9.054482003166406 1.8688152921316807 2.607774842180328 90 239 91
9.295606373441363 2.5751642259779226 2.390527498178846 90 239 91
8.758009978522937 2.477898573618603 2.4588280046154547 90 239 91
8.977761003117656 2.719468870162527 2.4292627796840627 90 239 91
8.825026809639569 2.175571598310704 2.6535531751644283 90 239 91
8.48958143667835 2.345416079202286 2.734191082417491 90 239 91
9.037477849557517 2.829565060520765 2.6109667725766603 90 239 91
9.037477849557517 2.829565060520765 2.6109667725766603 90 239 91
9.24576179133479 2.63698312691156 2.5737454459572806 90 239 91
9.24576179133479 2.63698312691156 2.5737454459572806 90 239 91
8.819214933090697 2.5195265700864273 2.654795985938928 90 239 91
8.936884281469647 3.0490315594020876 2.6304756973707875 90 239 91
9.420818389788934 3.0216583080012995 2.774969002301276 90 239 91
8.94761395230682 -3.0055267078365784 2.6283415433509765 90 239 91
9.420818389788934 3.0216583080012995 2.774969002301276 90 239 91
8.936884281469647 3.0490315594020876 2.6304756973707875 90 239 91
13.90551352081442 -0.3471390374054694 3.015284727627891 90 239 91
13.90551352081442 -0.3471390374054694 3.015284727627891 90 239 91
13.898611855088843 0.2405442126001768 3.0192573928698554 90 239 91
9.407318771801718 2.9240754574155976 2.377892856839213 90 239 91
10.029306810474104 -3.060718809928047 2.3151388688933205 90 239 91
10.101375442701402 3.098418159689514 1.9559111484495104 90 239 91
10.51496028629411 3.102584033430512 1.7423204582222969 90 239 91
10.113513060202008 2.7925344267865584 1.7492006809593015 90 239 91
9.310721843843764 3.078075717102708 2.388790179996245 90 239 91
9.861866634477066 2.992583953029926 1.858121862572552 90 239 91
9.484114993507918 2.8613521952083754 1.9824388930647139 90 239 91
9.607588235096074 2.7798223524113075 2.3563634839831256 90 239 91
9.407318771801718 2.9240754574155976 2.377892856839213 90 239 91
10.113513060202008 2.7925344267865584 1.7492006809593015 90 239 91
9.247939196218665 2.649688342507793 2.2479764206996276 90 239 91
9.7855271922848 2.75460724403367 1.969030105361481 90 239 91
9.607588235096074 2.7798223524113075 2.3563634839831256 90 239 91
9.861866634477066 2.992583953029926 1.858121862572552 90 239 91
9.73292399684086 2.975055484904633 2.0859066565306708 90 239 91
10.029306810474104 -3.060718809928047 2.3151388688933205 90 239 91
9.466452767604494 2.952908802554205 2.2295529543329584 90 239 91
10.073277201170848 -3.0480574656887964 2.455620554308329 90 239 91
10.063747750837752 3.078075717102708 2.456778133218405 90 239 91
9.366653301751628 -0.7815265201644424 1.5488805308312612 90 239 91
9.442346851637579 -0.3940951347794457 1.4428028968969893 90 239 91
9.478224529415932 -0.6317264225516986 1.5491385492938905 90 239 91
9.509270096547072 -0.6317264225516986 1.6544690865830014 90 239 91
9.866600673269723 -0.488524369598379 1.4483347956932942 90 239 91
9.498480165767047 -0.9314992799731935 1.6545643586404588 90 239 91
9.205131824405402 -0.2916457663185594 1.7670247646417394 90 239 91
9.773219746986152 -0.3940951347794457 1.8608032499794223 90 239 91
9.451133764990507 -0.2916457663185594 1.8709887972089878 90 239 91
9.9416798409267 -0.16394597107946426 1.7523182617444415 90 239 91
10.104716807607355 -0.3940951347794457 1.9557771115866556 90 239 91
10.16988080552328 -0.16394597107946426 1.8491836932644565 90 239 91
10.222665235733224 -0.2916457663185594 2.05898871495301 90 239 91
9.391935028945046 -0.3272569540617992 2.1065818038099287 90 239 91
9.726562925712814 -0.20574332902828021 2.209013233461115 90 239 91
9.95581445502848 -0.488524369598379 1.752057686626624 90 239 91
8.854430192747392 -0.567014218263193 2.2842448728696065 90 239 91
8.950189798720347 -0.4958840274833558 2.1361489941516387 90 239 91
9.208611013511357 -0.43087943172652593 2.4007023311645828 90 239 91
9.638519749057417 -0.23563238553323573 2.3531583756992966 90 239 91
8.950189798720347 -0.4958840274833558 2.1361489941516387 90 239 91
8.978119069104965 -0.27542508362242746 2.4292165990898233 90 239 91
9.19257745102231 -0.37231711473595525 2.2528279920650434 90 239 91
9.208611013511357 -0.43087943172652593 2.4007023311645828 90 239 91
9.19257745102231 -0.37231711473595525 2.2528279920650434 90 239 91
9.481572098145339 -0.6997421644614692 1.9825559854096442 90 239 91
9.121852101325613 -0.8627339306207884 1.8821824922379478 90 239 91
9.772544535196664 -0.7815265201644424 1.8608238687181475 90 239 91
9.127471277044135 -0.6997421644614692 1.8819843529072668 90 239 91
9.305526788816048 -0.6831246150900044 2.24301067999668 90 239 91
9.284139489335942 -0.7808378186067602 2.1134894837300973 90 239 91
9.305526788816048 -0.6831246150900044 2.24301067999668 90 239 91
9.396690492522048 -0.6049368242428741 2.1062813640898597 90 239 91
9.305526788816048 -0.6831246150900044 2.24301067999668 90 239 91
9.284139489335942 -0.7808378186067602 2.1134894837300973 90 239 91
9.756848853912246 -0.27542508362242746 2.4962591200005435 90 239 91
9.633825979253126 -0.9314992799731935 1.758186644262787 90 239 91
8.63157435606153 -0.5094235584929065 2.4770448944085257 90 239 91
9.300015196899729 -0.8777551289528378 2.243482432501068 90 239 91
8.842841270124792 -0.9931841157197997 2.285379761475465 90 239 91
8.734894841005783 -0.7798510877296028 2.2961512908309034 90 239 91
8.933020465658377 -1.3260697245650506 2.276654921568701 90 239 91
8.91645794940891 -0.9570185606265291 2.010408053139992 90 239 91
9.491780193672325 -1.472985484223139 2.3686442268491703 90 239 91
8.842841270124792 -0.9931841157197997 2.285379761475465 90 239 91
9.170239668286486 -1.1891349271971252 2.2548076010341283 90 239 91
8.842841270124792 -0.9931841157197997 2.285379761475465 90 239 91
9.611884944116523 -1.3260697245650506 2.355916412387341 90 239 91
9.491780193672325 -1.472985484223139 2.3686442268491703 90 239 91
9.47625718894578 -1.624229701109425 2.3703250744263236 90 239 91
9.95391158654745 -1.1289318130395891 2.4704040113775623 90 239 91
12.34769592283894 -1.3927168737796385 2.8411912410386853 90 239 91
12.335767250923215 -1.668588147835802 2.844328740145971 90 239 91
12.08218766986398 -1.7058651647970213 2.9230242676868037 90 239 91
10.430077210166525 -1.6337549771228788 2.5740218533296755 90 239 91
10.217089989332045 -1.624229701109425 2.438601516036674 90 239 91
9.60192861205355 -1.6337549771228788 2.5180053402653257 90 239 91
9.935192843811603 -1.075176016164033 1.752438103549636 90 239 91
9.746953034094508 -1.1695226794796623 1.8616075487853796 90 239 91
10.16353946136816 -1.075176016164033 1.8493620229125298 90 239 91
10.114893462364021 -1.3016227750223703 1.7491760721317307 90 239 91
10.113584660335638 -1.0217436031578864 2.0647253508198142 90 239 91
10.699396484479298 -1.2720515439213371 2.14312954732498 90 239 91
10.449669080844416 -1.4007952505032448 1.9424367930646282 90 239 91
10.732948316764176 -1.607543165309553 2.0339042457268124 90 239 91
10.74665624760905 -1.5034510528063594 2.0332674306453593 90 239 91
10.852882632656556 -1.4007952505032448 2.028393792937595 90 239 91
11.228539443905298 -1.5034510528063594 2.1130554560821238 90 239 91
10.323769997344495 -1.3572476401615354 2.289174472034205 90 239 91
10.21204122710669 -1.48579561080164 2.298779494080792 90 239 91
10.977411361759478 -1.5097902350833716 1.8282199994697548 90 239 91
11.081425952431832 -1.4165732012989782 1.8257496942391962 90 239 91
10.695948612579315 -2.1501789462546026 2.7281494063210388 90 239 91
10.51152080700464 -1.807988459301999 2.561982352925772 90 239 91
11.072272192376497 -2.043938216880544 2.6564719641003363 90 239 91
11.965980488081048 -2.043938216880544 2.6954519070937906 90 239 91
9.805566993491245 -2.690039682861469 2.4896884185602057 90 239 91
9.805566993491245 -2.690039682861469 2.4896884185602057 90 239 91
10.673189823565272 -2.482740537500655 2.7330368758855674 90 239 91
11.823732137248244 -2.1541116976436716 2.4095652737263755 90 239 91
11.296404156821785 -2.2318813606137984 2.4631375513841203 90 239 91
11.52895152129589 -2.252525611424872 2.313254654954717 90 239 91
11.296404156821785 -2.2318813606137984 2.4631375513841203 90 239 91
11.823732137248244 -2.1541116976436716 2.4095652737263755 90 239 91
11.52895152129589 -2.252525611424872 2.313254654954717 90 239 91
11.768290672279754 -2.1105863393730346 2.5540389004108475 90 239 91
11.768290672279754 -2.1105863393730346 2.5540389004108475 90 239 91
11.662175167359926 -2.329027717344387 2.5678443782002205 90 239 91
11.662175167359926 -2.329027717344387 2.5678443782002205 90 239 91
11.082128917965557 -2.0911561530465477 2.2308076091388465 90 239 91
11.721905088059318 -2.0911561530465477 2.298252665638003 90 239 91
12.898714728597547 -1.7883451665586791 3.0145351219037897 90 239 91
13.060196645873129 -1.7058651647970213 2.9396275593457086 90 239 91
12.898714728597547 -1.7883451665586791 3.0145351219037897 90 239 91
17.15024680307373 -1.9035190177020769 2.251605197610719 90 239 91
10.290528237401253 -2.952800292876907 2.168945350205915 90 239 91
9.762453270858204 -2.952800292876907 2.0841951952739883 90 239 91
9.974837775363893 -2.8402678225872573 2.072230195248897 90 239 91
9.657392276947169 -2.7536673352690477 2.351217870987808 90 239 91
10.637794857771587 -2.6867356111026104 2.2636502266493017 90 239 91
10.028619142083775 -2.6867356111026104 2.1868517042567364 90 239 91
10.581584529561416 -2.4103994915175195 1.9375825228592274 90 239 91
10.581584529561416 -2.4103994915175195 1.9375825228592274 90 239 91
10.429050612405023 -2.5829483338134778 2.1599220654800737 90 239 91
10.375404336656558 -2.515298186590298 2.2848321354941437 90 239 91
10.259212074481436 -2.419449969432181 2.1710268659581335 90 239 91
10.18149342438352 -2.8954657719868444 2.4427373494601015 90 239 91
10.18149342438352 -2.8954657719868444 2.4427373494601015 90 239 91
10.679260176109475 -2.626515730057499 2.388964679449481 90 239 91
10.38531189372285 -2.7536673352690477 2.4196965752772925 90 239 91
10.18149342438352 -2.8954657719868444 2.4427373494601015 90 239 91
10.723006614623763 -2.33992913106822 1.7389605168540059 90 239 91
11.473239383341507 -2.267305237169764 2.1002543210783973 90 239 91
11.461496617801629 0.7667685842698319 2.205366876488744 90 239 91
12.052475564078966 0.510615291593474 1.9799379035640639 90 239 91
11.461496617801629 0.7667685842698319 2.205366876488744 90 239 91
11.56945290119452 0.6151877045037447 2.1985150851142805 90 239 91
11.582196554975102 0.6826051920476902 2.3090444004421764 90 239 91
11.7661511822344 0.7633981076308861 2.4150280610276833 90 239 91
11.0386972104562 0.7633981076308861 2.3548119554324667 90 239 91
11.561182522778411 0.8481168083729477 2.310699482708167 90 239 91
12.257667757940721 0.8481168083729477 2.3709867603687673 90 239 91
9.462009164259628 -0.06880899535252699 1.9834591029227113 90 239 91
10.051999106659228 0.04185833643110943 1.8525370446441571 90 239 91
9.045698095208133 -0.07777274869096064 2.1294645245523522 90 239 91
9.514056621373289 0.06071049939273102 2.3662467101567293 90 239 91
9.45186344830461 0.04669233706278444 1.9839290904984779 90 239 91
9.514056621373289 0.06071049939273102 2.3662467101567293 90 239 91
8.844367273058785 0.0714272164037922 2.446908710563668 90 239 91
8.838534416676268 -0.08941456846842842 2.285802570203435 90 239 91
10.39109774197509 3.102584033430512 1.6473537467024486 90 239 91
11.320241724859603 0.8605534851962566 2.460529532227024 90 239 91
11.701677017737724 0.7585390269186651 2.5626418665001967 90 239 91
11.3417284438267 0.8791242964441439 2.613167122474137 90 239 91
11.363148322827954 0.6322016171277681 2.609947121531702 90 239 91
8.786482346620028 1.8160826012475453 2.4548530821184924 90 239 91
8.013476611287516 2.2214865996399173 2.3791111044005167 90 239 91
8.432065338495557 2.061451932852403 2.5078576317109644 90 239 91
9.26455707745271 2.0530983279300203 2.246535102183079 90 239 91
9.295606373441363 2.5751642259779226 2.390527498178846 90 239 91
8.936884281469647 3.0490315594020876 2.6304756973707875 90 239 91
8.936884281469647 3.0490315594020876 2.6304756973707875 90 239 91
9.559370530913586 2.8850681990249147 2.5242212206603636 90 239 91
9.516297828160326 2.7450083681220576 2.7496702998694564 90 239 91
8.819214933090697 2.5195265700864273 2.654795985938928 90 239 91
9.24576179133479 2.63698312691156 2.5737454459572806 90 239 91
9.1425738857782 2.3486063050487025 2.591691085019466 90 239 91
9.1425738857782 2.3486063050487025 2.591691085019466 90 239 91
9.24576179133479 2.63698312691156 2.5737454459572806 90 239 91
14.059080596237305 -0.2214304972489563 2.947368913193651 90 239 91
13.898611855088843 0.2405442126001768 3.0192573928698554 90 239 91
9.961422511017886 2.7080125122917607 2.1916355713780225 90 239 91
9.73292399684086 2.975055484904633 2.0859066565306708 90 239 91
9.961422511017886 2.7080125122917607 2.1916355713780225 90 239 91
9.961422511017886 2.7080125122917607 2.1916355713780225 90 239 91
10.063747750837752 3.078075717102708 2.456778133218405 90 239 91
9.992494071076539 -0.26286123270419687 1.5502533405379435 90 239 91
10.529144194164655 -0.3567916916081333 1.3597904838328336 90 239 91
10.021946682135276 -0.26286123270419687 1.6501795153593237 90 239 91
8.957361385472169 -0.5411513851841667 1.6596378005411483 90 239 91
9.398769554827647 -0.3940951347794457 1.65545516330064 90 239 91
9.478224529415932 -0.6317264225516986 1.5491385492938905 90 239 91
9.398067440398433 -0.7815265201644424 1.655461503180656 90 239 91
9.898432147997232 -0.3940951347794457 1.241037305550103 90 239 91
9.793539042797866 -0.2916457663185594 1.968685955575688 90 239 91
9.577134864022208 -0.18250812530746488 1.9782023732794953 90 239 91
8.961673136970983 -0.23563238553323573 2.273932893500154 90 239 91
9.305526788816048 -0.6831246150900044 2.24301067999668 90 239 91
9.577134864022208 -0.18250812530746488 1.9782023732794953 90 239 91
9.756848853912246 -0.27542508362242746 2.4962591200005435 90 239 91
9.924197045171498 -0.6997421644614692 2.0750295013018127 90 239 91
8.950189798720347 -0.4958840274833558 2.1361489941516387 90 239 91
9.481572098145339 -0.6997421644614692 1.9825559854096442 90 239 91
9.538889431023883 -0.567014218263193 2.3635941021153255 90 239 91
9.491780193672325 -1.472985484223139 2.3686442268491703 90 239 91
9.385771140542467 -0.9570185606265291 2.106971757677361 90 239 91
8.91645794940891 -0.9570185606265291 2.010408053139992 90 239 91
9.832739857886892 -1.1891349271971252 2.3337122639121763 90 239 91
9.832739857886892 -1.1891349271971252 2.3337122639121763 90 239 91
8.977384055979128 -0.8999864969544947 2.4293114020729405 90 239 91
9.73580581867058 -1.284522271051772 2.499135519339352 90 239 91
12.335767250923215 -1.668588147835802 2.844328740145971 90 239 91
10.430077210166525 -1.6337549771228788 2.5740218533296755 90 239 91
10.231489079506108 -1.472985484223139 2.4369424045288453 90 239 91
10.339272087242744 -1.3016227750223703 1.8445043113431288 90 239 91
10.732948316764176 -1.607543165309553 2.0339042457268124 90 239 91
11.27355479626318 -1.5097902350833716 1.914105864444301 90 239 91
10.079314013756424 -1.1695226794796623 1.9567985437581277 90 239 91
9.935192843811603 -1.075176016164033 1.752438103549636 90 239 91
10.21204122710669 -1.48579561080164 2.298779494080792 90 239 91
10.852882632656556 -1.4007952505032448 2.028393792937595 90 239 91
11.228539443905298 -1.5034510528063594 2.1130554560821238 90 239 91
10.950031406722273 -2.1105863393730346 2.503393957856116 90 239 91
11.718118703115993 -2.333988448559988 2.419652195598613 90 239 91
12.40470526594671 -1.9306147692323399 2.8266941272892314 90 239 91
11.823732137248244 -2.1541116976436716 2.4095652737263755 90 239 91
11.823732137248244 -2.1541116976436716 2.4095652737263755 90 239 91
13.07146423943467 -1.3264581780632259 2.93546008679694 90 239 91
11.403192741832642 -2.337417410505847 2.2091359483257347 90 239 91
10.280529335786312 -2.73506503933224 2.0560019529662545 90 239 91
9.85392337522981 -2.73506503933224 1.9661117207646304 90 239 91
10.409971849922531 -2.4910471097345157 2.049457179271058 90 239 91
10.342668159469062 -2.8021973990059355 2.2875782389617223 90 239 91
10.38531189372285 -2.7536673352690477 2.4196965752772925 90 239 91
10.38531189372285 -2.7536673352690477 2.4196965752772925 90 239 91
11.507840260766166 -2.419449969432181 2.3149393191941985 90 239 91
11.638473353574215 0.42825443790015283 1.9954148050933886 90 239 91
9.821059438839345 0.04185833643110943 1.7545729621015351 90 239 91
10.051999106659228 0.04185833643110943 1.8525370446441571 90 239 91
9.830824140444781 -0.06169560155639099 1.754388341542484 90 239 91
8.946001211805017 0.2436861989638944 2.4333835721243404 90 239 91
11.624187519038177 0.9098219860019894 2.7615385951700557 90 239 91
8.603715047612605 2.1260950051392444 2.3097513846738744 90 239 91
8.432065338495557 2.061451932852403 2.5078576317109644 90 239 91
8.20939503292428 1.8688152921316807 2.5457544339703286 90 239 91
8.819214933090697 2.5195265700864273 2.654795985938928 90 239 91
8.612522227826226 1.9490616068596116 2.702286914958 90 239 91
13.90551352081442 -0.3471390374054694 3.015284727627891 90 239 91
13.90551352081442 -0.3471390374054694 3.015284727627891 90 239 91
14.059080596237305 -0.2214304972489563 2.947368913193651 90 239 91
9.665497049927145 2.82559052139796 2.2137079091368586 90 239 91
10.183470755376876 -3.0703661526903083 2.176126692092313 90 239 91
9.414906314135653 2.7080125122917607 2.1051338292173853 90 239 91
9.665497049927145 2.82559052139796 2.2137079091368586 90 239 91
10.183470755376876 -3.0703661526903083 2.176126692092313 90 239 91
10.10956010617422 2.952908802554205 2.3078513663993636 90 239 91
9.639590463677237 3.0932569000794423 2.0913962479600428 90 239 91
10.110869429161244 -3.0779599318477175 1.955530553598896 90 239 91
10.073277201170848 -3.0480574656887964 2.455620554308329 90 239 91
9.534838706204718 -0.7815265201644424 1.7601555277428649 90 239 91
9.939714338299037 -0.3272569540617992 2.1931983796327743 90 239 91
9.284139489335942 -0.7808378186067602 2.1134894837300973 90 239 91
9.100758239235367 -0.5411513851841667 1.7693050997763393 90 239 91
9.19257745102231 -0.37231711473595525 2.2528279920650434 90 239 91
9.349506835554102 -0.5411513851841667 1.8743552619821082 90 239 91
10.015537416570924 -0.18250812530746488 2.0700039978522833 90 239 91
9.191891988798664 -1.1289318130395891 2.4026929554735994 90 239 91
8.63157435606153 -0.5094235584929065 2.4770448944085257 90 239 91
9.428036138162174 -0.7798510877296028 2.375600685609304 90 239 91
10.754991093063076 -1.1289318130395891 2.5282622045761176 90 239 91
9.67962381204527 -1.0217436031578864 1.9736375461251596 90 239 91
10.079314013756424 -1.1695226794796623 1.9567985437581277 90 239 91
9.762076113919772 -1.2720515439213371 1.9700409835323227 90 239 91
9.333040212259418 -1.0217436031578864 1.874907970701504 90 239 91
10.21204122710669 -1.48579561080164 2.298779494080792 90 239 91
11.072272192376497 -2.043938216880544 2.6564719641003363 90 239 91
11.326993006448365 -2.201052927078968 2.6153997328022944 90 239 91
11.721905088059318 -2.0911561530465477 2.298252665638003 90 239 91
12.964659683763227 -2.273915297445384 2.97951119433193 90 239 91
10.218687557249408 -2.9725816722583662 1.9512619663158495 90 239 91
10.342668159469062 -2.8021973990059355 2.2875782389617223 90 239 91
10.261174429081542 -2.638573105410826 1.9496064905990729 90 239 91
10.137992398781856 -2.927854441768271 2.3053086167318537 90 239 91
10.375404336656558 -2.515298186590298 2.2848321354941437 90 239 91
9.613226907168817 -0.07777274869096064 2.2177871327586742 90 239 91
8.688884448616465 1.6359843822487206 2.4686703031449273 90 239 91
8.763862444077642 2.2214865996399173 2.4580072689468637 90 239 91
14.052254354101331 0.15146379058359868 2.949854200417436 90 239 91
10.019735541394581 3.0866955048756752 2.3160190839881305 90 239 91
9.466452767604494 2.952908802554205 2.2295529543329584 90 239 91
9.396690492522048 -0.6049368242428741 2.1062813640898597 90 239 91
8.978119069104965 -0.27542508362242746 2.4292165990898233 90 239 91
9.19257745102231 -0.37231711473595525 2.2528279920650434 90 239 91
9.263415181670254 -0.43954871107888843 1.9928644070021835 90 239 91
10.852882632656556 -1.4007952505032448 2.028393792937595 90 239 91
9.52813304208567 -0.9931841157197997 2.364740509461046 90 239 91
12.675073545428832 -1.4308921521913252 2.7666974007393534 90 239 91
10.987485080820559 -2.333988448559988 2.3594708760072285 90 239 91
11.296404156821785 -2.2318813606137984 2.4631375513841203 90 239 91
12.08218766986398 -1.7058651647970213 2.9230242676868037 90 239 91
11.081425952431832 -1.4165732012989782 1.8257496942391962 90 239 91
8.977384055979128 -0.8999864969544947 2.4293114020729405 90 239 91
10.934914192453796 -2.33992913106822 1.8292432829428402 90 239 91
11.69070954577429 0.510615291593474 1.9013791968447868 90 239 91
12.130911977124317 0.39220431055275373 1.8889523108153707 90 239 91
12.143683401088014 0.919203872751303 2.2677385820519933 90 239 91
8.977761003117656 2.719468870162527 2.4292627796840627 90 239 91
9.523411939645385 -0.4958840274833558 2.2249312552900893 90 239 91
10.963991940499703 -1.6040778501177553 1.828542237108406 90 239 91
9.611884944116523 -1.3260697245650506 2.355916412387341 90 239 91
13.07146423943467 -1.3264581780632259 2.93546008679694 90 239 91
9.97281907837374 -2.626515730057499 2.3203686662306695 90 239 91
8.603715047612605 2.1260950051392444 2.3097513846738744 90 239 91
8.94761395230682 -3.0055267078365784 2.6283415433509765 90 239 91
9.822170900468645 2.8899977419350127 1.7545519289378966 90 239 91
9.780492982532287 -0.16394597107946426 1.549807987908507 90 239 91
9.715983654116625 -0.43954871107888843 2.086893936333957 90 239 91
8.49759020305758 -0.43087943172652593 2.3211907513384706 90 239 91
9.208611013511357 -0.43087943172652593 2.4007023311645828 90 239 91
9.638519749057417 -0.23563238553323573 2.3531583756992966 90 239 91
9.284139489335942 -0.7808378186067602 2.1134894837300973 90 239 91
9.4761628994821 -0.8627339306207884 1.9828052909843052 90 239 91
8.983093600945915 -0.6585502605986725 2.42857565805396 90 239 91
10.695948612579315 -2.1501789462546026 2.7281494063210388 90 239 91
10.18149342438352 -2.8954657719868444 2.4427373494601015 90 239 91
8.712106813136728 -0.8777551289528378 2.153583933731641 90 239 91
9.988895653530326 -2.4910471097345157 1.9604798959402037 90 239 91
11.403192741832642 -2.337417410505847 2.2091359483257347 90 239 91
10.496763716830493 -1.1695226794796623 2.0451713560138343 90 239 91
