6.988236980319416 1.150963253918183 1.772358786120599 49 82 190
6.724661807900442 0.9899890313262777 2.2838762958974375 49 82 190
7.7707305734686125 0.7259052619980207 2.172569195196049 49 82 190
7.829878570192474 0.9456163188597501 2.1673906307032986 49 82 190
7.397662456246354 1.0823761445037932 2.2076312599546606 49 82 190
7.2718581022677995 0.5963807113146424 2.220488569773451 49 82 190
6.85035138612844 1.0823761445037932 2.0899965440781507 49 82 190
7.314977971315726 0.9456163188597501 2.0540577666383597 49 82 190
8.063078575008204 1.0257449914381953 2.0059580733591105 49 82 190
7.338259936248602 1.291837135047639 2.0523935854291353 49 82 190
7.338259936248602 1.291837135047639 2.0523935854291353 49 82 190
7.644059621650909 1.150963253918183 2.031596846245252 49 82 190
7.644059621650909 1.150963253918183 2.031596846245252 49 82 190
7.879751983929243 0.8313057626187356 2.0168013717378903 49 82 190
7.081230204502205 1.2421948964311074 2.2411032099082884 49 82 190
7.561328096090054 0.4394452339847619 2.3660401528662467 49 82 190
7.848615211689406 0.8426988672920662 2.3293855056288644 49 82 190
7.417490959466 0.9899890313262777 2.3860223628395265 49 82 190
7.701489106073113 0.8615990598776954 2.5514916680488122 49 82 190
6.761854706492618 0.6102050954278915 2.8125281417198247 49 82 190
7.092550153444025 0.42175361430108294 2.6956883284764284 49 82 190
7.101942236202527 1.172192316486249 2.434450031460235 49 82 190
6.552346918504496 1.0674568753644538 2.5392081424164834 49 82 190
7.101942236202527 1.172192316486249 2.434450031460235 49 82 190
6.117917681246893 0.89902407003352 2.6519428788386605 49 82 190
6.893100807897549 0.8615990598776954 2.4706788271693085 49 82 190
7.3550273524467835 0.7090693050272673 2.39508105204946 49 82 190
6.970802964459572 0.5360808499294594 2.456757119821459 49 82 190
7.33543462005087 0.6789937488921785 2.630779942996263 49 82 190
7.01619643807372 0.89902407003352 2.719026203066983 49 82 190
6.761854706492618 0.6102050954278915 2.8125281417198247 49 82 190
7.092550153444025 0.42175361430108294 2.6956883284764284 49 82 190
6.714742034017119 0.3190340899254851 2.504887157123188 49 82 190
7.689803603626126 -0.5744081373490186 2.028645816965567 49 82 190
7.120220043560129 -1.3113880465342276 1.768572570617568 49 82 190
7.686170553613997 -1.1786349305809611 1.888225541074501 49 82 190
8.103012179840617 -1.0589543716759109 1.8713704584638686 49 82 190
6.71568964067983 -1.2101145894436636 2.285032379039566 49 82 190
7.303080429463745 -0.5744081373490186 1.9055092875186197 49 82 190
6.911439643855784 -0.7796994429113352 2.2607324565101266 49 82 190
6.938425342553263 -0.29313450847641626 2.082757030653204 49 82 190
7.158845002225699 -0.7808942968110013 1.9125253182360031 49 82 190
7.048551337497435 -1.0393929145773941 2.2447839955506996 49 82 190
6.71568964067983 -1.2101145894436636 2.285032379039566 49 82 190
6.546952475452213 -0.1548483401614871 2.307598515932379 49 82 190
7.196615004385942 -0.5595230059418115 2.666334615120391 49 82 190
7.426732056095256 -0.3498262735583308 2.3847024499031657 49 82 190
6.870929989015343 -0.7732581783954938 2.7688222289631184 49 82 190
6.601774549124982 0.06642294723645768 2.5284048472568053 49 82 190
6.601774549124982 0.06642294723645768 2.5284048472568053 49 82 190
6.811968616999155 -1.125048641714714 2.4858291601607654 49 82 190
6.985694975676855 0.09011190064067195 2.728843828407272 49 82 190
7.02108260222559 -0.261813505031313 2.7174811626392565 49 82 190
6.639208824216358 -0.19477510701364184 2.5204371275255233 49 82 190
7.140343482381214 -0.9307331295642249 2.4281797101843563 49 82 190
7.196615004385942 -0.5595230059418115 2.666334615120391 49 82 190
6.639208824216358 -0.19477510701364184 2.5204371275255233 49 82 190
6.686853692124 -0.39558498395751346 2.84713420646014 49 82 190
6.686853692124 -0.39558498395751346 2.84713420646014 49 82 190
6.870929989015343 -0.7732581783954938 2.7688222289631184 49 82 190
6.317218519641646 -0.9932189506159416 2.595683977977065 49 82 190
7.146357606480967 -0.6272230175559824 2.42720788837129 49 82 190
6.699909400433811 1.6042451581001715 1.936998147262094 49 82 190
5.98434503225473 1.797083032129782 1.1211733273358016 49 82 190
5.404319806825542 1.797083032129782 1.644702270542481 49 82 190
6.95694296274929 1.797083032129782 2.255346819793974 49 82 190
6.634709569862072 1.9689575978152376 2.1086722371578297 49 82 190
5.404319806825542 1.797083032129782 1.644702270542481 49 82 190
6.504854602035496 2.0499599438303173 2.3134857309989463 49 82 190
6.8965377256817675 1.421353517920056 2.2625169111591195 49 82 190
6.182335753846953 1.9689575978152376 1.969309854316954 49 82 190
5.899395221605081 1.797083032129782 1.989591413722985 49 82 190
6.85424277322808 1.6106075458897993 2.2676385092121 49 82 190
7.535166865934315 1.6106075458897993 2.369587510014461 49 82 190
6.875638611180227 1.6199564735393155 2.4738849847681945 49 82 190
6.875638611180227 1.6199564735393155 2.4738849847681945 49 82 190
6.523764393117778 1.7363422332821676 2.9457432704009907 49 82 190
5.853694520532172 1.663421383345037 2.7448683631588473 49 82 190
7.221478881514358 1.3322663390264875 2.6596867648571036 49 82 190
6.787034348140089 1.663421383345037 2.8018311176092405 49 82 190
6.352295768699129 1.3322663390264875 2.5866610351702977 49 82 190
6.829745518702426 1.2331187332804368 2.7845598316239255 49 82 190
6.523764393117778 1.7363422332821676 2.9457432704009907 49 82 190
7.218810781337004 2.0499599438303173 2.4157099092033087 49 82 190
6.978023911119098 1.8478564253292347 2.4554910204428584 49 82 190
6.978023911119098 1.8478564253292347 2.4554910204428584 49 82 190
6.631584520271824 2.33874217983516 2.8759918712165176 49 82 190
6.678839398490233 2.167496028369037 2.5121931581209367 49 82 190
7.072857067933925 2.3495456916058868 2.439275699465948 49 82 190
6.8844988664467355 2.6259465280413137 2.763814222634138 49 82 190
7.510325652989382 2.167496028369037 2.5906536481422684 49 82 190
6.678839398490233 2.167496028369037 2.5121931581209367 49 82 190
7.2673747691105 2.7695806734547093 2.647748347208516 49 82 190
7.134469708957238 2.34656524047063 2.683550358182483 49 82 190
6.631584520271824 2.33874217983516 2.8759918712165176 49 82 190
7.504603215402256 2.5296709025735744 2.5918959953866367 49 82 190
7.072857067933925 2.3495456916058868 2.439275699465948 49 82 190
10.173349909294279 2.717813508645395 2.2510638979395345 49 82 190
6.243079145517812 -2.0063073640897375 2.146530249361525 49 82 190
6.83916171181267 -2.0063073640897375 2.269485399003315 49 82 190
6.520651711488039 -1.405752421099239 2.311263942334027 49 82 190
6.584506171895271 -1.820180263604401 2.302436265506377 49 82 190
6.78625761658662 -1.7781485319758306 2.095402537161233 49 82 190
6.407430723073748 2.263346554764653 3.0904342712406367 49 82 190
6.445993723629226 -1.8435723573466551 3.0208299866007624 49 82 190
6.636753852535544 -1.6899238883365377 2.8731434880611393 49 82 190
6.680425907571155 -1.1459129627870002 2.85032362345848 49 82 190
6.490949367578666 -0.7574837822967863 2.9731174576629327 49 82 190
6.407430723073748 2.263346554764653 3.0904342712406367 49 82 190
6.452655041019307 0.3086845894100015 3.0126019474680676 49 82 190
6.680425907571155 -1.1459129627870002 2.85032362345848 49 82 190
6.636753852535544 -1.6899238883365377 2.8731434880611393 49 82 190
6.109473072000636 -1.2905802258836112 2.6545427986099726 49 82 190
6.575693060368344 -1.62655889546209 2.534064259446921 49 82 190
6.575693060368344 -1.62655889546209 2.534064259446921 49 82 190
6.555093170784446 -2.5877172957100387 2.922959378627497 49 82 190
7.163127993326791 3.0631777262054403 2.675500968793915 49 82 190
6.774362793369159 3.027940929989842 2.8071632484803204 49 82 190
6.774362793369159 3.027940929989842 2.8071632484803204 49 82 190
7.368971154573609 -2.6428807626472928 2.6227171649782552 49 82 190
6.517175758224331 2.936000045100822 2.950906255971289 49 82 190
6.682675408604992 -1.8828933578950076 2.5114053025330327 49 82 190
6.933726415815049 -2.103431337958618 2.4633311198958445 49 82 190
7.513737173996633 -1.8828933578950076 2.5899150956050616 49 82 190
7.667946432456079 -2.4334901368560855 2.5580557469456853 49 82 190
8.196162931612779 -2.2479599821739846 2.696905608309798 49 82 190
7.695744321081452 -2.965761252735946 2.55260725537787 49 82 190
7.695744321081452 -2.965761252735946 2.55260725537787 49 82 190
7.663472714205969 3.081755790648809 2.55894052718214 49 82 190
7.539548815740231 -2.999006916281459 2.3689907174585043 49 82 190
6.850599852440252 3.081755790648809 2.478533880179743 49 82 190
7.7707305734686125 0.7259052619980207 2.172569195196049 49 82 190
7.7707305734686125 0.7259052619980207 2.172569195196049 49 82 190
7.081230204502205 1.2421948964311074 2.2411032099082884 49 82 190
7.2718581022677995 0.5963807113146424 2.220488569773451 49 82 190
7.561328096090054 0.4394452339847619 2.3660401528662467 49 82 190
6.970802964459572 0.5360808499294594 2.456757119821459 49 82 190
6.552346918504496 1.0674568753644538 2.5392081424164834 49 82 190
7.848615211689406 0.8426988672920662 2.3293855056288644 49 82 190
7.398063655008678 1.0674568753644538 2.6158720266577427 49 82 190
7.325936744935684 0.2556502539860855 2.399383469853854 49 82 190
7.101942236202527 1.172192316486249 2.434450031460235 49 82 190
7.060730836392636 -0.5207553860194515 2.243406911832748 49 82 190
6.546952475452213 -0.1548483401614871 2.307598515932379 49 82 190
6.71568964067983 -1.2101145894436636 2.285032379039566 49 82 190
7.552956869267616 -0.7808942968110013 2.03759387665864 49 82 190
7.506636167955915 -0.6638540347949097 2.1969360779598452 49 82 190
7.38211549434445 -1.3113880465342276 1.9017880468316999 49 82 190
6.669995384728979 -0.7776417049154998 2.5140162988317996 49 82 190
6.649687638212367 0.13989299093997118 2.8661615232471838 49 82 190
7.02108260222559 -0.261813505031313 2.7174811626392565 49 82 190
7.426732056095256 -0.3498262735583308 2.3847024499031657 49 82 190
7.25676804224545 -0.1548483401614871 2.4098358778144697 49 82 190
6.601774549124982 0.06642294723645768 2.5284048472568053 49 82 190
6.669995384728979 -0.7776417049154998 2.5140162988317996 49 82 190
6.601774549124982 0.06642294723645768 2.5284048472568053 49 82 190
7.146357606480967 -0.6272230175559824 2.42720788837129 49 82 190
6.824570347328128 -0.4320240737857959 2.483432746533283 49 82 190
6.870929989015343 -0.7732581783954938 2.7688222289631184 49 82 190
7.160200436059653 1.4449811783895274 2.065435455035113 49 82 190
5.918521146434671 1.9689575978152376 1.2968853441053807 49 82 190
5.98434503225473 1.797083032129782 1.1211733273358016 49 82 190
5.439334231776382 1.6106075458897993 1.830929650365678 49 82 190
6.504854602035496 2.0499599438303173 2.3134857309989463 49 82 190
6.95694296274929 1.797083032129782 2.255346819793974 49 82 190
6.8844988664467355 2.6259465280413137 2.763814222634138 49 82 190
6.978023911119098 1.8478564253292347 2.4554910204428584 49 82 190
7.510325652989382 2.167496028369037 2.5906536481422684 49 82 190
6.352295768699129 1.3322663390264875 2.5866610351702977 49 82 190
7.504603215402256 2.5296709025735744 2.5918959953866367 49 82 190
7.535166865934315 1.6106075458897993 2.369587510014461 49 82 190
6.875638611180227 1.6199564735393155 2.4738849847681945 49 82 190
7.072857067933925 2.3495456916058868 2.439275699465948 49 82 190
6.306351792092665 1.6350359118909954 2.598527126160403 49 82 190
7.134469708957238 2.34656524047063 2.683550358182483 49 82 190
6.89073629124137 2.0635323529846206 2.761539738594254 49 82 190
7.2673747691105 2.7695806734547093 2.647748347208516 49 82 190
7.134469708957238 2.34656524047063 2.683550358182483 49 82 190
6.936565782958661 -1.4541361273729623 1.7738811525855176 49 82 190
6.520651711488039 -1.405752421099239 2.311263942334027 49 82 190
6.47590226417365 -1.6148312462013783 2.3175978298211355 49 82 190
6.109473072000636 -1.2905802258836112 2.6545427986099726 49 82 190
7.306092738147964 -2.2479599821739846 2.637992542507387 49 82 190
8.252262209846636 -2.6428807626472928 2.682846483601925 49 82 190
6.445993723629226 -1.8435723573466551 3.0208299866007624 49 82 190
6.636753852535544 -1.6899238883365377 2.8731434880611393 49 82 190
6.774362793369159 3.027940929989842 2.8071632484803204 49 82 190
6.619767959043496 -1.3628461857777547 2.524552611682025 49 82 190
6.619767959043496 -1.3628461857777547 2.524552611682025 49 82 190
6.407430723073748 2.263346554764653 3.0904342712406367 49 82 190
6.555093170784446 -2.5877172957100387 2.922959378627497 49 82 190
6.967220989262748 -1.6467845154382397 2.734941441450694 49 82 190
7.314977971315726 0.9456163188597501 2.0540577666383597 49 82 190
7.644059621650909 1.150963253918183 2.031596846245252 49 82 190
8.532955631542995 1.0257449914381953 2.1124296710091377 49 82 190
6.970802964459572 0.5360808499294594 2.456757119821459 49 82 190
7.3550273524467835 0.7090693050272673 2.39508105204946 49 82 190
7.255164563830607 -0.44305459612667697 2.0583889835040767 49 82 190
7.23737845274723 -1.118784713408952 2.0596926650178533 49 82 190
7.291305765949429 -0.9877597756088363 1.906071000385979 49 82 190
6.961721688031947 -0.897015781672425 2.0808775893777773 49 82 190
6.508987640313342 0.052587146555691223 2.312902959509784 49 82 190
6.686853692124 -0.39558498395751346 2.84713420646014 49 82 190
7.140343482381214 -0.9307331295642249 2.4281797101843563 49 82 190
6.649687638212367 0.13989299093997118 2.8661615232471838 49 82 190
6.870929989015343 -0.7732581783954938 2.7688222289631184 49 82 190
6.8965377256817675 1.421353517920056 2.2625169111591195 49 82 190
5.290573265604055 1.6106075458897993 1.456961402212675 49 82 190
6.56818776104291 1.0075073647659962 2.9141606014065915 49 82 190
7.573660165658138 1.421353517920056 2.3643808891253664 49 82 190
9.899126981255261 2.838797521905281 2.273686439843793 49 82 190
6.56818776104291 1.0075073647659962 2.9141606014065915 49 82 190
6.875638611180227 1.6199564735393155 2.4738849847681945 49 82 190
6.523764393117778 1.7363422332821676 2.9457432704009907 49 82 190
7.279188143011065 1.9267721098759663 2.6447420838566216 49 82 190
7.181098009967234 1.6350359118909954 2.670550923830619 49 82 190
6.314706044229408 -1.9377428903671188 1.7942040273656037 49 82 190
6.520651711488039 -1.405752421099239 2.311263942334027 49 82 190
6.344698317142818 -1.7781485319758306 1.958559394234416 49 82 190
6.936565782958661 -1.4541361273729623 1.7738811525855176 49 82 190
6.407430723073748 2.263346554764653 3.0904342712406367 49 82 190
6.774362793369159 3.027940929989842 2.8071632484803204 49 82 190
8.196162931612779 -2.2479599821739846 2.696905608309798 49 82 190
7.163127993326791 3.0631777262054403 2.675500968793915 49 82 190
6.575693060368344 -1.62655889546209 2.534064259446921 49 82 190
6.452655041019307 0.3086845894100015 3.0126019474680676 49 82 190
6.636753852535544 -1.6899238883365377 2.8731434880611393 49 82 190
6.850599852440252 3.081755790648809 2.478533880179743 49 82 190
8.285100605789582 -2.999006916281459 2.453338417872794 49 82 190
7.2718581022677995 0.5963807113146424 2.220488569773451 49 82 190
6.714742034017119 0.3190340899254851 2.504887157123188 49 82 190
7.01619643807372 0.89902407003352 2.719026203066983 49 82 190
6.761854706492618 0.6102050954278915 2.8125281417198247 49 82 190
6.970802964459572 0.5360808499294594 2.456757119821459 49 82 190
7.417490959466 0.9899890313262777 2.3860223628395265 49 82 190
5.867127037159616 1.9689575978152376 1.8115713387225194 49 82 190
6.371888235352364 1.797083032129782 2.1334638305074614 49 82 190
5.358819085150419 2.0499599438303173 2.0349679064695656 49 82 190
6.504854602035496 2.0499599438303173 2.3134857309989463 49 82 190
9.899126981255261 2.838797521905281 2.273686439843793 49 82 190
7.134469708957238 2.34656524047063 2.683550358182483 49 82 190
6.787034348140089 1.663421383345037 2.8018311176092405 49 82 190
6.404423497207136 2.7695806734547093 2.5736670178630514 49 82 190
7.072857067933925 2.3495456916058868 2.439275699465948 49 82 190
7.163127993326791 3.0631777262054403 2.675500968793915 49 82 190
7.397662456246354 1.0823761445037932 2.2076312599546606 49 82 190
6.761854706492618 0.6102050954278915 2.8125281417198247 49 82 190
6.686853692124 -0.39558498395751346 2.84713420646014 49 82 190
5.729484118480421 1.9689575978152376 1.4657153954479563 49 82 190
7.279188143011065 1.9267721098759663 2.6447420838566216 49 82 190
6.978023911119098 1.8478564253292347 2.4554910204428584 49 82 190
7.667946432456079 -2.4334901368560855 2.5580557469456853 49 82 190
6.517175758224331 2.936000045100822 2.950906255971289 49 82 190
6.850599852440252 3.081755790648809 2.478533880179743 49 82 190
7.163127993326791 3.0631777262054403 2.675500968793915 49 82 190
6.933726415815049 -2.103431337958618 2.4633311198958445 49 82 190
7.628705728370433 1.797083032129782 2.3570732649054937 49 82 190
6.523764393117778 1.7363422332821676 2.9457432704009907 49 82 190
