12.263992431845262 82 27 201
11.110253741379315 82 27 201
10.2121564670643 82 27 201
10.92662654642506 82 27 201
11.681079793815561 82 27 201
10.898257924689872 82 27 201
11.511707055245894 82 27 201
10.713654827321697 82 27 201
11.597802609109634 82 27 201
11.38313914481605 82 27 201
11.250154213991484 82 27 201
10.939332603766465 82 27 201
10.43211245490508 82 27 201
10.920231506092904 82 27 201
10.305095762884434 82 27 201
11.215716058756419 82 27 201
10.723267026119826 82 27 201
11.709472430826564 82 27 201
10.906048101887158 82 27 201
10.495162131640772 82 27 201
11.099769620756634 82 27 201
11.502968641921848 82 27 201
10.723750728145289 82 27 201
10.577590828550285 82 27 201
10.294589295441348 82 27 201
10.06097690756365 82 27 201
10.576211698691857 82 27 201
9.34432433941125 82 27 201
11.034632430215426 82 27 201
10.527087457336306 82 27 201
11.38227055059478 82 27 201
11.296134445009473 82 27 201
10.8513934084077 82 27 201
10.941031413502197 82 27 201
11.12023371510013 82 27 201
10.48345479354677 82 27 201
10.524382445335556 82 27 201
10.0101446251764 82 27 201
10.107246158284449 82 27 201
10.984966309921152 82 27 201
9.976142909117645 82 27 201
10.607239998769007 82 27 201
9.587321804202256 82 27 201
10.022803794984965 82 27 201
11.004543036387762 82 27 201
10.28705975251177 82 27 201
9.968617849974672 82 27 201
11.318667396056927 82 27 201
10.444756805858653 82 27 201
10.20193981940509 82 27 201
10.445206779710443 82 27 201
10.544035556737125 82 27 201
11.559965452758224 82 27 201
10.743039125193866 82 27 201
10.496979221346962 82 27 201
11.57621339778469 82 27 201
10.949694137379318 82 27 201
9.748462368583887 82 27 201
10.901345982846046 82 27 201
10.456889844946614 82 27 201
10.061959562522365 82 27 201
10.345197852835769 82 27 201
10.311966751192253 82 27 201
10.889915462183879 82 27 201
10.455944305802388 82 27 201
10.333775437399847 82 27 201
10.936185154118627 82 27 201
10.88500170321001 82 27 201
11.169606894654907 82 27 201
12.70150284528136 82 27 201
10.693548356337896 82 27 201
10.810142341383434 82 27 201
10.92011668765949 82 27 201
10.63398310789768 82 27 201
11.379117220181245 82 27 201
10.296850939710055 82 27 201
11.85302474739163 82 27 201
10.987513607740077 82 27 201
10.209876061687085 82 27 201
10.346274701175727 82 27 201
10.723267026119826 82 27 201
11.1380109150531 82 27 201
11.34120427103359 82 27 201
10.532002911408625 82 27 201
9.657630498591322 82 27 201
10.200632819224666 82 27 201
11.296134445009473 82 27 201
11.12023371510013 82 27 201
10.210775675513988 82 27 201
10.994385604167588 82 27 201
9.826143098800141 82 27 201
11.035528386682183 82 27 201
10.354026253705433 82 27 201
11.92777083382495 82 27 201
10.862749039431565 82 27 201
10.794689322072317 82 27 201
11.345767021617485 82 27 201
10.119436876318415 82 27 201
10.943044879258665 82 27 201
10.229214499965467 82 27 201
10.22187574675016 82 27 201
10.883022248861154 82 27 201
10.75997341255801 82 27 201
10.664514078419707 82 27 201
10.791019020624091 82 27 201
10.761490760241085 82 27 201
11.511707055245894 82 27 201
11.078620367455564 82 27 201
10.25052051508724 82 27 201
10.855360759709411 82 27 201
10.631793180186538 82 27 201
10.775057199691993 82 27 201
11.118562285791977 82 27 201
9.625728810459547 82 27 201
10.29593800485663 82 27 201
11.073054698292726 82 27 201
10.505401224474033 82 27 201
10.271155277457948 82 27 201
9.991294990287603 82 27 201
11.234578168052172 82 27 201
11.278974226400189 82 27 201
10.725045469247771 82 27 201
11.36478398919573 82 27 201
11.72728810413777 82 27 201
10.898302611949033 82 27 201
10.322795692266576 82 27 201
10.710558124714835 82 27 201
10.801093736089404 82 27 201
10.761810983545836 82 27 201
12.26209361632693 82 27 201
10.389032594473045 82 27 201
10.300963760316968 82 27 201
10.083328460753567 82 27 201
10.463118886371598 82 27 201
10.498255539987388 82 27 201
10.906092757226393 82 27 201
10.565365224858564 82 27 201
9.898760580225645 82 27 201
