17.935737164657972 155 247 54
10.500923913939264 155 247 54
10.824436690617327 155 247 54
10.363691839031864 155 247 54
10.336235087805354 155 247 54
10.890366243848069 155 247 54
11.354767756495486 155 247 54
10.363691839031864 155 247 54
11.108022515212964 155 247 54
9.68924487588593 155 247 54
10.121749799758874 155 247 54
10.15691171590154 155 247 54
9.493110403345934 155 247 54
10.812364792377632 155 247 54
10.336882560390766 155 247 54
10.374932690897007 155 247 54
10.00483091986926 155 247 54
10.799495627451037 155 247 54
10.252318645182893 155 247 54
10.718689428893311 155 247 54
11.049987140252092 155 247 54
9.775860626916353 155 247 54
10.958348444357899 155 247 54
10.598258323573464 155 247 54
10.958348444357899 155 247 54
11.238555741609183 155 247 54
11.154999724011772 155 247 54
11.342563791841695 155 247 54
10.818422262909447 155 247 54
11.523134862416747 155 247 54
11.181248406268294 155 247 54
11.600125108297267 155 247 54
11.948418000785992 155 247 54
10.531352077163161 155 247 54
10.322827052626005 155 247 54
10.92053088397768 155 247 54
10.54874111559516 155 247 54
11.368379411858703 155 247 54
11.201684217884642 155 247 54
11.460752402515286 155 247 54
10.833595431235995 155 247 54
11.471116968150616 155 247 54
10.84455941165571 155 247 54
11.568241152492716 155 247 54
11.57860209166808 155 247 54
10.959010679302008 155 247 54
12.244067885135111 155 247 54
11.12274283539986 155 247 54
12.589817133531827 155 247 54
11.133422072645589 155 247 54
11.553163425983573 155 247 54
11.445533077013861 155 247 54
11.553163425983573 155 247 54
11.732999062462646 155 247 54
10.997012034042443 155 247 54
10.421305090921688 155 247 54
10.660122575987767 155 247 54
11.107771609729538 155 247 54
11.385089766846223 155 247 54
12.032765503220398 155 247 54
11.516284881327453 155 247 54
10.610638786714624 155 247 54
12.682450551734346 155 247 54
11.630345977471105 155 247 54
12.054912887831758 155 247 54
12.556783675839814 155 247 54
11.2651086698905 155 247 54
11.79948853635789 155 247 54
11.717775118645953 155 247 54
11.360835130655015 155 247 54
11.81121376449655 155 247 54
12.64047512800149 155 247 54
12.476674187387935 155 247 54
12.31692172517106 155 247 54
11.033186681492117 155 247 54
11.312333411541939 155 247 54
12.012475227557895 155 247 54
11.139112467490243 155 247 54
11.415669293941097 155 247 54
12.771363939363862 155 247 54
12.771363939363862 155 247 54
12.192135961653053 155 247 54
12.529836292712492 155 247 54
11.261827197705118 155 247 54
11.792643075078791 155 247 54
12.758327430472939 155 247 54
12.02912582632357 155 247 54
12.101414997608924 155 247 54
12.02912582632357 155 247 54
11.696615215310505 155 247 54
11.696615215310505 155 247 54
12.550220871543107 155 247 54
11.357437211737967 155 247 54
12.054959721930816 155 247 54
13.238890470487389 155 247 54
11.80423645278727 155 247 54
10.824436690617327 155 247 54
9.493110403345934 155 247 54
9.982173480742993 155 247 54
10.363691839031864 155 247 54
10.121749799758874 155 247 54
9.967332464987702 155 247 54
10.50427982609801 155 247 54
10.374932690897007 155 247 54
9.992945655307995 155 247 54
9.915461475113881 155 247 54
11.523134862416747 155 247 54
11.171418056512866 155 247 54
11.619052095017896 155 247 54
11.948418000785992 155 247 54
10.958348444357899 155 247 54
11.154999724011772 155 247 54
10.914628308030666 155 247 54
12.335107508288285 155 247 54
10.92053088397768 155 247 54
11.471116968150616 155 247 54
11.338312416915668 155 247 54
11.368379411858703 155 247 54
10.54874111559516 155 247 54
10.368877373615762 155 247 54
10.854035886302054 155 247 54
12.014626499845228 155 247 54
10.660122575987767 155 247 54
12.224366544594618 155 247 54
10.993126958997136 155 247 54
11.630345977471105 155 247 54
12.192135961653053 155 247 54
11.261827197705118 155 247 54
12.278400492610677 155 247 54
12.124963581723149 155 247 54
13.028650075497051 155 247 54
13.39132074893956 155 247 54
12.550220871543107 155 247 54
12.381603674865255 155 247 54
12.60704354758711 155 247 54
12.208541532888614 155 247 54
11.415669293941097 155 247 54
11.312333411541939 155 247 54
10.69995969972023 155 247 54
10.632849586055194 155 247 54
10.632849586055194 155 247 54
11.600953951688973 155 247 54
11.354767756495486 155 247 54
10.801368132704965 155 247 54
10.30592742763531 155 247 54
10.581798584288624 155 247 54
10.775799710694002 155 247 54
10.787502457579327 155 247 54
10.718689428893311 155 247 54
11.53738127854527 155 247 54
11.45591141211608 155 247 54
11.939219329261489 155 247 54
10.746891348345502 155 247 54
10.947243840262422 155 247 54
11.648925437417025 155 247 54
11.45591141211608 155 247 54
10.914628308030666 155 247 54
11.690428719399948 155 247 54
12.231662428730605 155 247 54
11.249434065332256 155 247 54
11.385089766846223 155 247 54
12.060168500022577 155 247 54
11.80423645278727 155 247 54
12.758327430472939 155 247 54
11.717775118645953 155 247 54
11.281271724650537 155 247 54
12.014626499845228 155 247 54
12.101414997608924 155 247 54
10.812364792377632 155 247 54
11.53738127854527 155 247 54
10.724652523646437 155 247 54
10.322827052626005 155 247 54
11.600125108297267 155 247 54
11.659122724790853 155 247 54
10.83944322755657 155 247 54
12.012475227557895 155 247 54
11.720071959632786 155 247 54
12.122520008096307 155 247 54
11.770946618427196 155 247 54
12.792682587173744 155 247 54
10.054293606840005 155 247 54
11.73512948427573 155 247 54
12.397121296819408 155 247 54
11.749973711777361 155 247 54
11.133422072645589 155 247 54
10.915352090916741 155 247 54
12.757004911851553 155 247 54
10.969849312287225 155 247 54
10.84455941165571 155 247 54
