9.214573131009619 1.113143087033303 2.3473344081352634 130 176 102
6.281512787713601 1.9122723369553094 1.484356435857106 130 176 102
7.354024104897969 1.8657970371208499 1.770336210661208 130 176 102
6.970805991006658 1.4404182739262832 1.6365035281730456 130 176 102
6.912561936804895 1.5846698674277655 1.637057974000728 130 176 102
6.0958383260182485 1.5870222365527025 1.3150079162708788 130 176 102
6.895280625052975 1.4186236815079216 2.0960809850552833 130 176 102
6.922979678581325 1.754513969875354 2.093763540810782 130 176 102
8.949845493226904 1.2584253292204175 2.3768253331376785 130 176 102
8.791536311620595 1.4186236815079216 2.395779419307621 130 176 102
7.392677223954659 1.5870222365527025 2.218038874393212 130 176 102
7.683386575553582 1.9122723369553094 2.1897388730305916 130 176 102
8.109158906873448 1.754513969875354 2.309093478793985 130 176 102
7.377190976999939 1.4404182739262832 1.910437561200426 130 176 102
7.377190976999939 1.4404182739262832 1.910437561200426 130 176 102
7.4030871562442355 1.728350296809949 1.9092018622552975 130 176 102
7.149756918662305 1.9122723369553094 2.0755721288928775 130 176 102
8.303603708200104 1.9122723369553094 2.28798587954176 130 176 102
7.078284808161178 1.6038175089956415 2.719725288467345 130 176 102
7.333050165154987 1.5903350872265571 2.4102238882047433 130 176 102
6.790970650297344 1.1259011475489493 2.8270075336624245 130 176 102
6.7920872286031875 0.4400926818109885 2.826502704753446 130 176 102
6.582083658452242 0.7811876919207953 2.946878893922742 130 176 102
6.7920872286031875 0.4400926818109885 2.826502704753446 130 176 102
6.790970650297344 1.1259011475489493 2.8270075336624245 130 176 102
6.5203682145085615 1.6771021389696432 3.00283980753372 130 176 102
6.731170681174965 1.621202658324144 2.855567380444625 130 176 102
8.370889004755476 1.9751859864508599 2.4519094803186845 130 176 102
7.161947513864845 1.9324134479019706 2.694408953154222 130 176 102
7.413838485601713 1.7909294681117385 2.3981616510063226 130 176 102
7.381386628355432 2.1970991055028706 2.6359493937968073 130 176 102
7.82804737106261 2.0642301984379348 2.5408998774801477 130 176 102
7.413838485601713 1.7909294681117385 2.3981616510063226 130 176 102
7.161947513864845 1.9324134479019706 2.694408953154222 130 176 102
8.370889004755476 1.9751859864508599 2.4519094803186845 130 176 102
6.611095069554143 2.4557229891054924 2.9257568057824663 130 176 102
6.848208114871555 2.7372748732911063 2.802259932117672 130 176 102
6.848208114871555 2.7372748732911063 2.802259932117672 130 176 102
7.049213535631368 2.4059876844492742 2.7290102208314027 130 176 102
6.611095069554143 2.4557229891054924 2.9257568057824663 130 176 102
6.819093422517319 2.0946368459839517 2.814570518510506 130 176 102
6.675641133371125 2.054230791450475 1.639413256697305 130 176 102
8.450868712813852 2.177868398738477 2.126433285632156 130 176 102
7.0989432374425645 2.054230791450475 1.924321189555132 130 176 102
8.526027978706619 2.283450984524402 1.9883731856729103 130 176 102
8.014100425831119 2.054230791450475 2.1606415913849295 130 176 102
7.309743398298646 2.13455298057292 2.2266427118859573 130 176 102
7.786123869736478 2.267349453337994 2.180371065759506 130 176 102
8.177262456903497 2.5260088340831115 2.481139783616346 130 176 102
7.959130217706464 2.13455298057292 2.3263832119222903 130 176 102
7.38608805363653 2.2421332806661747 2.4022572739629755 130 176 102
7.725040124373069 2.389384201186892 2.5606473356935866 130 176 102
8.177262456903497 2.5260088340831115 2.481139783616346 130 176 102
7.38608805363653 2.2421332806661747 2.4022572739629755 130 176 102
8.929194059612948 2.3761029226513397 2.2283975465846773 130 176 102
11.190960144060886 3.043321906604091 2.1859038535848 130 176 102
12.912145841578164 -1.0419293457770276 2.007196490819005 130 176 102
11.496463403141913 -1.1188820619695259 1.7862381069534095 130 176 102
12.202159632102397 -1.0419293457770276 1.8581006644677842 130 176 102
13.63709184719535 -0.9521347572859422 1.6043656990294655 130 176 102
13.63709184719535 -0.9521347572859422 1.6043656990294655 130 176 102
12.669736233789001 -1.082062173458447 1.4487628430545618 130 176 102
12.225375594230549 -1.1548663224854623 1.6903164988008599 130 176 102
12.587200701793208 -1.082062173458447 1.5276997494050426 130 176 102
13.14991009525767 -1.1858105447754033 1.453239979811646 130 176 102
12.225375594230549 -1.1548663224854623 1.6903164988008599 130 176 102
12.93081684350685 -1.1548663224854623 1.9227525853441745 130 176 102
12.973542533929098 -1.2326646418149005 2.004990453451912 130 176 102
5.419299690317959 -1.782288683784629 1.843133889608424 130 176 102
5.308241965808531 -1.5895444910338694 1.8489816492899587 130 176 102
6.790029256067807 -3.0923544191309893 2.827433896706677 130 176 102
5.821796586310286 -2.1647628991568193 2.4429127114537907 130 176 102
6.550810708022879 -3.0476176775342343 2.9727909299269415 130 176 102
6.551968214216383 -1.6573111433299865 2.971757437454121 130 176 102
6.613388776882265 -0.8841796614874982 2.924180595710065 130 176 102
4.867742676172876 -1.3538759578870303 2.1000575248371742 130 176 102
5.674879608641388 -2.3527459303922713 2.864044454985665 130 176 102
5.432362539499279 -1.6016211758753152 2.5332261217081053 130 176 102
6.521531123940771 -0.11370635722163228 3.0015686982927976 130 176 102
5.7605948592659 -2.0429957495177407 2.2145894776005584 130 176 102
5.7605948592659 -2.0429957495177407 2.2145894776005584 130 176 102
6.550810708022879 -3.0476176775342343 2.9727909299269415 130 176 102
4.929910734170645 -1.6162599051697149 2.700335998822337 130 176 102
5.95069756299528 -2.051058979523266 2.7316744450636596 130 176 102
7.162113770680151 -3.10824524684184 2.6943605526878684 130 176 102
7.245855130888995 -2.799236809609988 2.6708399026066862 130 176 102
7.162113770680151 -3.10824524684184 2.6943605526878684 130 176 102
6.274775547830138 1.9122723369553094 1.64380443565253 130 176 102
6.970805991006658 1.4404182739262832 1.6365035281730456 130 176 102
6.918678143744391 1.5846698674277655 1.4923342020117873 130 176 102
8.949845493226904 1.2584253292204175 2.3768253331376785 130 176 102
6.922979678581325 1.754513969875354 2.093763540810782 130 176 102
8.745426638218 1.5870222365527025 2.4015044818298468 130 176 102
7.683386575553582 1.9122723369553094 2.1897388730305916 130 176 102
7.767776514844311 1.4404182739262832 2.0321203984780167 130 176 102
6.836393147277332 1.5870222365527025 2.10108082461434 130 176 102
7.381386628355432 2.1970991055028706 2.6359493937968073 130 176 102
8.10487692677175 1.5903350872265571 2.4927232539438373 130 176 102
7.078284808161178 1.6038175089956415 2.719725288467345 130 176 102
7.161947513864845 1.9324134479019706 2.694408953154222 130 176 102
6.790970650297344 1.1259011475489493 2.8270075336624245 130 176 102
7.82804737106261 2.0642301984379348 2.5408998774801477 130 176 102
6.582083658452242 0.7811876919207953 2.946878893922742 130 176 102
7.772736994036043 2.0946368459839517 2.8559093568152587 130 176 102
7.078284808161178 1.6038175089956415 2.719725288467345 130 176 102
6.5203682145085615 1.6771021389696432 3.00283980753372 130 176 102
8.10487692677175 1.5903350872265571 2.4927232539438373 130 176 102
7.0989432374425645 2.054230791450475 1.924321189555132 130 176 102
7.86763598594598 2.3761029226513397 2.025820823542658 130 176 102
7.260049561913656 2.267349453337994 2.0671976778265844 130 176 102
7.786123869736478 2.267349453337994 2.180371065759506 130 176 102
7.857841503999797 2.381082901818296 2.3385974228154027 130 176 102
7.412976191493259 2.5260088340831115 2.3982881793400215 130 176 102
7.857841503999797 2.381082901818296 2.3385974228154027 130 176 102
7.725040124373069 2.389384201186892 2.5606473356935866 130 176 102
11.190960144060886 3.043321906604091 2.1859038535848 130 176 102
13.876394372496744 -1.0419293457770276 2.1381925170192613 130 176 102
12.202159632102397 -1.0419293457770276 1.8581006644677842 130 176 102
12.150267399244058 -1.1548663224854623 1.5261489494517781 130 176 102
12.621038743577445 -1.1548663224854623 1.8483080214702299 130 176 102
13.342213005135651 -1.082062173458447 1.911452034518164 130 176 102
5.419299690317959 -1.782288683784629 1.843133889608424 130 176 102
5.383870020873581 -1.395414531973793 1.8449721984634673 130 176 102
5.821796586310286 -2.1647628991568193 2.4429127114537907 130 176 102
6.521531123940771 -0.11370635722163228 3.0015686982927976 130 176 102
5.568921098979974 -1.6573111433299865 2.9414022043576797 130 176 102
4.733263263458736 -1.2872424960333406 2.389866800162155 130 176 102
5.4765935367426355 -1.8317359899023158 2.254102146705218 130 176 102
6.878302131479894 -2.657010972964289 2.790075089683749 130 176 102
6.459237150502967 -2.3180982966887664 3.1197945667639106 130 176 102
6.613388776882265 -0.8841796614874982 2.924180595710065 130 176 102
7.162113770680151 -3.10824524684184 2.6943605526878684 130 176 102
9.382446705088498 1.0354564191591789 2.489568064960671 130 176 102
7.4030871562442355 1.728350296809949 1.9092018622552975 130 176 102
7.322180213368068 1.5846698674277655 1.913093365811069 130 176 102
8.109158906873448 1.754513969875354 2.309093478793985 130 176 102
6.945572127842394 1.9751859864508599 2.2676459578590755 130 176 102
6.582083658452242 0.7811876919207953 2.946878893922742 130 176 102
7.772736994036043 2.0946368459839517 2.8559093568152587 130 176 102
6.582083658452242 0.7811876919207953 2.946878893922742 130 176 102
6.611095069554143 2.4557229891054924 2.9257568057824663 130 176 102
8.178044164959406 1.7909294681117385 2.481016747022636 130 176 102
8.450868712813852 2.177868398738477 2.126433285632156 130 176 102
7.96880020629069 2.177868398738477 2.019618928615915 130 176 102
8.355543146964754 2.3761029226513397 2.13353249323671 130 176 102
7.959130217706464 2.13455298057292 2.3263832119222903 130 176 102
7.217293866159402 2.859639495353882 2.6786763716659374 130 176 102
12.267110308984446 -1.2326646418149005 1.8565365501523001 130 176 102
12.585602909921715 -1.2326646418149005 1.932844777176662 130 176 102
6.642263458039837 -2.3527459303922713 2.9053069360206534 130 176 102
6.822428801261526 -0.5251005797779439 2.813132284965446 130 176 102
6.550810708022879 -3.0476176775342343 2.9727909299269415 130 176 102
7.245855130888995 -2.799236809609988 2.6708399026066862 130 176 102
6.733423485465521 -0.054177260352218974 2.8544319227745008 130 176 102
7.38608805363653 2.2421332806661747 2.4022572739629755 130 176 102
7.217293866159402 2.859639495353882 2.6786763716659374 130 176 102
8.152895314519238 2.2421332806661747 2.484996758809299 130 176 102
6.754745913454814 1.9122723369553094 1.1849190834552714 130 176 102
7.392677223954659 1.5870222365527025 2.218038874393212 130 176 102
8.177262456903497 2.5260088340831115 2.481139783616346 130 176 102
7.381386628355432 2.1970991055028706 2.6359493937968073 130 176 102
7.412976191493259 2.5260088340831115 2.3982881793400215 130 176 102
12.38447470397697 -1.1548663224854623 1.7705728393369597 130 176 102
12.225375594230549 -1.1548663224854623 1.6903164988008599 130 176 102
5.95069756299528 -2.051058979523266 2.7316744450636596 130 176 102
7.626032878010599 1.9751859864508599 2.3683754313747896 130 176 102
8.949845493226904 1.2584253292204175 2.3768253331376785 130 176 102
5.366721569150172 -1.5941120746963837 2.270885418215318 130 176 102
5.5409330555841025 -1.910208111984303 2.5056361793277375 130 176 102
7.4728209468371105 1.754513969875354 2.2099570767728185 130 176 102
8.398757657434679 2.267349453337994 2.278147361065053 130 176 102
7.504025610421984 2.054230791450475 2.0496698410484626 130 176 102
6.790029256067807 -3.0923544191309893 2.827433896706677 130 176 102
7.162113770680151 -3.10824524684184 2.6943605526878684 130 176 102
