13.699566049364234 89 216 103
14.049847544098359 89 216 103
13.410092815009454 89 216 103
14.106529109810044 89 216 103
11.46164712479676 89 216 103
11.04501950115868 89 216 103
11.382446243502056 89 216 103
11.04501950115868 89 216 103
11.382446243502056 89 216 103
11.910711197017749 89 216 103
11.563414800675837 89 216 103
11.789976701989303 89 216 103
11.219104118554812 89 216 103
13.158985716947901 89 216 103
12.369576618969782 89 216 103
12.135243300243319 89 216 103
12.387041576878856 89 216 103
12.484837697066265 89 216 103
12.311472076598307 89 216 103
11.941759889157249 89 216 103
12.486102239472867 89 216 103
12.486102239472867 89 216 103
12.599924944878039 89 216 103
11.923642730119157 89 216 103
12.503029045867182 89 216 103
12.001121101487616 89 216 103
11.940830772828784 89 216 103
12.410379550402112 89 216 103
12.364556893579401 89 216 103
12.462529457109554 89 216 103
11.977656061871413 89 216 103
12.37676657322091 89 216 103
11.392225173660446 89 216 103
11.184905184963226 89 216 103
11.157735506393346 89 216 103
11.330923915258158 89 216 103
11.904960313388042 89 216 103
11.928311360628872 89 216 103
11.16847140164198 89 216 103
12.197623045426035 89 216 103
12.197623045426035 89 216 103
12.13202622997481 89 216 103
11.870390327041074 89 216 103
11.647421699430403 89 216 103
11.062309861308814 89 216 103
11.388184800600804 89 216 103
11.122761251447349 89 216 103
11.992421257396137 89 216 103
11.624584517119832 89 216 103
11.898176099496643 89 216 103
11.993601978685122 89 216 103
12.536448540481656 89 216 103
12.404628540645328 89 216 103
11.558185813469887 89 216 103
12.301017086989985 89 216 103
12.37073673820331 89 216 103
11.543080267473787 89 216 103
11.8963269957508 89 216 103
11.97890959902262 89 216 103
11.2104895234822 89 216 103
11.330813853353703 89 216 103
11.183527573817093 89 216 103
11.925038465548205 89 216 103
12.038222860042602 89 216 103
11.718483780529834 89 216 103
12.557627525008245 89 216 103
12.170718234829291 89 216 103
11.618568282758817 89 216 103
12.426032201796868 89 216 103
11.885748729870393 89 216 103
12.259982974138019 89 216 103
12.166646563357858 89 216 103
10.795361130857417 89 216 103
11.172274427085725 89 216 103
11.734709036204398 89 216 103
12.31270709645232 89 216 103
12.313857106987244 89 216 103
12.854066452481554 89 216 103
12.741402751445708 89 216 103
21.04224168203138 89 216 103
11.464550751259818 89 216 103
11.563414800675837 89 216 103
11.644243354314055 89 216 103
12.661103649241971 89 216 103
11.76472568630947 89 216 103
11.759992113667655 89 216 103
12.462529457109554 89 216 103
12.225807778621741 89 216 103
11.490029442488321 89 216 103
11.392225173660446 89 216 103
12.048715624936163 89 216 103
11.250089148295418 89 216 103
11.756794635500583 89 216 103
11.388184800600804 89 216 103
11.049651828864278 89 216 103
11.205504829788955 89 216 103
11.463457555386537 89 216 103
12.627051751562245 89 216 103
12.386045177067546 89 216 103
11.803040513791776 89 216 103
12.312388692000676 89 216 103
11.628171879236639 89 216 103
11.573891708694648 89 216 103
12.4248925738543 89 216 103
11.950327558965956 89 216 103
11.516896964875816 89 216 103
10.959354390239676 89 216 103
11.855747789421285 89 216 103
11.464008994932385 89 216 103
12.277923137120412 89 216 103
12.65273768614266 89 216 103
11.989198582922961 89 216 103
12.137071696500787 89 216 103
12.569619360986588 89 216 103
11.04501950115868 89 216 103
13.061484343139389 89 216 103
11.247844030362943 89 216 103
10.860822412626394 89 216 103
12.468598733349443 89 216 103
11.647421699430403 89 216 103
11.049651828864278 89 216 103
11.038262201040077 89 216 103
11.688724164245805 89 216 103
12.805229517089149 89 216 103
12.525280359323624 89 216 103
12.117699846705818 89 216 103
11.659430782540317 89 216 103
12.510585803293294 89 216 103
11.644243354314055 89 216 103
12.347060131051457 89 216 103
12.266184451056198 89 216 103
11.977656061871413 89 216 103
11.644243354314055 89 216 103
11.128041378454961 89 216 103
11.474259708119767 89 216 103
12.835641283162884 89 216 103
11.330813853353703 89 216 103
12.37073673820331 89 216 103
10.959354390239676 89 216 103
11.464008994932385 89 216 103
12.714534897493232 89 216 103
11.937424932950229 89 216 103
13.142546625524195 89 216 103
12.485726331577066 89 216 103
12.20720331771763 89 216 103
11.81501309342524 89 216 103
11.402808101229189 89 216 103
12.313857106987244 89 216 103
12.169554697824125 89 216 103
12.29187628863339 89 216 103
11.688053511654232 89 216 103
11.734709036204398 89 216 103
13.339388726177063 89 216 103
12.316513437286618 89 216 103
14.106529109810044 89 216 103
11.796579419642589 89 216 103
11.457898784765778 89 216 103
