12.60292344645488 0.9338973026233662 0.6535917670224999 172 131 104
12.025162094493133 1.1773436092458758 0.5880049989976636 172 131 104
12.025162094493133 1.1773436092458758 0.5880049989976636 172 131 104
12.708304086813941 1.3232050661448655 0.5236287546751154 172 131 104
12.708304086813941 1.3232050661448655 0.5236287546751154 172 131 104
12.981653044407928 0.8474112460094312 0.5590200999827035 172 131 104
13.01216672078373 0.6426643488672726 0.5627574523415231 172 131 104
12.617523717841301 0.7399392813943977 0.5110301016764577 172 131 104
12.554953062488453 0.748413384178681 0.6485866253334703 172 131 104
12.981653044407928 0.8474112460094312 0.5590200999827035 172 131 104
12.040462979965518 1.019689813238018 0.4176494167794134 172 131 104
11.868368496669468 1.2126527917651908 0.38366551702282464 172 131 104
12.254777915891992 1.2777266118599206 0.4554576307899793 172 131 104
12.665257114097676 0.967285795353186 0.5177118759358021 172 131 104
12.040462979965518 1.019689813238018 0.4176494167794134 172 131 104
11.75843481936618 1.6425334535241431 0.553056232579938 172 131 104
11.838336513298612 1.800830596322489 0.5638947230837978 172 131 104
12.001317986076167 1.9482806013727376 0.5850181328047129 172 131 104
11.774082332579836 1.6768003520549295 0.36331318570903515 172 131 104
12.168196405739442 1.463226186642159 0.4407079984628576 172 131 104
13.147124975962 1.8433941266285878 0.4198079623121767 172 131 104
12.787708322387793 1.9045699698944831 0.3515703445397821 172 131 104
12.938736651593238 2.101669524866563 0.38212457806920425 172 131 104
12.633554201882973 2.1590994554058742 0.5132885384601308 172 131 104
12.016649232460809 2.101669524866563 0.4131608940848659 172 131 104
12.398438198865966 2.012880303964031 0.47857070777656574 172 131 104
14.468730608032354 2.5112060499873987 0.8071949193336467 172 131 104
12.94187443041892 2.2815688433563013 0.5540874163756642 172 131 104
12.94187443041892 2.2815688433563013 0.5540874163756642 172 131 104
13.318315800939217 2.382783942806879 0.5982100023692871 172 131 104
13.757287442456212 2.4662333662618936 0.6435382121285248 172 131 104
14.072055799090426 2.592933649105648 0.779847541112995 172 131 104
13.202789256022118 0.5032694434265814 2.4295018114025604 172 131 104
12.364370390143261 0.4491556039049792 2.5121041885699618 172 131 104
12.147273115788318 0.3183074324329473 2.537073171432882 172 131 104
12.009780728824976 0.17519523772436166 2.5538504991292905 172 131 104
13.829575414918185 0.016813382330563252 2.3784806628477084 172 131 104
12.828911247685008 -0.12730196675889144 2.600230874194846 172 131 104
11.954640193638536 0.02450301242970446 2.5608095220047433 172 131 104
11.954640193638536 0.02450301242970446 2.5608095220047433 172 131 104
12.828911247685008 -0.12730196675889144 2.600230874194846 172 131 104
12.932886483916926 -0.2734687495022325 2.587005181719146 172 131 104
13.64011436205603 -0.35938666561720367 2.5082266864791523 172 131 104
10.867365149842096 1.3822356004781577 0.8702457975517801 172 131 104
12.106111567994814 0.9729488574141172 0.9536912462629583 172 131 104
11.972461261647558 1.1597257659996092 0.8383891317708198 172 131 104
10.554569700775955 1.4024094517197376 1.0766823408565074 172 131 104
10.747721598912099 1.2985680971384825 1.0863383027133486 172 131 104
11.069590894435771 0.9729488574141172 1.1015806459467195 172 131 104
11.3904642383921 1.1091648916096333 1.1158115821947523 172 131 104
10.900130083455746 1.3242331667312004 1.2914443265330884 172 131 104
11.177093264147025 1.2340301434172378 1.298545235298206 172 131 104
10.709727253159771 1.418713950074358 1.286340756290258 172 131 104
10.987794510401443 1.1091648916096333 1.1976543320842006 172 131 104
10.14196341633875 1.6249923116096263 0.9370769181614638 172 131 104
10.23449285207478 1.7457758826746437 0.9437043549849391 172 131 104
10.992090409590826 1.9302794574121835 1.098002899299477 172 131 104
10.448434599028227 1.6190859295839544 1.0712022754433081 172 131 104
11.292773587745543 1.970008084565678 0.9016016345254786 172 131 104
11.01503289470579 1.8995448321973087 0.7571716194863444 172 131 104
11.518929248514524 1.493126895199983 0.6732454659067527 172 131 104
10.83722878187198 1.7696108076195856 0.7396481027888541 172 131 104
11.191559015776981 1.8067266892683473 1.2047721852915663 172 131 104
11.191559015776981 1.8067266892683473 1.2047721852915663 172 131 104
3.363288293566601 1.3962721950775725 1.2671827929770503 172 131 104
12.373730552747247 0.20590183922108868 2.6649356245125895 172 131 104
12.096116764809468 0.4427307421673486 2.7114975671219708 172 131 104
12.373730552747247 0.20590183922108868 2.6649356245125895 172 131 104
12.507222664808063 0.37081900398951445 2.6446624821388514 172 131 104
11.63794080369761 0.37081900398951445 2.6036876490714946 172 131 104
12.096116764809468 0.4427307421673486 2.7114975671219708 172 131 104
11.49290584619647 0.7015376592838017 2.8460064619385794 172 131 104
11.722128466478894 0.8905384139260338 2.7873945324028666 172 131 104
11.312484554259209 0.9462915359759716 2.903920748734794 172 131 104
11.312484554259209 0.9462915359759716 2.903920748734794 172 131 104
11.763756746132636 1.6768003520549295 2.777945736418231 172 131 104
11.768625696374448 1.4376478027865993 2.7768601768758874 172 131 104
11.530393912954557 1.9990029381768983 2.8355101019209137 172 131 104
11.530393912954557 1.9990029381768983 2.8355101019209137 172 131 104
11.06961235979253 1.1231710720383095 3.0250140351863704 172 131 104
11.064435810148103 1.9351795971034715 3.029079633126435 172 131 104
11.530393912954557 1.9990029381768983 2.8355101019209137 172 131 104
11.453346226595402 1.3962721950775725 2.857569113679774 172 131 104
11.297281655017798 2.1595165153278204 2.909541019478943 172 131 104
11.448343189609723 1.7099581235338273 2.8590700138175746 172 131 104
11.149312167021957 2.4640951017082138 2.974740963999377 172 131 104
11.064435810148103 1.9351795971034715 3.029079633126435 172 131 104
11.297281655017798 2.1595165153278204 2.909541019478943 172 131 104
11.21863310707545 1.3183776188815073 2.941354530999481 172 131 104
11.213525350753237 1.772891157029173 2.943611386052929 172 131 104
11.579205749935364 2.8164122191648406 2.822440454910819 172 131 104
11.72174973263096 2.581113341159305 2.787481916805462 172 131 104
11.579205749935364 2.8164122191648406 2.822440454910819 172 131 104
11.946582263958668 2.398874555812161 2.739650810796789 172 131 104
11.946582263958668 2.398874555812161 2.739650810796789 172 131 104
11.946582263958668 2.398874555812161 2.739650810796789 172 131 104
11.436837010692502 -0.6235197588114877 2.8625567069579607 172 131 104
12.320219023901032 0.02890990974758867 2.6734167820764596 172 131 104
11.436837010692502 -0.6235197588114877 2.8625567069579607 172 131 104
12.320219023901032 0.02890990974758867 2.6734167820764596 172 131 104
11.586079138493204 -0.2316993132004253 2.820650032277859 172 131 104
12.347727961118803 -0.14989310911676818 2.6690300760924486 172 131 104
10.108437740101715 -0.9831978730334453 2.6677005385568204 172 131 104
10.108437740101715 -0.9831978730334453 2.6677005385568204 172 131 104
9.640490600495726 -1.2554666389428741 2.115392631374723 172 131 104
8.750476195337075 -1.158012557493383 2.3254627911590013 172 131 104
9.68866089373016 -1.084654454230867 2.5412416728576046 172 131 104
9.781327327160838 -1.023640718828781 2.367541416997986 172 131 104
11.240237044315855 -2.235941788114589 2.9320955646878817 172 131 104
11.653955758513872 -1.6855997981328696 2.8035678764606273 172 131 104
11.263710436770923 3.0758975151543932 2.9225098986959495 172 131 104
11.522004808375945 3.0949465879431184 2.8378225620110262 172 131 104
11.293793065588035 -2.810638419780553 2.910851821109303 172 131 104
11.614944675637883 -2.281253108262629 2.813256436406853 172 131 104
11.44646311387551 -2.0409212437630444 2.859636382885789 172 131 104
11.368846635243186 -1.3769828553775314 2.8842531160884763 172 131 104
11.551414796861057 -2.9024682822225727 2.8298030925372055 172 131 104
11.411763703005184 -2.496191780828519 2.8703308871140596 172 131 104
11.614944675637883 -2.281253108262629 2.813256436406853 172 131 104
11.363806396471935 -1.7254737371884263 2.8859438702552245 172 131 104
11.368846635243186 -1.3769828553775314 2.8842531160884763 172 131 104
11.666780739091772 -2.650916021931105 2.8004544246046366 172 131 104
11.772718274648849 2.106893396022394 1.1316356426448693 172 131 104
12.053944553784692 2.158988991803675 0.9506171111663816 172 131 104
12.007162610011184 2.239089426858503 1.0470107473373977 172 131 104
11.383578005661038 2.106893396022394 1.2112297056991683 172 131 104
11.790752189968686 1.982992164071467 1.2241799149170305 172 131 104
10.555023835331891 3.0308971910628677 1.475386703335323 172 131 104
9.973911805830406 3.0192854021877693 1.8757310180118538 172 131 104
13.12924574345306 2.685504357253264 2.563311711710529 172 131 104
12.272173800527272 2.5232325424860877 2.6812191548941064 172 131 104
12.05341606330961 2.6889258276674597 2.719286338746029 172 131 104
13.12924574345306 2.685504357253264 2.563311711710529 172 131 104
11.914840653577887 2.886044145797039 2.745964835111353 172 131 104
12.925002235855995 2.818008335675807 2.587990733948283 172 131 104
11.914840653577887 2.886044145797039 2.745964835111353 172 131 104
11.808248272176453 3.0192854021877693 2.204754171129847 172 131 104
12.42673247052808 3.0192854021877693 2.2696348612818045 172 131 104
13.91061162578472 3.004968935299851 2.482202730676228 172 131 104
13.451435046035002 2.8590478085499926 2.5275856760950615 172 131 104
12.64721914734539 2.8590478085499926 2.4820146599716786 172 131 104
10.694642868024186 3.0308971910628677 1.758387658288511 172 131 104
10.666618655296062 -3.0613937167926344 1.3816518572443932 172 131 104
10.523479056265861 -3.0613937167926344 1.6654382669127796 172 131 104
10.791447657400381 -2.9672489355319183 1.383865769973063 172 131 104
10.287130180813612 -3.052942822428288 1.9695807261170364 172 131 104
9.941634408903173 -3.052942822428288 1.8767530827037457 172 131 104
9.907446982718875 3.124575296570478 1.8778432545135795 172 131 104
13.277736358562894 3.120003674877091 2.546396355995003 172 131 104
13.403561497501602 -2.8993198559194613 2.5326710064793763 172 131 104
13.277736358562894 3.120003674877091 2.546396355995003 172 131 104
13.211810253761778 -2.9270883714940905 2.428711138759322 172 131 104
13.576967622492498 -2.7771472653621307 2.5145883860742226 172 131 104
13.03931310270572 -2.6653485639624734 2.444151204871586 172 131 104
13.03931310270572 -2.6653485639624734 2.444151204871586 172 131 104
10.789400033796465 -2.9672489355319183 1.7567208117058075 172 131 104
10.789400033796465 -2.9672489355319183 1.7567208117058075 172 131 104
12.429921457126612 2.4173780754153236 2.8761176703967553 172 131 104
12.883461585673535 0.24938985687551685 2.7679336341446468 172 131 104
12.51189807484236 0.04514570026122635 2.853000921362768 172 131 104
12.265113755528732 0.06275960529161173 2.931130032041635 172 131 104
12.096215831278652 0.10283168092622652 3.0118030426182463 172 131 104
12.003719483497964 2.7933810057043726 3.102346661939219 172 131 104
12.08199914911952 3.0306586390713646 3.021153194680173 172 131 104
12.12423302488774 -0.494316774830451 2.9951590138535016 172 131 104
12.096215831278652 0.10283168092622652 3.0118030426182463 172 131 104
12.142753371798054 -1.8069993850936052 2.9851567938021955 172 131 104
12.142753371798054 -1.8069993850936052 2.9851567938021955 172 131 104
12.003719483497964 2.7933810057043726 3.102346661939219 172 131 104
12.08199914911952 3.0306586390713646 3.021153194680173 172 131 104
12.110049233765608 -2.6147017242985275 3.0033264378924422 172 131 104
12.031952062878693 -2.0561854292097292 3.062645791124298 172 131 104
12.036712526375076 -0.9846442586050228 3.057795244966224 172 131 104
12.292746008966521 -0.3171207267666163 2.9208546160493554 172 131 104
14.163638178071324 2.986886844965671 2.5808303740076037 172 131 104
14.163638178071324 2.986886844965671 2.5808303740076037 172 131 104
13.64112907527481 -3.0120517581485853 2.6451608358218963 172 131 104
14.140927283920385 -3.0292997293602792 2.5833929448282213 172 131 104
14.140927283920385 -3.0292997293602792 2.5833929448282213 172 131 104
14.235322737965099 -2.8993198559194613 2.5728623873745287 172 131 104
13.908183938175114 -2.7265005396111848 2.6107962837303083 172 131 104
14.62879323334056 -2.6653485639624734 2.5320719072881537 172 131 104
12.60292344645488 0.9338973026233662 0.6535917670224999 172 131 104
12.617523717841301 0.7399392813943977 0.5110301016764577 172 131 104
12.040462979965518 1.019689813238018 0.4176494167794134 172 131 104
12.981653044407928 0.8474112460094312 0.5590200999827035 172 131 104
13.365548764063877 0.748413384178681 0.6033758763224462 172 131 104
12.665257114097676 0.967285795353186 0.5177118759358021 172 131 104
13.315600141574512 1.1107303914984854 0.44731112816613905 172 131 104
12.42152002643066 1.1107303914984854 0.4821402183003027 172 131 104
11.868368496669468 1.2126527917651908 0.38366551702282464 172 131 104
12.001317986076167 1.9482806013727376 0.5850181328047129 172 131 104
12.633554201882973 2.1590994554058742 0.5132885384601308 172 131 104
13.16420632397177 2.2620431707959994 0.4227056570417511 172 131 104
12.168196405739442 1.463226186642159 0.4407079984628576 172 131 104
12.163487401624026 1.6563717953746784 0.4398864493897001 172 131 104
12.633554201882973 2.1590994554058742 0.5132885384601308 172 131 104
12.25908972056315 2.2620431707959994 0.4561751945791937 172 131 104
12.718279763271198 1.4376478027865993 0.3363726416298676 172 131 104
14.072055799090426 2.592933649105648 0.779847541112995 172 131 104
12.147273115788318 0.3183074324329473 2.537073171432882 172 131 104
13.125098228973021 0.016813382330563252 2.325795827458906 172 131 104
12.664326992317681 -0.23873862379405078 2.480274519215348 172 131 104
11.680897195744599 1.0614940709015823 0.9276177821844955 172 131 104
11.972461261647558 1.1597257659996092 0.8383891317708198 172 131 104
11.028512935428125 1.20039892408975 1.0996913905394363 172 131 104
12.3066813829251 1.0614940709015823 0.8625508171612505 172 131 104
11.534383027913744 1.1491730835841538 1.3071829229136733 172 131 104
10.900130083455746 1.3242331667312004 1.2914443265330884 172 131 104
11.534383027913744 1.1491730835841538 1.3071829229136733 172 131 104
11.441416347657759 2.080384115251537 0.6647051707666011 172 131 104
10.769635430264977 1.5026128685424438 0.862568932904985 172 131 104
11.513954708661117 1.632542788380524 0.6727035674966227 172 131 104
10.14196341633875 1.6249923116096263 0.9370769181614638 172 131 104
10.45391618339051 1.5100364826178376 1.0714884343195168 172 131 104
10.45391618339051 1.5100364826178376 1.0714884343195168 172 131 104
10.42258441750346 1.8616346205105436 0.956721118700377 172 131 104
11.451480917524824 1.8974820910876764 1.2134577663868944 172 131 104
12.718177140698518 0.5171241973031512 2.6148904198249854 172 131 104
12.373730552747247 0.20590183922108868 2.6649356245125895 172 131 104
11.312484554259209 0.9462915359759716 2.903920748734794 172 131 104
11.545289852812314 1.1130033602300282 2.8314533358233405 172 131 104
11.49290584619647 0.7015376592838017 2.8460064619385794 172 131 104
11.958036201350406 0.24938985687551685 2.7374034439346397 172 131 104
11.755911822939165 0.545844593033342 2.779703253283613 172 131 104
11.06961235979253 1.1231710720383095 3.0250140351863704 172 131 104
11.579205749935364 2.8164122191648406 2.822440454910819 172 131 104
11.213525350753237 1.772891157029173 2.943611386052929 172 131 104
11.946582263958668 2.398874555812161 2.739650810796789 172 131 104
11.21863310707545 1.3183776188815073 2.941354530999481 172 131 104
11.579205749935364 2.8164122191648406 2.822440454910819 172 131 104
11.448343189609723 1.7099581235338273 2.8590700138175746 172 131 104
11.213525350753237 1.772891157029173 2.943611386052929 172 131 104
11.149312167021957 2.4640951017082138 2.974740963999377 172 131 104
11.319127696260148 -0.3171207267666163 2.901510062775969 172 131 104
11.586079138493204 -0.2316993132004253 2.820650032277859 172 131 104
9.473941730584597 -1.2594606808492237 2.57519313914276 172 131 104
10.021684535017776 -1.3101709440342335 2.4942974952910175 172 131 104
11.363806396471935 -1.7254737371884263 2.8859438702552245 172 131 104
11.522004808375945 3.0949465879431184 2.8378225620110262 172 131 104
11.44646311387551 -2.0409212437630444 2.859636382885789 172 131 104
11.666780739091772 -2.650916021931105 2.8004544246046366 172 131 104
9.915623173569609 -1.4756467860155444 2.508582641706213 172 131 104
11.345107913697198 2.022351658349315 1.1138548124716323 172 131 104
11.636672948265732 2.0693321165482823 0.9247663311192982 172 131 104
11.790752189968686 1.982992164071467 1.2241799149170305 172 131 104
10.745083619214913 3.0192854021877693 2.0542220122871915 172 131 104
11.914840653577887 2.886044145797039 2.745964835111353 172 131 104
12.272173800527272 2.5232325424860877 2.6812191548941064 172 131 104
13.12924574345306 2.685504357253264 2.563311711710529 172 131 104
13.451435046035002 2.8590478085499926 2.5275856760950615 172 131 104
12.925002235855995 2.818008335675807 2.587990733948283 172 131 104
13.64780259942224 2.740000480374638 2.5074599006947493 172 131 104
11.914840653577887 2.886044145797039 2.745964835111353 172 131 104
14.029487759662318 2.891044820089974 2.4713470396224837 172 131 104
10.651023198694617 -2.9672489355319183 1.476249228816652 172 131 104
10.443948956503247 3.1262046175933005 1.5702674385438005 172 131 104
10.964848118485007 3.1225601304365758 2.26256461681667 172 131 104
13.211810253761778 -2.9270883714940905 2.428711138759322 172 131 104
12.7806532378236 -2.7771472653621307 2.468665243510742 172 131 104
11.75216219519882 3.124575296570478 2.208267359717947 172 131 104
13.576967622492498 -2.7771472653621307 2.5145883860742226 172 131 104
10.895940378007936 -3.0613937167926344 1.8492039687376751 172 131 104
10.63268428382423 3.1262046175933005 1.7594939091433948 172 131 104
12.295590121471957 2.6980047827952456 2.9198261471519857 172 131 104
12.429921457126612 2.4173780754153236 2.8761176703967553 172 131 104
12.008491139093724 0.2807533297755135 3.0932748930336866 172 131 104
12.003719483497964 2.7933810057043726 3.102346661939219 172 131 104
12.142753371798054 -1.8069993850936052 2.9851567938021955 172 131 104
12.008491139093724 0.2807533297755135 3.0932748930336866 172 131 104
12.003719483497964 2.7933810057043726 3.102346661939219 172 131 104
12.241737027078345 3.0758975151543932 2.9402643899318854 172 131 104
12.241737027078345 3.0758975151543932 2.9402643899318854 172 131 104
12.110049233765608 -2.6147017242985275 3.0033264378924422 172 131 104
12.265113755528732 0.06275960529161173 2.931130032041635 172 131 104
12.147470413526301 -1.276598098671784 2.982713732419306 172 131 104
12.234198602551812 -0.8682343962593334 2.9433061540097323 172 131 104
12.12423302488774 -0.494316774830451 2.9951590138535016 172 131 104
13.738958892623923 -2.863505397218734 2.63217076313438 172 131 104
13.64112907527481 -3.0120517581485853 2.6451608358218963 172 131 104
13.908183938175114 -2.7265005396111848 2.6107962837303083 172 131 104
11.763305972407027 1.4805832230248586 0.5537266689635024 172 131 104
12.998009747510809 0.8368475800268272 0.6923100632305186 172 131 104
12.998009747510809 0.8368475800268272 0.6923100632305186 172 131 104
13.147124975962 1.8433941266285878 0.4198079623121767 172 131 104
12.276770804980368 1.0471483672137993 0.6180733906111535 172 131 104
12.718279763271198 1.4376478027865993 0.3363726416298676 172 131 104
13.318315800939217 2.382783942806879 0.5982100023692871 172 131 104
12.656976974765705 0.5654131117257811 2.4810210794653087 172 131 104
12.932886483916926 -0.2734687495022325 2.587005181719146 172 131 104
12.664326992317681 -0.23873862379405078 2.480274519215348 172 131 104
12.558128410055538 -0.11060437848925708 2.491218239761917 172 131 104
11.01503289470579 1.8995448321973087 0.7571716194863444 172 131 104
10.747721598912099 1.2985680971384825 1.0863383027133486 172 131 104
11.01660434084854 1.7118427478144889 1.198677903387179 172 131 104
12.777269701630413 0.9108111185203077 0.7886436731962158 172 131 104
11.22281947351394 1.8313840632686338 1.0061498564474398 172 131 104
11.72174973263096 2.581113341159305 2.787481916805462 172 131 104
11.149312167021957 2.4640951017082138 2.974740963999377 172 131 104
11.312484554259209 0.9462915359759716 2.903920748734794 172 131 104
9.09315190923063 -1.023640718828781 2.2905902874762125 172 131 104
9.226854537212514 -1.3469160283256132 2.277955966923753 172 131 104
11.411763703005184 -2.496191780828519 2.8703308871140596 172 131 104
11.363806396471935 -1.7254737371884263 2.8859438702552245 172 131 104
12.347727961118803 -0.14989310911676818 2.6690300760924486 172 131 104
11.614944675637883 -2.281253108262629 2.813256436406853 172 131 104
11.363806396471935 -1.7254737371884263 2.8859438702552245 172 131 104
12.925002235855995 2.818008335675807 2.587990733948283 172 131 104
12.05341606330961 2.6889258276674597 2.719286338746029 172 131 104
13.32740386581726 2.986886844965671 2.540914637577668 172 131 104
10.821822250469273 -2.876117776324309 1.5702859061141068 172 131 104
13.211810253761778 -2.9270883714940905 2.428711138759322 172 131 104
13.403561497501602 -2.8993198559194613 2.5326710064793763 172 131 104
10.66454706419288 -3.0613937167926344 1.7589233747579787 172 131 104
10.63268428382423 3.1262046175933005 1.7594939091433948 172 131 104
10.995748417745215 -3.042507653834245 2.2602391249558327 172 131 104
12.378097731474952 -2.496191780828519 2.8919794646425347 172 131 104
12.22014244798845 -2.235941788114589 2.949114846745404 172 131 104
12.12423302488774 -0.494316774830451 2.9951590138535016 172 131 104
14.116913098982431 3.120003674877091 2.586123087112254 172 131 104
12.832075881728093 0.03524879251707643 2.7782838765360385 172 131 104
12.832075881728093 0.03524879251707643 2.7782838765360385 172 131 104
14.25301300691119 2.5353163469636026 0.6885720246402547 172 131 104
12.42152002643066 1.1107303914984854 0.4821402183003027 172 131 104
3.2094642516097434 1.3962721950775725 1.5690752656038394 172 131 104
11.545289852812314 1.1130033602300282 2.8314533358233405 172 131 104
11.530393912954557 1.9990029381768983 2.8355101019209137 172 131 104
11.213525350753237 1.772891157029173 2.943611386052929 172 131 104
11.755911822939165 0.545844593033342 2.779703253283613 172 131 104
11.931127683610265 -0.18212456953664455 2.7427090160845697 172 131 104
12.320219023901032 0.02890990974758867 2.6734167820764596 172 131 104
9.902824624637601 -1.1854557912534878 2.7099358197610925 172 131 104
11.551414796861057 -2.9024682822225727 2.8298030925372055 172 131 104
13.12924574345306 2.685504357253264 2.563311711710529 172 131 104
9.973911805830406 3.0192854021877693 1.8757310180118538 172 131 104
10.476385770433783 -3.0613937167926344 1.5702690760790878 172 131 104
10.443948956503247 3.1262046175933005 1.5702674385438005 172 131 104
13.387700294909019 -2.8171733312175276 2.4136453068328843 172 131 104
13.738958892623923 -2.863505397218734 2.63217076313438 172 131 104
12.031952062878693 -2.0561854292097292 3.062645791124298 172 131 104
14.62879323334056 -2.6653485639624734 2.5320719072881537 172 131 104
13.64112907527481 -3.0120517581485853 2.6451608358218963 172 131 104
11.75843481936618 1.6425334535241431 0.553056232579938 172 131 104
11.518929248514524 1.493126895199983 0.6732454659067527 172 131 104
11.149312167021957 2.4640951017082138 2.974740963999377 172 131 104
12.373730552747247 0.20590183922108868 2.6649356245125895 172 131 104
11.755911822939165 0.545844593033342 2.779703253283613 172 131 104
11.697666681382046 2.228753799615306 2.7930934400941885 172 131 104
12.42673247052808 3.0192854021877693 2.2696348612818045 172 131 104
13.30326545673675 -3.0292997293602792 2.543568131302573 172 131 104
12.096215831278652 0.10283168092622652 3.0118030426182463 172 131 104
14.163638178071324 2.986886844965671 2.5808303740076037 172 131 104
11.697666681382046 2.228753799615306 2.7930934400941885 172 131 104
11.610353527411093 1.356653782817388 0.6830584560728511 172 131 104
13.64112907527481 -3.0120517581485853 2.6451608358218963 172 131 104
11.763756746132636 1.6768003520549295 2.777945736418231 172 131 104
12.007162610011184 2.239089426858503 1.0470107473373977 172 131 104
12.507222664808063 0.37081900398951445 2.6446624821388514 172 131 104
10.603454522741616 -2.9672489355319183 1.5702753945007462 172 131 104
9.990667327850595 -1.374697566869868 2.2143069346933175 172 131 104
13.736860755558988 2.6837085116315724 0.7548556356385607 172 131 104
12.787708322387793 1.9045699698944831 0.3515703445397821 172 131 104
11.293793065588035 -2.810638419780553 2.910851821109303 172 131 104
