10.85699874406361 126 33 176
11.476699495235342 126 33 176
11.15364693285156 126 33 176
12.708861044045262 126 33 176
12.615856726003667 126 33 176
12.857668192783464 126 33 176
11.871800560511872 126 33 176
12.225168591026993 126 33 176
13.108574670275122 126 33 176
11.497114747632427 126 33 176
12.564808549780304 126 33 176
13.040537556638037 126 33 176
13.182375560792785 126 33 176
12.551514698857035 126 33 176
12.779684223530028 126 33 176
12.646533748440739 126 33 176
12.54033200897504 126 33 176
8.656587635633782 126 33 176
8.153638017520954 126 33 176
8.022531334007143 126 33 176
8.026294971090007 126 33 176
8.222183569064255 126 33 176
8.728104211778836 126 33 176
8.304721560491396 126 33 176
10.096438733682563 126 33 176
9.904436658774147 126 33 176
10.007910245675044 126 33 176
9.901386951829066 126 33 176
9.811098610875993 126 33 176
10.816327790210396 126 33 176
9.819238584380994 126 33 176
9.915546273915076 126 33 176
8.819384555109098 126 33 176
9.998853014822878 126 33 176
9.998853014822878 126 33 176
10.189076071330948 126 33 176
9.998853014822878 126 33 176
10.193952111630416 126 33 176
9.443588763879406 126 33 176
9.752997835714464 126 33 176
10.10328907232085 126 33 176
8.9286696642377 126 33 176
10.768270342224941 126 33 176
10.400761440669774 126 33 176
10.39307693231699 126 33 176
9.457301286983423 126 33 176
9.457301286983423 126 33 176
15.089487164353091 126 33 176
16.093362559740548 126 33 176
16.088397311559508 126 33 176
10.217437591108895 126 33 176
9.275813863074541 126 33 176
10.22820723835253 126 33 176
10.02279566219044 126 33 176
9.92556471158401 126 33 176
10.504076778583963 126 33 176
10.504076778583963 126 33 176
10.135927546422367 126 33 176
10.135927546422367 126 33 176
15.336769896615806 126 33 176
12.306832195695772 126 33 176
11.926610980410377 126 33 176
12.871477749719139 126 33 176
13.634336501788301 126 33 176
12.045722849760143 126 33 176
12.871477749719139 126 33 176
12.463332158648006 126 33 176
12.779684223530028 126 33 176
13.335495018318788 126 33 176
13.040537556638037 126 33 176
13.091246342917874 126 33 176
12.226206250419871 126 33 176
12.646533748440739 126 33 176
8.656587635633782 126 33 176
11.176714116106394 126 33 176
8.660075718561933 126 33 176
8.222183569064255 126 33 176
9.171662944845561 126 33 176
8.38094297137797 126 33 176
9.171662944845561 126 33 176
10.09344703979702 126 33 176
9.901386951829066 126 33 176
9.242455116068598 126 33 176
9.232647003925129 126 33 176
10.189076071330948 126 33 176
9.55409635748534 126 33 176
9.752997835714464 126 33 176
9.906404596860366 126 33 176
9.232647003925129 126 33 176
15.089487164353091 126 33 176
10.132947511386083 126 33 176
9.928606992003466 126 33 176
11.00145142125823 126 33 176
9.04880834130894 126 33 176
9.928606992003466 126 33 176
15.336769896615806 126 33 176
15.160884318133965 126 33 176
12.80606176028637 126 33 176
8.153638017520954 126 33 176
8.022531334007143 126 33 176
9.915546273915076 126 33 176
9.811098610875993 126 33 176
9.904436658774147 126 33 176
9.904436658774147 126 33 176
10.808938728691826 126 33 176
11.074834110141747 126 33 176
9.998853014822878 126 33 176
10.400761440669774 126 33 176
16.088397311559508 126 33 176
9.602109833108008 126 33 176
15.160884318133965 126 33 176
15.639073131603459 126 33 176
10.915087302246095 126 33 176
11.618060956587819 126 33 176
8.989755590547 126 33 176
9.904436658774147 126 33 176
9.263937091751213 126 33 176
12.708861044045262 126 33 176
11.104617405143006 126 33 176
10.096438733682563 126 33 176
10.481233596118155 126 33 176
10.39307693231699 126 33 176
10.3806006198847 126 33 176
12.779684223530028 126 33 176
10.193952111630416 126 33 176
9.92556471158401 126 33 176
9.816162407946303 126 33 176
15.336769896615806 126 33 176
9.91446632256925 126 33 176
9.91446632256925 126 33 176
10.217437591108895 126 33 176
