11.385534053474737 1.4909599083702487 1.3610908361307563 93 166 126
11.634890678170944 1.4909599083702487 1.2769260595618293 93 166 126
10.58774706353105 1.776910775920568 1.3450255899957348 93 166 126
10.8316269821697 1.8696561622364374 1.3501940633189236 93 166 126
11.160102969077975 1.9574007624806404 1.356789652848896 93 166 126
12.96982247025781 2.1149563299541643 1.143898053820498 93 166 126
11.816277243148962 2.6744154259027964 1.2815683973712009 93 166 126
15.516608812351372 1.0288211392062512 1.7411047104979482 93 166 126
15.516608812351372 1.0288211392062512 1.7411047104979482 93 166 126
14.682094048035138 0.9931027930513392 1.7508879351031819 93 166 126
11.551734929159513 1.3162630443469419 1.4519067554676754 93 166 126
9.20530579562206 1.2706503411286818 2.3749168016599143 93 166 126
9.949741674071586 1.2706503411286818 2.444698342317504 93 166 126
9.621452113948763 1.0555791414090554 2.4865209337463186 93 166 126
9.621452113948763 1.0555791414090554 2.4865209337463186 93 166 126
9.369957095983173 1.2162631683433751 2.522299447445563 93 166 126
9.369957095983173 1.2162631683433751 2.522299447445563 93 166 126
19.153802403772016 1.1179290752057993 2.3625697062326365 93 166 126
18.323841500104937 1.4160094409661803 2.409581318220918 93 166 126
19.526729504002724 1.2136739085947597 2.343411045774704 93 166 126
19.877823097929674 1.1179290752057993 2.397922211879796 93 166 126
20.23741262395799 1.2136739085947597 2.378802800007802 93 166 126
11.153900638447704 1.4909599083702487 1.6272956214799739 93 166 126
9.638568018653316 1.9002735261209316 1.6361900063843997 93 166 126
11.408447038559101 1.5808744750487067 1.8034063040202921 93 166 126
11.274604846349183 1.6706268111599316 1.715864203349772 93 166 126
11.317277280823028 1.7587980232174334 1.6264791453070422 93 166 126
10.280131673268478 1.9002735261209316 1.931672333181851 93 166 126
10.587882548007318 1.8696561622364374 1.6303195009996418 93 166 126
10.325686275545944 1.776910775920568 1.5349413709068003 93 166 126
11.240000029883863 1.6706268111599316 1.448593136129999 93 166 126
11.119049179310272 1.5808744750487067 1.6274729019844238 93 166 126
11.240000029883863 1.6706268111599316 1.448593136129999 93 166 126
11.73184229441429 1.6706268111599316 1.8853601530982163 93 166 126
9.785170308606949 2.0463818750179503 2.650741028509514 93 166 126
9.220620975841147 1.3984045608076698 2.5453957938628893 93 166 126
9.555210493198482 1.5980725762045758 2.6978628226506665 93 166 126
9.053254110565407 1.4262331092509801 2.3925146770122403 93 166 126
9.17843158604334 1.5927268777484085 2.5522039395355973 93 166 126
9.417596125274788 1.963349271488738 2.5152381075470363 93 166 126
8.662698365953107 1.5980725762045758 2.6482839297075835 93 166 126
9.244855952324752 1.785426913951685 2.5415435029880227 93 166 126
9.244855952324752 1.785426913951685 2.5415435029880227 93 166 126
9.20399959681418 2.219954939757088 2.5480623559557687 93 166 126
9.220620975841147 1.3984045608076698 2.5453957938628893 93 166 126
10.564525944838364 2.0825822723496827 1.725690916401455 93 166 126
10.564525944838364 2.0825822723496827 1.725690916401455 93 166 126
10.44460622807176 2.0825822723496827 1.5353497794720332 93 166 126
11.273538407641276 2.162198466605485 1.8062421822790515 93 166 126
10.079996997523132 1.995165489660758 1.4344468441672513 93 166 126
11.051181729518813 2.0825822723496827 1.9054671708070892 93 166 126
10.971828920336227 2.551613673378852 1.5370537341529862 93 166 126
11.666263430807884 2.4796191010273767 1.7109612819350852 93 166 126
10.15442224150839 2.2171673642609533 1.5343363769384768 93 166 126
11.09572710677078 2.2912896628429884 1.810088335357478 93 166 126
11.55778063718627 2.4796191010273767 1.538765003491194 93 166 126
10.79795123383322 2.2912896628429884 1.629160177972142 93 166 126
18.22664746244028 1.5800416633117758 2.415535695198758 93 166 126
18.22664746244028 1.5800416633117758 2.415535695198758 93 166 126
17.717983150389305 2.039307912514208 2.4484887916558513 93 166 126
16.604583882963322 2.2912896628429884 2.435070770845608 93 166 126
8.021353802126745 -1.3036707644073056 2.040389629257082 93 166 126
15.773528835398292 -0.11352527861906896 2.614149019997515 93 166 126
14.507773003456125 -0.18195553967136613 2.7919237215200345 93 166 126
14.173937213052627 0.02587604729319246 2.863619907712276 93 166 126
13.932847925643717 0.034829204462106085 2.9326613884212334 93 166 126
13.760378138651232 0.053246853867524147 3.0037473535353763 93 166 126
13.78937065708509 -0.4445324873257153 2.9893390170879903 93 166 126
14.202085505987021 -0.22731385166319687 2.8567568477165173 93 166 126
9.368336712930995 -2.5935896809584693 2.7418785814659077 93 166 126
8.15538471182597 -1.5897583893198246 2.3327321744954257 93 166 126
9.122363443036084 -1.914565779602087 2.3844028441355016 93 166 126
9.404321878072734 -2.056195939603994 2.3531902915937493 93 166 126
8.356169972439124 -1.4427751637398865 2.158034416790567 93 166 126
9.270617703587764 -2.108253854689877 2.093715594925342 93 166 126
9.212290083695 -2.2690261714650037 2.374130040247055 93 166 126
9.989405616262442 -2.5274385170914715 2.613759542851154 93 166 126
9.989405616262442 -2.5274385170914715 2.613759542851154 93 166 126
7.987981434410882 -2.3827146444378164 2.352923915611011 93 166 126
12.772364132280162 -1.6296308781115785 2.9920691497121616 93 166 126
9.899643708605355 -2.7389921585033496 2.9075955139723053 93 166 126
12.772364132280162 -1.6296308781115785 2.9920691497121616 93 166 126
9.899643708605355 -2.7389921585033496 2.9075955139723053 93 166 126
12.772364132280162 -1.6296308781115785 2.9920691497121616 93 166 126
9.899643708605355 -2.7389921585033496 2.9075955139723053 93 166 126
10.861589973710457 -1.7939594235953868 2.660731491421594 93 166 126
11.008991414137984 -1.9777810404795753 2.6356666987577038 93 166 126
11.37695498571752 -1.848567742165467 2.777176284590297 93 166 126
8.922330785623883 -1.5833670737111707 1.6414478880324668 93 166 126
8.888190188482671 -1.9460677237945068 1.8711746804977252 93 166 126
11.545633429201787 1.7587980232174334 1.364041218807081 93 166 126
10.325472080177143 2.356985757736881 1.339187424449113 93 166 126
10.58774706353105 1.776910775920568 1.3450255899957348 93 166 126
12.277446969532873 2.1149563299541643 1.2927276098043605 93 166 126
11.343118401617797 1.4023173020551443 1.4497095516672558 93 166 126
9.739329400437061 1.1392889492956144 2.6596211559882708 93 166 126
9.949741674071586 1.2706503411286818 2.444698342317504 93 166 126
9.621452113948763 1.0555791414090554 2.4865209337463186 93 166 126
9.369957095983173 1.2162631683433751 2.522299447445563 93 166 126
18.323841500104937 1.4160094409661803 2.409581318220918 93 166 126
11.107364676739333 1.5808744750487067 1.5374656259687935 93 166 126
11.712754297000146 1.4909599083702487 1.885890441784127 93 166 126
10.657572315997225 1.8696561622364374 1.441878567944033 93 166 126
11.274604846349183 1.6706268111599316 1.715864203349772 93 166 126
10.57561120033042 1.8696561622364374 1.5357890527835552 93 166 126
11.408447038559101 1.5808744750487067 1.8034063040202921 93 166 126
9.59574345060215 1.3575086994924037 2.6890579608407976 93 166 126
8.662698365953107 1.5980725762045758 2.6482839297075835 93 166 126
9.17843158604334 1.5927268777484085 2.5522039395355973 93 166 126
9.17843158604334 1.5927268777484085 2.5522039395355973 93 166 126
9.17843158604334 1.5927268777484085 2.5522039395355973 93 166 126
9.053254110565407 1.4262331092509801 2.3925146770122403 93 166 126
9.053254110565407 1.4262331092509801 2.3925146770122403 93 166 126
10.079996997523132 1.995165489660758 1.4344468441672513 93 166 126
11.047798417295095 2.162198466605485 1.4464562047191478 93 166 126
10.44460622807176 2.0825822723496827 1.5353497794720332 93 166 126
10.980585551275281 2.162198466605485 1.6281883663783057 93 166 126
10.239755195755246 2.2171673642609533 1.43658710513685 93 166 126
10.786961484021417 2.4225714627936252 1.536475226815418 93 166 126
17.613437186405314 1.6706268111599316 2.4556662792248485 93 166 126
17.613437186405314 1.6706268111599316 2.4556662792248485 93 166 126
17.513629490504833 1.4975329758555231 2.3762488211435384 93 166 126
18.24792926664624 1.4975329758555231 2.4142230764460746 93 166 126
18.39817583645969 1.6706268111599316 2.4900998736410207 93 166 126
14.202085505987021 -0.22731385166319687 2.8567568477165173 93 166 126
14.480218952764554 0.020584076822159358 2.7971799407420903 93 166 126
14.173937213052627 0.02587604729319246 2.863619907712276 93 166 126
13.932847925643717 0.034829204462106085 2.9326613884212334 93 166 126
8.812343254169216 -1.220279454107874 1.873841779192991 93 166 126
7.896004015098886 -2.2690261714650037 2.1973466725863995 93 166 126
9.404321878072734 -2.056195939603994 2.3531902915937493 93 166 126
9.237128307471714 1.9151094267201083 2.776966263104655 93 166 126
9.621043049828812 -2.391531729950439 2.6836790273540547 93 166 126
9.899643708605355 -2.7389921585033496 2.9075955139723053 93 166 126
12.772364132280162 -1.6296308781115785 2.9920691497121616 93 166 126
10.601846789911429 -2.0671635155446415 2.7100423454486537 93 166 126
8.922330785623883 -1.5833670737111707 1.6414478880324668 93 166 126
18.246038704083595 -2.9737506939464455 1.8844667392502168 93 166 126
12.588725094299589 2.1149563299541643 1.2162683250852442 93 166 126
11.816277243148962 2.6744154259027964 1.2815683973712009 93 166 126
9.20530579562206 1.2706503411286818 2.3749168016599143 93 166 126
14.682094048035138 0.9931027930513392 1.7508879351031819 93 166 126
11.476161573601502 1.3162630443469419 1.5385371162613821 93 166 126
19.285398303182514 1.0831010982718074 2.431953997871962 93 166 126
18.53825458673365 1.0831010982718074 2.3967999915938765 93 166 126
19.153802403772016 1.1179290752057993 2.3625697062326365 93 166 126
9.244855952324752 1.785426913951685 2.5415435029880227 93 166 126
10.063774429604704 1.3984045608076698 2.601218911365397 93 166 126
10.867328718131137 2.4225714627936252 1.4443803561208568 93 166 126
10.77734240980657 2.2171673642609533 1.914316866964634 93 166 126
10.798992668189253 2.4225714627936252 1.6291545430744603 93 166 126
10.006285457139569 1.995165489660758 1.6337836331122366 93 166 126
10.277728359833597 2.2171673642609533 1.7300496127455942 93 166 126
17.717983150389305 2.039307912514208 2.4484887916558513 93 166 126
13.961482296623199 -0.3018846241114214 2.923199225704396 93 166 126
14.173937213052627 0.02587604729319246 2.863619907712276 93 166 126
14.480218952764554 0.020584076822159358 2.7971799407420903 93 166 126
8.55252103220251 -2.179508070915418 2.1428305828282648 93 166 126
9.122363443036084 -1.914565779602087 2.3844028441355016 93 166 126
10.04000409149011 -2.409123386128455 2.8547722544927914 93 166 126
10.861589973710457 -1.7939594235953868 2.660731491421594 93 166 126
11.160102969077975 1.9574007624806404 1.356789652848896 93 166 126
10.326914245284035 1.995165489660758 1.828292453330456 93 166 126
11.254741402724802 1.4909599083702487 1.7161220491367837 93 166 126
9.619033359381113 1.835577738973945 2.6841031264037283 93 166 126
11.240000029883863 1.6706268111599316 1.448593136129999 93 166 126
11.712754297000146 1.4909599083702487 1.885890441784127 93 166 126
10.326914245284035 1.995165489660758 1.828292453330456 93 166 126
17.09548657742184 1.776910775920568 2.493568205482373 93 166 126
8.990647465430285 -1.695091195596489 1.640910147515418 93 166 126
9.168178502145578 -1.8037929147447982 1.6395503108926963 93 166 126
8.81388949421486 -2.108253854689877 1.9952611958802773 93 166 126
14.480218952764554 0.020584076822159358 2.7971799407420903 93 166 126
17.09548657742184 1.776910775920568 2.493568205482373 93 166 126
9.555210493198482 1.5980725762045758 2.6978628226506665 93 166 126
16.604583882963322 2.2912896628429884 2.435070770845608 93 166 126
9.46117855192242 1.1286430944328183 2.347234415013746 93 166 126
11.343118401617797 1.4023173020551443 1.4497095516672558 93 166 126
13.961482296623199 -0.3018846241114214 2.923199225704396 93 166 126
9.368336712930995 -2.5935896809584693 2.7418785814659077 93 166 126
9.212290083695 -2.2690261714650037 2.374130040247055 93 166 126
8.356169972439124 -1.4427751637398865 2.158034416790567 93 166 126
9.244855952324752 1.785426913951685 2.5415435029880227 93 166 126
