10.908584758762272 9 52 84
10.045299910291813 22 65 97
9.852346153611947 20 65 97
10.345674124234067 20 65 97
10.345674124234067 20 65 97
10.63226425815427 6 51 83
10.34798506478293 8 53 85
8.559125854835901 50 98 128
8.537532705473481 38 85 118
8.54101269277493 56 97 130
8.414980977436988 67 112 145
7.395064709215785 51 103 140
9.205808871546036 55 107 143
10.142003178444801 45 92 125
10.034315315870964 52 97 131
10.025703927658183 54 103 136
9.080796268721434 46 94 129
10.51968642037182 55 101 135
8.753399007374112 48 100 138
8.753399007374112 48 100 138
9.72432830899826 54 104 138
9.515802167489955 56 105 139
8.968677683954184 64 115 152
9.070639721418459 59 111 149
9.39365494948737 62 114 152
9.39365494948737 62 114 152
9.611334261045375 61 113 149
9.187681857971054 52 103 138
8.279857827335203 68 117 152
2.702097504338118 8 25 38
10.057449885157876 7 49 79
9.846004363875455 23 65 97
9.745745409110597 19 60 92
7.267593719113188 63 115 153
6.405186548813479 66 119 157
7.407141167968766 39 93 129
6.985287180261533 50 108 150
7.121989448127155 53 107 146
6.8619128416363795 36 75 104
7.676273405978375 55 96 125
7.676273405978375 55 96 125
8.364667040496538 13 37 53
7.905152957927649 12 35 51
7.773802812466954 13 34 49
8.265176581591762 14 34 48
8.712532443397615 15 39 55
8.254719820298627 12 37 53
7.821088243210422 44 86 113
7.803940794750015 42 89 120
8.199320363859275 46 82 108
8.315391742588977 18 65 95
8.224709535735151 18 52 71
7.99237290681483 19 45 61
9.405387803775806 56 108 145
9.529260672577827 56 104 139
9.631773321678237 49 92 124
8.534078183454014 65 116 151
8.849421257998749 60 112 150
9.502030052896739 52 104 142
9.502030052896739 52 104 142
9.604833339543536 45 97 135
9.514873779031767 63 113 150
9.40728820570309 56 106 143
9.724637508753323 57 108 144
9.531136375673375 52 100 135
9.416465154102273 59 110 145
9.523947062230455 59 110 145
9.531136375673375 52 100 135
8.666630832786463 40 82 113
9.724637508753323 57 108 144
10.011148058545949 56 110 146
9.818137810368633 47 102 138
9.503911130260983 44 96 134
10.893843656574543 46 90 118
11.000968995520948 35 73 97
10.030170802254458 46 97 134
10.893843656574543 46 90 118
10.901769316361051 65 106 131
10.901769316361051 65 106 131
11.15035158133436 45 94 126
10.308192717245545 52 104 140
10.120848863071515 56 107 143
10.977389717078808 51 98 127
9.265462128579603 19 47 66
10.737283093061016 21 56 76
10.713123465206044 17 58 84
8.536549897968253 16 34 46
10.160780941633078 11 48 77
8.291711025446633 63 109 144
9.322722036636975 57 103 135
9.287864920712183 47 98 133
10.142003178444801 45 92 125
9.524874566316786 42 89 122
10.154631777997485 8 50 80
9.747579454661864 16 58 88
7.1295153156769295 38 93 131
6.859307268264665 42 81 108
7.66664851115811 11 31 45
8.395587444494563 9 29 45
7.734247963472247 9 36 52
7.897631103438929 15 36 51
7.55047529153085 11 29 45
7.659255048729879 17 36 48
8.438315765235979 23 65 89
8.302845510649302 29 74 103
8.315391742588977 18 65 95
8.059834058408189 40 79 108
9.414566604612054 47 97 132
9.61041510121412 37 91 128
9.503911130260983 44 96 134
9.40728820570309 56 106 143
9.531136375673375 52 100 135
9.631773321678237 49 92 124
9.631773321678237 49 92 124
10.893843656574543 46 90 118
10.893843656574543 46 90 118
10.627500129099515 34 73 98
10.69086473310835 56 111 146
8.406504279044203 57 108 141
10.716181549237449 21 65 98
8.537532705473481 38 85 118
8.283446068032143 70 119 153
10.1340788446065 52 97 131
8.754062227748154 59 108 143
9.304524295533536 63 112 149
8.857158097778104 49 100 135
9.087697317613099 57 111 150
9.834183511288058 53 100 133
9.39365494948737 62 114 152
10.713688790074643 35 78 110
10.154631777997485 8 50 80
6.982727643620388 47 106 149
8.543809261378815 31 69 97
6.849415475875219 7 24 39
8.59039638696069 10 35 51
7.554409986830938 14 33 46
10.635624269748913 34 71 94
9.416465154102273 59 110 145
11.000968995520948 35 73 97
9.514873779031767 63 113 150
8.54035979210145 57 107 141
9.529260672577827 56 104 139
9.40728820570309 56 106 143
10.030170802254458 46 97 134
9.503911130260983 44 96 134
9.724637508753323 57 108 144
9.724637508753323 57 108 144
9.631773321678237 49 92 124
9.852346153611947 20 65 97
8.765274187149892 53 98 134
8.857158097778104 49 100 135
9.515802167489955 56 105 139
9.207095006287437 64 112 147
9.09719666434744 67 118 155
9.846004363875455 23 65 97
8.098543932467095 28 61 78
7.001024536074893 72 123 158
10.977389717078808 51 98 127
10.890283273059818 35 78 105
8.849421257998749 60 112 150
10.908584758762272 9 52 84
10.337905911835477 28 71 103
9.818137810368633 47 102 138
7.655374241693282 11 33 48
7.121989448127155 53 107 146
7.001024536074893 72 123 158
9.509235936376218 73 124 162
9.852346153611947 20 65 97
10.713123465206044 17 58 84
10.69086473310835 56 111 146
7.78788998431173 54 105 141
11.000968995520948 35 73 97
10.510344112106024 28 82 118
11.339340582548463 53 101 134
10.034315315870964 52 97 131
