12.687727844353262 109 54 174
11.820037493302125 109 54 174
12.428174316598872 109 54 174
11.86420911845953 109 54 174
12.37922294467578 109 54 174
12.604179512969681 109 54 174
12.685392738833524 109 54 174
12.655708662939103 109 54 174
12.75895168783716 109 54 174
12.263778697034656 109 54 174
13.08691344236276 109 54 174
12.207544976006103 109 54 174
13.186780875530841 109 54 174
12.110988392025112 109 54 174
12.648830163555422 109 54 174
12.835308008915403 109 54 174
12.400660527507004 109 54 174
11.798483303903636 109 54 174
11.856657280242272 109 54 174
12.094923367786528 109 54 174
12.100768807481131 109 54 174
12.205496829682996 109 54 174
12.787482159780126 109 54 174
12.063537931254313 109 54 174
11.26972828663781 109 54 174
11.94338868220364 109 54 174
11.927051122443716 109 54 174
11.809566132733638 109 54 174
11.908495079953259 109 54 174
11.876869448302129 109 54 174
12.61737736599545 109 54 174
12.720931491337616 109 54 174
12.379719726627943 109 54 174
12.379719726627943 109 54 174
12.379719726627943 109 54 174
12.186272331299781 109 54 174
12.779927713481868 109 54 174
12.379719726627943 109 54 174
11.591680190062219 109 54 174
11.650886799609292 109 54 174
12.505074672576528 109 54 174
11.890395968291942 109 54 174
11.874764267563476 109 54 174
12.086510744554092 109 54 174
12.29142458229164 109 54 174
12.178169021439722 109 54 174
12.901394669518325 109 54 174
12.306527054158462 109 54 174
9.77754892147443 109 54 174
12.034059600521863 109 54 174
12.554174074899912 109 54 174
12.706001608699852 109 54 174
11.786583723525403 109 54 174
12.398796371582455 109 54 174
11.744651187410009 109 54 174
11.650781362615575 109 54 174
10.86203735337684 109 54 174
11.485415256497818 109 54 174
17.952578148761265 109 54 174
11.439913072121374 109 54 174
11.260662469221453 109 54 174
11.260662469221453 109 54 174
12.31925654098479 109 54 174
12.377773917921859 109 54 174
12.892397406194277 109 54 174
13.292840689133905 109 54 174
12.715934486723171 109 54 174
10.86509512468594 109 54 174
11.202477293396504 109 54 174
10.855552335675581 109 54 174
12.704038407137537 109 54 174
11.239604940568 109 54 174
11.239604940568 109 54 174
10.972593634688266 109 54 174
11.613936188022151 109 54 174
13.658516945337585 109 54 174
12.683598497327813 109 54 174
12.142417730372333 109 54 174
12.007936355432554 109 54 174
12.065100459786816 109 54 174
12.594982099967044 109 54 174
12.594982099967044 109 54 174
12.615565588078066 109 54 174
12.703110567695562 109 54 174
11.640730487950611 109 54 174
13.1156216255713 109 54 174
12.207544976006103 109 54 174
12.149955334646236 109 54 174
12.673467990958128 109 54 174
11.969092371330595 109 54 174
12.445955578093747 109 54 174
12.400660527507004 109 54 174
12.35007383389886 109 54 174
11.583445480223423 109 54 174
11.448003194289146 109 54 174
12.604179512969681 109 54 174
12.770796615449356 109 54 174
12.628904449972508 109 54 174
12.28102076245315 109 54 174
12.24260376395609 109 54 174
11.618559981342424 109 54 174
11.730934423626382 109 54 174
12.24260376395609 109 54 174
11.986822527399966 109 54 174
12.21184342120277 109 54 174
12.318807010232128 109 54 174
11.662531891757494 109 54 174
12.247669275994681 109 54 174
11.874764267563476 109 54 174
12.44715578460095 109 54 174
9.774015094108712 109 54 174
12.187814347412191 109 54 174
12.333324319446632 109 54 174
11.845571696571627 109 54 174
11.154984743279666 109 54 174
19.317404010514316 109 54 174
18.326080678386532 109 54 174
11.439913072121374 109 54 174
10.801582221130614 109 54 174
11.019365029669514 109 54 174
10.79198327111205 109 54 174
11.587045670406228 109 54 174
10.705376529010275 109 54 174
10.79198327111205 109 54 174
13.49074833308605 109 54 174
13.339085378492152 109 54 174
12.007936355432554 109 54 174
12.98855904057302 109 54 174
12.142208590209881 109 54 174
12.525805905223192 109 54 174
12.720931491337616 109 54 174
11.850575575922115 109 54 174
12.64715140943575 109 54 174
12.61737736599545 109 54 174
12.086510744554092 109 54 174
12.366057873479775 109 54 174
12.234035086900379 109 54 174
10.783610410561195 109 54 174
18.030079268304874 109 54 174
12.913895827311558 109 54 174
10.925077290579802 109 54 174
10.702149072776141 109 54 174
13.58256210345136 109 54 174
12.204210859100119 109 54 174
11.082131023849666 109 54 174
12.655708662939103 109 54 174
12.652054953488976 109 54 174
12.186272331299781 109 54 174
11.789337520921691 109 54 174
10.89660876802559 109 54 174
12.514098568687668 109 54 174
11.681662061853656 109 54 174
11.82335086289608 109 54 174
12.049413622990132 109 54 174
12.29142458229164 109 54 174
12.165768506999145 109 54 174
11.050763951891971 109 54 174
10.855552335675581 109 54 174
12.893788598780638 109 54 174
12.715934486723171 109 54 174
12.913895827311558 109 54 174
11.587045670406228 109 54 174
12.549803076255307 109 54 174
12.568592965934707 109 54 174
13.075354887240541 109 54 174
