13.99913239672659 14 117 190
12.784809515122362 14 117 190
12.83268881783123 14 117 190
13.374449534173946 14 117 190
8.364691235300892 14 117 190
9.31508829322199 14 117 190
12.765436115573012 14 117 190
12.611715119055507 14 117 190
12.540070027359826 14 117 190
12.813387810337405 14 117 190
12.584947565444132 14 117 190
12.671973140432913 14 117 190
13.318472649686786 14 117 190
13.464126956361392 14 117 190
13.041622144298833 14 117 190
11.383570575859364 14 117 190
23.065644295954435 14 117 190
22.723342673641508 14 117 190
22.723342673641508 14 117 190
20.43541633260689 14 117 190
20.52510378075431 14 117 190
20.09611211691403 14 117 190
20.412126681784706 14 117 190
20.412126681784706 14 117 190
20.69800555958532 14 117 190
20.786560048944683 14 117 190
20.657535903898765 14 117 190
20.69800555958532 14 117 190
20.27267301441694 14 117 190
20.786560048944683 14 117 190
12.22173339667585 14 117 190
11.772736095604504 14 117 190
11.772736095604504 14 117 190
11.964573837199346 14 117 190
11.481457361070355 14 117 190
11.142271698819695 14 117 190
11.142271698819695 14 117 190
11.567356571761696 14 117 190
10.940892195972294 14 117 190
10.86413721931609 14 117 190
10.714612898411296 14 117 190
10.714612898411296 14 117 190
11.251813832665967 14 117 190
11.251813832665967 14 117 190
11.413893246773053 14 117 190
10.884694487515947 14 117 190
10.636225131081208 14 117 190
10.86413721931609 14 117 190
11.10750946736692 14 117 190
22.006057529204032 14 117 190
21.54634135791703 14 117 190
22.23944521463787 14 117 190
21.702955511970217 14 117 190
21.702955511970217 14 117 190
20.845144491115043 14 117 190
20.340080024370984 14 117 190
20.845144491115043 14 117 190
20.340080024370984 14 117 190
22.336014345992197 14 117 190
22.709001085957468 14 117 190
22.726024341373265 14 117 190
23.125711618043926 14 117 190
22.709001085957468 14 117 190
22.329328758453602 14 117 190
23.16246799845961 14 117 190
23.16246799845961 14 117 190
10.879146703504409 14 117 190
10.376963909407019 14 117 190
10.760204272760198 14 117 190
11.191783838041932 14 117 190
10.038983389569387 14 117 190
11.295237091522173 14 117 190
10.98554452326386 14 117 190
10.760204272760198 14 117 190
11.114608156067606 14 117 190
10.826271702977106 14 117 190
10.878147403377985 14 117 190
11.244318874169757 14 117 190
11.244318874169757 14 117 190
11.244318874169757 14 117 190
11.460143953070396 14 117 190
13.670810835519415 14 117 190
13.556963575286346 14 117 190
14.272079818940309 14 117 190
13.824010156064336 14 117 190
13.034740129846016 14 117 190
12.876546556790009 14 117 190
12.790912914342965 14 117 190
12.876546556790009 14 117 190
12.962684548002828 14 117 190
12.522166055986634 14 117 190
13.271344043596912 14 117 190
11.380036035837541 14 117 190
13.38398289785016 14 117 190
12.502385677002463 14 117 190
12.358534910143758 14 117 190
11.887339446698725 14 117 190
11.185223470418954 14 117 190
11.899825048770762 14 117 190
12.272189889617453 14 117 190
12.154529058329048 14 117 190
11.498218627340728 14 117 190
12.358534910143758 14 117 190
11.807109643959315 14 117 190
12.502385677002463 14 117 190
11.916838236514344 14 117 190
22.786484861439487 14 117 190
14.395048606267252 14 117 190
14.93046584388882 14 117 190
15.781177102926886 14 117 190
13.173600766595865 14 117 190
9.872735923654728 14 117 190
10.421213822488225 14 117 190
14.374442179651169 14 117 190
15.372949974088321 14 117 190
14.425415699862532 14 117 190
15.585050900510034 14 117 190
14.980874137688348 14 117 190
15.036629757130349 14 117 190
15.986740785097544 14 117 190
16.39887709501531 14 117 190
15.41856062783509 14 117 190
14.615185746505576 14 117 190
15.09407204360917 14 117 190
14.991762585016524 14 117 190
14.38578963603932 14 117 190
16.03610170329525 14 117 190
12.408494213573535 14 117 190
13.539498428516637 14 117 190
12.840207207415839 14 117 190
13.83635638939015 14 117 190
12.73570120178281 14 117 190
10.751860584545188 14 117 190
17.17706399262646 14 117 190
16.20116324224716 14 117 190
11.279817525594327 14 117 190
10.995814109672063 14 117 190
10.797294682383246 14 117 190
10.689023200553914 14 117 190
22.994417453810257 14 117 190
13.021150231888148 14 117 190
13.746814153308511 14 117 190
12.83268881783123 14 117 190
12.58888018246324 14 117 190
12.765436115573012 14 117 190
11.383570575859364 14 117 190
23.065644295954435 14 117 190
20.69800555958532 14 117 190
23.250325991618723 14 117 190
11.251813832665967 14 117 190
11.567356571761696 14 117 190
11.35445598225608 14 117 190
11.772736095604504 14 117 190
10.940892195972294 14 117 190
11.177194191800323 14 117 190
10.714612898411296 14 117 190
10.940892195972294 14 117 190
11.481457361070355 14 117 190
11.659785742992442 14 117 190
11.142271698819695 14 117 190
11.360035699389506 14 117 190
11.772736095604504 14 117 190
10.884694487515947 14 117 190
22.524794682694708 14 117 190
22.339203656829625 14 117 190
22.336014345992197 14 117 190
22.726024341373265 14 117 190
20.340080024370984 14 117 190
22.709001085957468 14 117 190
21.702955511970217 14 117 190
23.16246799845961 14 117 190
10.879146703504409 14 117 190
11.180721977978626 14 117 190
10.583370703768129 14 117 190
10.878147403377985 14 117 190
10.98554452326386 14 117 190
10.879146703504409 14 117 190
11.244318874169757 14 117 190
13.266629160267337 14 117 190
13.266629160267337 14 117 190
13.568435735172022 14 117 190
12.794782225803733 14 117 190
13.719605378689021 14 117 190
12.320869865323107 14 117 190
12.43122629020834 14 117 190
12.943577387022637 14 117 190
11.3582668158383 14 117 190
12.43122629020834 14 117 190
11.899825048770762 14 117 190
12.717475913903622 14 117 190
22.786484861439487 14 117 190
14.967251512366756 14 117 190
15.781177102926886 14 117 190
15.21904687418985 14 117 190
12.66555202996558 14 117 190
12.674524238667479 14 117 190
16.47655552312023 14 117 190
15.871428303909605 14 117 190
15.969413545927582 14 117 190
15.899522399998407 14 117 190
14.703714954951195 14 117 190
14.41189277743549 14 117 190
14.991762585016524 14 117 190
15.212023414325417 14 117 190
14.466419699725915 14 117 190
13.186042985856309 14 117 190
10.751860584545188 14 117 190
12.035397627564096 14 117 190
10.797294682383246 14 117 190
12.623484277905437 14 117 190
13.246913328919023 14 117 190
20.09611211691403 14 117 190
11.413893246773053 14 117 190
10.714612898411296 14 117 190
11.142271698819695 14 117 190
11.659785742992442 14 117 190
11.725074949953914 14 117 190
22.23944521463787 14 117 190
10.879146703504409 14 117 190
11.191783838041932 14 117 190
14.272079818940309 14 117 190
12.865008906287944 14 117 190
13.015738747202581 14 117 190
14.782631220733972 14 117 190
12.606799085101539 14 117 190
13.271344043596912 14 117 190
11.666620443756958 14 117 190
18.39700985710309 14 117 190
15.727317777583595 14 117 190
10.456255660328052 14 117 190
10.456255660328052 14 117 190
14.629730308674146 14 117 190
15.069150635710795 14 117 190
10.673746366938747 14 117 190
9.085346083541186 14 117 190
13.068163655186149 14 117 190
20.27267301441694 14 117 190
13.670810835519415 14 117 190
10.651555779100306 14 117 190
12.321995603521481 14 117 190
12.357412500611378 14 117 190
14.38578963603932 14 117 190
15.367412480112117 14 117 190
8.23826804847245 14 117 190
10.959395579491076 14 117 190
10.252196982710183 14 117 190
12.587151705406965 14 117 190
18.39700985710309 14 117 190
12.947755526424114 14 117 190
11.279817525594327 14 117 190
12.660249057642615 14 117 190
11.114608156067606 14 117 190
20.27267301441694 14 117 190
13.365821398908597 14 117 190
20.43541633260689 14 117 190
10.421213822488225 14 117 190
13.37184578600342 14 117 190
12.34538969170086 14 117 190
12.623484277905437 14 117 190
