12.30577065522425 76 232 101
12.895566310385421 76 232 101
18.23937009318903 76 232 101
18.414842951260894 76 232 101
18.95045019564126 76 232 101
12.267196816525193 76 232 101
12.267196816525193 76 232 101
13.872585189848966 76 232 101
13.1985658818869 76 232 101
13.260025782953697 76 232 101
13.39389652943878 76 232 101
14.018708017763952 76 232 101
12.023658027921833 76 232 101
13.647397282282714 76 232 101
11.856705869265967 76 232 101
13.31124903319876 76 232 101
12.541895279355076 76 232 101
12.917713329959934 76 232 101
13.547900786078154 76 232 101
17.392596185791778 76 232 101
17.494873036370798 76 232 101
18.79873092855849 76 232 101
19.511557210844863 76 232 101
18.89339739170954 76 232 101
18.117472281558314 76 232 101
17.347455767498104 76 232 101
18.1691835654296 76 232 101
18.102138324269664 76 232 101
14.386421226576148 76 232 101
14.407354340931954 76 232 101
20.742248512580574 76 232 101
20.11100340026776 76 232 101
19.430260090762896 76 232 101
18.52543829459881 76 232 101
20.174419083612225 76 232 101
19.464578876980042 76 232 101
20.331483386072613 76 232 101
21.019375773302787 76 232 101
20.257563661381983 76 232 101
20.834106029393492 76 232 101
19.02844571816918 76 232 101
22.092376416806935 76 232 101
22.339936538824016 76 232 101
20.835135144467046 76 232 101
17.517873173039497 76 232 101
17.04280442536642 76 232 101
16.49319141821875 76 232 101
16.729481442157557 76 232 101
17.296541432521767 76 232 101
18.00474039552209 76 232 101
16.65253847506667 76 232 101
16.678429612638574 76 232 101
16.942048017400456 76 232 101
18.028689730269043 76 232 101
16.780986344187905 76 232 101
16.83211690077789 76 232 101
17.12697524548131 76 232 101
16.83211690077789 76 232 101
16.908242694655495 76 232 101
16.815220715219127 76 232 101
16.815220715219127 76 232 101
16.354108092405603 76 232 101
16.4067914248464 76 232 101
16.85773223306196 76 232 101
16.30188076628987 76 232 101
14.491478795423724 76 232 101
14.995552564836835 76 232 101
14.486761734134435 76 232 101
15.762503618235382 76 232 101
15.326045721965023 76 232 101
15.209169425995665 76 232 101
15.437589378262532 76 232 101
15.0295491046325 76 232 101
14.01061821257223 76 232 101
14.101983348393903 76 232 101
14.238301943059966 76 232 101
14.163046554986177 76 232 101
14.388318429962217 76 232 101
15.232766003686596 76 232 101
14.353514414901584 76 232 101
14.862268168262766 76 232 101
15.507062250676453 76 232 101
14.060838094692608 76 232 101
14.106829073006187 76 232 101
12.691659088733518 76 232 101
14.00496295776763 76 232 101
14.337752200220606 76 232 101
13.276390996321261 76 232 101
14.292504314677576 76 232 101
13.943963383310152 76 232 101
13.856489285234183 76 232 101
13.831019178471909 76 232 101
13.851555983902172 76 232 101
14.82369834880686 76 232 101
14.842861732035958 76 232 101
14.76071559488404 76 232 101
14.789918916384105 76 232 101
14.871903747553672 76 232 101
13.918629554382738 76 232 101
14.112396572241668 76 232 101
14.900159550933704 76 232 101
13.897433441655354 76 232 101
13.840898662605877 76 232 101
13.897433441655354 76 232 101
14.919224721921685 76 232 101
14.779938232839998 76 232 101
14.025221450727827 76 232 101
14.799158281013273 76 232 101
14.152600395886589 76 232 101
14.828285892396572 76 232 101
14.948118376015177 76 232 101
13.959391448969669 76 232 101
14.152600395886589 76 232 101
14.948118376015177 76 232 101
14.38205579458617 76 232 101
14.60862897531825 76 232 101
15.08585215093918 76 232 101
16.933175064686008 76 232 101
17.329183427040626 76 232 101
17.329183427040626 76 232 101
16.44457870201533 76 232 101
9.304424105293068 76 232 101
8.628406565456194 76 232 101
9.761461629449622 76 232 101
9.37963500758354 76 232 101
9.237216063471376 76 232 101
16.894491336041266 76 232 101
17.29098707176679 76 232 101
17.44773642397118 76 232 101
17.19147304845994 76 232 101
16.936803885138872 76 232 101
17.14938696197506 76 232 101
17.281672394973697 76 232 101
15.00891620269074 76 232 101
16.139783234864176 76 232 101
16.223372234679037 76 232 101
16.223372234679037 76 232 101
17.495361931302753 76 232 101
17.119411094608303 76 232 101
16.787325720138103 76 232 101
12.564386612256998 76 232 101
13.629758685142754 76 232 101
13.079713379235608 76 232 101
13.818682788551298 76 232 101
13.357975076774922 76 232 101
12.006780427944799 76 232 101
11.9226529995216 76 232 101
12.124362741839 76 232 101
13.184893077400123 76 232 101
13.631567520178045 76 232 101
18.89339739170954 76 232 101
14.11127964873858 76 232 101
19.011186728350733 76 232 101
18.52543829459881 76 232 101
18.504371589955152 76 232 101
20.11100340026776 76 232 101
18.01730702261217 76 232 101
20.715471411483108 76 232 101
21.342568881190818 76 232 101
21.342568881190818 76 232 101
16.248453509799873 76 232 101
16.86546948600638 76 232 101
16.327926123688155 76 232 101
17.11858968261637 76 232 101
16.83211690077789 76 232 101
16.908242694655495 76 232 101
16.85773223306196 76 232 101
16.16074513011502 76 232 101
17.436551327802913 76 232 101
12.01446734561013 76 232 101
14.774914045938349 76 232 101
14.238301943059966 76 232 101
15.839848457912698 76 232 101
15.839848457912698 76 232 101
14.163046554986177 76 232 101
14.32821530692722 76 232 101
15.0295491046325 76 232 101
13.990314901335937 76 232 101
14.353514414901584 76 232 101
14.619492925712166 76 232 101
15.789854242362308 76 232 101
15.843769500178983 76 232 101
15.209169425995665 76 232 101
14.337752200220606 76 232 101
14.25269513571543 76 232 101
14.106829073006187 76 232 101
14.060838094692608 76 232 101
14.41679090719542 76 232 101
14.779938232839998 76 232 101
14.198294141744737 76 232 101
14.7267916971026 76 232 101
14.775313263343413 76 232 101
13.903108614581564 76 232 101
14.097088972157826 76 232 101
14.00571555456633 76 232 101
14.799158281013273 76 232 101
16.933175064686008 76 232 101
16.949953670474216 76 232 101
15.10468294205193 76 232 101
9.531064574435314 76 232 101
9.332780514457662 76 232 101
17.44773642397118 76 232 101
17.54579706540721 76 232 101
18.24430496010329 76 232 101
17.447341409397822 76 232 101
17.44773642397118 76 232 101
17.307020584480796 76 232 101
17.520400961499817 76 232 101
15.943160094030135 76 232 101
15.085616151285315 76 232 101
15.26098019884463 76 232 101
12.16046597134089 76 232 101
17.73870062035102 76 232 101
12.539802646246137 76 232 101
13.872585189848966 76 232 101
18.756974810657134 76 232 101
20.140625451290422 76 232 101
19.87409412357333 76 232 101
19.902349581258278 76 232 101
19.095456895422707 76 232 101
21.019375773302787 76 232 101
16.95920470958759 76 232 101
16.635459897569934 76 232 101
14.711722441695942 76 232 101
16.623265319308558 76 232 101
15.020164466469252 76 232 101
14.678403413357836 76 232 101
14.575842877242884 76 232 101
12.70865964403472 76 232 101
14.292504314677576 76 232 101
14.187154344754068 76 232 101
14.020371142438705 76 232 101
14.828285892396572 76 232 101
13.840898662605877 76 232 101
14.828285892396572 76 232 101
15.005058412519341 76 232 101
14.847465660272503 76 232 101
14.746081016655522 76 232 101
15.133222507452867 76 232 101
15.133222507452867 76 232 101
9.11066009981951 76 232 101
9.402625824671064 76 232 101
17.44773642397118 76 232 101
17.807720967396136 76 232 101
17.82328964159747 76 232 101
17.123805430660386 76 232 101
17.170549138425656 76 232 101
17.520400961499817 76 232 101
14.986302664266463 76 232 101
19.573775423135842 76 232 101
12.557008797085643 76 232 101
12.606186467709035 76 232 101
14.024849154326725 76 232 101
18.582294002126385 76 232 101
20.78309567825879 76 232 101
14.871903747553672 76 232 101
14.74144542482638 76 232 101
16.678429612638574 76 232 101
17.337872818400296 76 232 101
17.31296789077079 76 232 101
14.01061821257223 76 232 101
16.83211690077789 76 232 101
13.851555983902172 76 232 101
16.936803885138872 76 232 101
18.117472281558314 76 232 101
18.833155420539473 76 232 101
17.337872818400296 76 232 101
13.897433441655354 76 232 101
12.753289414944975 76 232 101
13.943963383310152 76 232 101
17.386988492743033 76 232 101
14.26304476674939 76 232 101
14.278104861723232 76 232 101
17.392596185791778 76 232 101
9.985887675439868 76 232 101
16.6403564125305 76 232 101
14.842861732035958 76 232 101
16.27539062014083 76 232 101
9.237216063471376 76 232 101
19.99146261866425 76 232 101
17.735217203622987 76 232 101
13.219092616464772 76 232 101
17.110370229758658 76 232 101
