8.897218375750692 230 84 98
8.812177205909057 230 84 98
8.993444136262854 230 84 98
8.189162399911478 230 84 98
8.189162399911478 230 84 98
9.639357288785895 230 84 98
9.349394698236733 230 84 98
8.893680471037452 230 84 98
9.42438830520039 230 84 98
9.42438830520039 230 84 98
9.80222764594182 230 84 98
9.052644989195432 230 84 98
10.57379824987932 230 84 98
9.182105861973689 230 84 98
9.882910700127269 230 84 98
9.331755873018349 230 84 98
10.139191796188557 230 84 98
8.488495349661289 230 84 98
18.59810470139792 230 84 98
9.786012447460642 230 84 98
6.475523738379925 230 84 98
6.123620018885974 230 84 98
6.395043358244744 230 84 98
7.8322087548018855 230 84 98
7.441684317920531 230 84 98
6.547630436325249 230 84 98
6.035275462290654 230 84 98
7.790551527439885 230 84 98
7.7432076684901165 230 84 98
7.790551527439885 230 84 98
7.308477064092998 230 84 98
9.144258610538772 230 84 98
9.540722155067364 230 84 98
9.919075821342094 230 84 98
9.903253821195799 230 84 98
9.289238458337769 230 84 98
9.249568802464776 230 84 98
9.065971383265534 230 84 98
9.048657813161322 230 84 98
9.19268546316547 230 84 98
9.065971383265534 230 84 98
10.170898605434079 230 84 98
9.818254500428523 230 84 98
9.340821720527437 230 84 98
9.198567079932461 230 84 98
9.640400485051074 230 84 98
10.493312525404846 230 84 98
10.331840196522503 230 84 98
10.100073947360304 230 84 98
7.832951066838941 230 84 98
9.352350790229663 230 84 98
10.089110490606453 230 84 98
9.55170486182318 230 84 98
9.613397333756339 230 84 98
9.968367533846127 230 84 98
9.272027495198037 230 84 98
9.55170486182318 230 84 98
9.899273159926734 230 84 98
10.015449964796888 230 84 98
10.015449964796888 230 84 98
9.662209633628631 230 84 98
9.193232419032238 230 84 98
10.628851914527836 230 84 98
10.479277919532558 230 84 98
10.255630240221354 230 84 98
10.499384025581227 230 84 98
12.267076934272932 230 84 98
12.468652333485128 230 84 98
12.669504647781618 230 84 98
11.976314938433068 230 84 98
12.267076934272932 230 84 98
10.502859787084882 230 84 98
13.07529205964919 230 84 98
8.632053621337898 230 84 98
10.548033309595146 230 84 98
10.22377516360747 230 84 98
10.984482878973315 230 84 98
8.230487494596973 230 84 98
7.617705565200317 230 84 98
8.239912169169216 230 84 98
9.352772495564901 230 84 98
7.338194239596051 230 84 98
7.102903440137105 230 84 98
19.22834542219947 230 84 98
19.264660004618523 230 84 98
18.306203014494756 230 84 98
19.07173557226927 230 84 98
8.657854147351012 230 84 98
8.523192449680986 230 84 98
18.966878935390596 230 84 98
7.726078849590426 230 84 98
9.391994028566655 230 84 98
9.337861978771416 230 84 98
9.063476668902993 230 84 98
9.293122414806618 230 84 98
9.344146146638828 230 84 98
8.888162819573068 230 84 98
10.217499484970393 230 84 98
10.228532001213768 230 84 98
8.488495349661289 230 84 98
8.939869561618915 230 84 98
6.573447227774356 230 84 98
7.638317399166045 230 84 98
9.557144350835003 230 84 98
9.141366381301063 230 84 98
9.065971383265534 230 84 98
10.035023370776845 230 84 98
9.412947468161374 230 84 98
11.323328929919052 230 84 98
10.331840196522503 230 84 98
10.7462714441247 230 84 98
10.178396279668538 230 84 98
10.367814645654448 230 84 98
10.766774633757601 230 84 98
10.240328252631288 230 84 98
10.60389190438166 230 84 98
11.451794873519537 230 84 98
11.35143568654651 230 84 98
10.46310286622286 230 84 98
7.751809499711992 230 84 98
19.07615146642034 230 84 98
19.375645505967412 230 84 98
19.360100624507208 230 84 98
7.826043196671598 230 84 98
19.308721476715867 230 84 98
19.03601203915284 230 84 98
9.286274639556195 230 84 98
9.510223634749737 230 84 98
8.834505946235875 230 84 98
9.511058733403608 230 84 98
8.520880828969926 230 84 98
7.5978592971229455 230 84 98
6.034442279123736 230 84 98
8.08052199326051 230 84 98
6.110672744477704 230 84 98
8.557657016749982 230 84 98
7.883480519459994 230 84 98
9.903253821195799 230 84 98
9.144258610538772 230 84 98
9.123644783145906 230 84 98
9.19268546316547 230 84 98
9.988033207019539 230 84 98
9.065971383265534 230 84 98
10.331840196522503 230 84 98
10.452759491661235 230 84 98
10.479277919532558 230 84 98
10.479277919532558 230 84 98
10.240328252631288 230 84 98
11.763633048412345 230 84 98
7.926284036303321 230 84 98
7.638263348470517 230 84 98
19.494044766409715 230 84 98
9.479881430378432 230 84 98
9.32208797928711 230 84 98
8.897218375750692 230 84 98
9.203451750032652 230 84 98
6.8937535029067085 230 84 98
19.348342449511517 230 84 98
6.77906282950068 230 84 98
12.468652333485128 230 84 98
10.249904914143462 230 84 98
12.541008386394983 230 84 98
12.32392120753375 230 84 98
9.677429258083034 230 84 98
12.034532684016616 230 84 98
10.452759491661235 230 84 98
10.22377516360747 230 84 98
11.416883778682944 230 84 98
8.852580539239701 230 84 98
10.479277919532558 230 84 98
9.799622985950862 230 84 98
9.134492444548348 230 84 98
10.499384025581227 230 84 98
8.511131001877382 230 84 98
9.048657813161322 230 84 98
8.341613971715473 230 84 98
8.230487494596973 230 84 98
10.151587185624393 230 84 98
9.883419458484077 230 84 98
