13.463888479919211 233 215 31
13.644747944149023 233 215 31
12.33987596276415 233 215 31
13.31008899589877 233 215 31
13.710708791023729 233 215 31
12.49307519665598 233 215 31
13.18925767577757 233 215 31
12.374629350592594 233 215 31
12.205313882570877 233 215 31
12.039633043193664 233 215 31
12.384934738385317 233 215 31
13.105112894349183 233 215 31
13.12358937581064 233 215 31
11.497271125952583 233 215 31
12.105561484013736 233 215 31
11.54752153982994 233 215 31
12.316762123724331 233 215 31
12.518917948170431 233 215 31
11.995759255650052 233 215 31
11.953140287761222 233 215 31
12.124863290659109 233 215 31
11.685954903239766 233 215 31
11.204501980005181 233 215 31
11.746983971920596 233 215 31
12.047806555789847 233 215 31
12.594486412830245 233 215 31
12.748635051875953 233 215 31
12.3790858725073 233 215 31
13.128150223469229 233 215 31
14.084798061184529 233 215 31
13.689218580998967 233 215 31
13.310013959653398 233 215 31
14.033939075980829 233 215 31
12.87910022498917 233 215 31
12.636281561369723 233 215 31
13.496047668563875 233 215 31
13.636884355392969 233 215 31
13.696361424315253 233 215 31
14.020597253022109 233 215 31
14.107459257480661 233 215 31
13.159250978566046 233 215 31
13.02990478576037 233 215 31
13.445876232510876 233 215 31
13.71904746639808 233 215 31
14.622877624382625 233 215 31
14.758442562152462 233 215 31
14.106859450074639 233 215 31
11.682471926117296 233 215 31
11.161310874981636 233 215 31
11.632077062074021 233 215 31
11.667488300895718 233 215 31
11.043169631122739 233 215 31
11.39077670637404 233 215 31
11.00894216388641 233 215 31
11.00894216388641 233 215 31
10.988450288879532 233 215 31
11.346903999389047 233 215 31
11.798432022432916 233 215 31
11.295012033851979 233 215 31
11.748534575064259 233 215 31
11.219349736754072 233 215 31
10.836191245035513 233 215 31
11.43129228850366 233 215 31
10.611219261963937 233 215 31
11.331476660981608 233 215 31
10.64413962382282 233 215 31
11.932222413048652 233 215 31
10.477256690182054 233 215 31
11.455454150398435 233 215 31
11.783595849102692 233 215 31
10.884513854919069 233 215 31
11.709060484271632 233 215 31
10.536157334218936 233 215 31
11.654130370285406 233 215 31
11.805684117879988 233 215 31
10.392995987428854 233 215 31
10.745645054375673 233 215 31
11.221392758978169 233 215 31
11.354113846000969 233 215 31
10.942621610083242 233 215 31
11.805684117879988 233 215 31
11.580083903022233 233 215 31
12.273956647360825 233 215 31
12.495157679081899 233 215 31
21.59133798018764 233 215 31
21.59133798018764 233 215 31
21.525817273710732 233 215 31
21.506644155415636 233 215 31
21.53394242478984 233 215 31
21.174843051017007 233 215 31
21.155351846795018 233 215 31
18.978382584097115 233 215 31
20.054213947740937 233 215 31
20.063356829605162 233 215 31
12.032913164412452 233 215 31
12.874816780480952 233 215 31
12.901597828416113 233 215 31
12.109418283314946 233 215 31
12.304614241469745 233 215 31
12.722197115592863 233 215 31
11.519499771652999 233 215 31
11.951302107610948 233 215 31
14.304299742338372 233 215 31
11.567754522238637 233 215 31
12.13292712927414 233 215 31
12.748635051875953 233 215 31
13.428402377868164 233 215 31
12.872161234832678 233 215 31
14.156216287612455 233 215 31
14.219804804376203 233 215 31
14.107459257480661 233 215 31
13.653126905305877 233 215 31
13.18992151732089 233 215 31
12.921697853215258 233 215 31
13.468634677245145 233 215 31
14.954361875739345 233 215 31
15.126644739784501 233 215 31
15.252432374341582 233 215 31
11.170347442011881 233 215 31
11.322568692266467 233 215 31
11.783595849102692 233 215 31
11.331476660981608 233 215 31
11.664154331343125 233 215 31
11.584439734604072 233 215 31
11.43129228850366 233 215 31
11.902865100827617 233 215 31
11.485955071209414 233 215 31
11.346903999389047 233 215 31
9.845132490987265 233 215 31
10.745645054375673 233 215 31
10.87166286013778 233 215 31
11.209262927793928 233 215 31
10.791901288064656 233 215 31
11.580083903022233 233 215 31
11.020951827679621 233 215 31
11.209262927793928 233 215 31
20.71636413173099 233 215 31
12.961499091909548 233 215 31
11.762904874793891 233 215 31
11.896383545541198 233 215 31
13.659647638371343 233 215 31
12.635611917944289 233 215 31
12.49307519665598 233 215 31
12.963406587587345 233 215 31
12.763648749764926 233 215 31
11.663163485431362 233 215 31
11.164399722381788 233 215 31
11.058999166051683 233 215 31
11.201624707211984 233 215 31
11.091691857629414 233 215 31
12.143931746135715 233 215 31
21.59133798018764 233 215 31
20.826127808872208 233 215 31
21.183102824850366 233 215 31
21.54519181825533 233 215 31
21.52603595676423 233 215 31
20.845926843990174 233 215 31
12.105561484013736 233 215 31
12.826808490024403 233 215 31
14.628407794771796 233 215 31
13.496047668563875 233 215 31
14.381404513967793 233 215 31
12.779285555708293 233 215 31
11.535734638331624 233 215 31
11.430281256719457 233 215 31
11.667488300895718 233 215 31
11.331476660981608 233 215 31
11.39514707722956 233 215 31
11.266029010904617 233 215 31
21.506644155415636 233 215 31
18.978382584097115 233 215 31
12.455857044855016 233 215 31
11.043169631122739 233 215 31
12.710833813084424 233 215 31
11.563717065447726 233 215 31
12.342974031250865 233 215 31
13.710708791023729 233 215 31
11.146663499563186 233 215 31
13.370945103068735 233 215 31
11.005749816720426 233 215 31
12.372930823259404 233 215 31
12.87547398305284 233 215 31
11.761146896974926 233 215 31
11.295012033851979 233 215 31
13.971972573999007 233 215 31
14.233554387037968 233 215 31
12.007094577221682 233 215 31
13.428402377868164 233 215 31
12.157138706515433 233 215 31
13.521298945851392 233 215 31
11.446585099416486 233 215 31
11.563717065447726 233 215 31
