13.592530571141088 163 71 138
13.592530571141088 163 71 138
13.592530571141088 163 71 138
9.374131925031433 163 71 138
12.910685756496184 163 71 138
13.083078918214149 163 71 138
13.32846957671606 163 71 138
9.56981537527652 163 71 138
12.810577115069938 163 71 138
12.984299492016492 163 71 138
13.548222313382368 163 71 138
12.788118131269893 163 71 138
12.962141513520823 163 71 138
13.02692670465061 163 71 138
15.459399931509305 163 71 138
10.337308843191815 163 71 138
10.020636828050458 163 71 138
9.850928952764535 163 71 138
9.997518575925385 163 71 138
9.60434072214162 163 71 138
10.197290486857217 163 71 138
21.41127727612009 163 71 138
21.515667358279234 163 71 138
21.294289419467667 163 71 138
22.291376256646245 163 71 138
21.79094812464914 163 71 138
10.73735820589014 163 71 138
12.690737490866624 163 71 138
13.692452199238097 163 71 138
12.690737490866624 163 71 138
13.671442006846988 163 71 138
13.90242201580986 163 71 138
12.880410579574244 163 71 138
13.778688565589778 163 71 138
12.746760269976363 163 71 138
13.90242201580986 163 71 138
13.854458920944124 163 71 138
13.875191986922848 163 71 138
13.905794163236 163 71 138
12.87458274583189 163 71 138
12.684822515232598 163 71 138
12.70746406348614 163 71 138
12.740871303058988 163 71 138
16.366885817641563 163 71 138
16.015124965073856 163 71 138
15.993160349446347 163 71 138
16.099883766079277 163 71 138
16.099883766079277 163 71 138
16.410363514738993 163 71 138
11.117574141576588 163 71 138
11.494143736315031 163 71 138
11.336226499016812 163 71 138
11.446611580490911 163 71 138
11.32941327479897 163 71 138
11.273196171399253 163 71 138
11.34001190789993 163 71 138
10.923608233499214 163 71 138
11.534729250593239 163 71 138
12.307334133780202 163 71 138
12.382110677573326 163 71 138
10.435332780302476 163 71 138
11.747107233800556 163 71 138
11.192248052501231 163 71 138
10.141084340740571 163 71 138
10.117333854765668 163 71 138
10.057363855448692 163 71 138
9.849996889283595 163 71 138
9.82554280646471 163 71 138
10.123664026960634 163 71 138
10.348809091387867 163 71 138
10.057363855448692 163 71 138
10.005641522428133 163 71 138
12.691973321466552 163 71 138
12.299066383498447 163 71 138
12.90029041170644 163 71 138
12.41678744076986 163 71 138
21.76133982390652 163 71 138
21.58789147204437 163 71 138
21.341989130360933 163 71 138
21.46407160191662 163 71 138
21.252497836411035 163 71 138
21.459687916789285 163 71 138
21.22461936821484 163 71 138
21.177191077794312 163 71 138
21.895420055711025 163 71 138
21.857357460995857 163 71 138
21.243569026516138 163 71 138
21.296677436984833 163 71 138
13.592530571141088 163 71 138
13.083078918214149 163 71 138
12.843716154504271 163 71 138
12.984299492016492 163 71 138
12.788118131269893 163 71 138
15.71002488846337 163 71 138
9.201727548309627 163 71 138
10.47873495038718 163 71 138
9.700354075572731 163 71 138
12.814236591610417 163 71 138
13.854458920944124 163 71 138
14.028406560563056 163 71 138
13.726877986977021 163 71 138
13.875191986922848 163 71 138
14.052219921240278 163 71 138
13.747803459141904 163 71 138
13.692452199238097 163 71 138
13.905794163236 163 71 138
12.713368505000062 163 71 138
13.875191986922848 163 71 138
11.745644842452618 163 71 138
12.684822515232598 163 71 138
16.410363514738993 163 71 138
15.805553883381574 163 71 138
16.12170297968214 163 71 138
16.099883766079277 163 71 138
16.099883766079277 163 71 138
15.970571321301305 163 71 138
11.479576841911522 163 71 138
11.29183096379284 163 71 138
11.32941327479897 163 71 138
11.358940712567021 163 71 138
11.273196171399253 163 71 138
11.92768906020315 163 71 138
9.981568764383276 163 71 138
9.902532209715066 163 71 138
12.449594908598632 163 71 138
10.123664026960634 163 71 138
21.341989130360933 163 71 138
21.260369706295666 163 71 138
21.22807006868754 163 71 138
12.962141513520823 163 71 138
13.642919355279927 163 71 138
12.976367903833268 163 71 138
9.366315061558959 163 71 138
15.929495096740279 163 71 138
9.653356553444087 163 71 138
10.241792309791643 163 71 138
9.975148419754094 163 71 138
22.16258279020901 163 71 138
12.15400789225154 163 71 138
10.750138685574846 163 71 138
11.675642685387029 163 71 138
12.106233808949533 163 71 138
12.23741244880993 163 71 138
12.15297682195807 163 71 138
12.260880234474525 163 71 138
12.295500915393747 163 71 138
10.230807418950848 163 71 138
21.76133982390652 163 71 138
21.638512482492356 163 71 138
21.353258470726907 163 71 138
13.231522231988494 163 71 138
13.125385329588577 163 71 138
21.399250200819626 163 71 138
11.281187064965712 163 71 138
11.478053468902809 163 71 138
10.141084340740571 163 71 138
12.250830051251482 163 71 138
21.335124021421333 163 71 138
21.37754318819677 163 71 138
12.046058947763012 163 71 138
12.962141513520823 163 71 138
12.175145824405819 163 71 138
12.962141513520823 163 71 138
12.727872960672643 163 71 138
12.443685323717958 163 71 138
12.162883210495574 163 71 138
12.042680413786481 163 71 138
10.197290486857217 163 71 138
21.354849967447795 163 71 138
15.993160349446347 163 71 138
11.281187064965712 163 71 138
21.419805734579615 163 71 138
