6.090937359102027 0.40172742412668866 2.1480737446054623 52 56 34
5.76540845601028 1.2432294656200777 1.985709398735132 52 58 31
5.76540845601028 1.2432294656200777 1.985709398735132 52 58 31
5.467794661734301 1.169050511885113 2.2242609481872107 52 58 35
5.804801531831856 0.6809133765050089 2.180526081728394 52 58 35
5.224995268077993 0.837710927915319 2.2603478035787044 54 60 37
5.357646184658401 0.4949206810030691 2.240099470531444 52 56 34
5.467794661734301 1.169050511885113 2.2242609481872107 52 58 35
5.357646184658401 0.4949206810030691 2.240099470531444 52 56 34
5.467794661734301 1.169050511885113 2.2242609481872107 52 58 35
5.467794661734301 1.169050511885113 2.2242609481872107 52 58 35
5.295991771304923 0.6809133765050089 2.025104268173655 54 59 37
5.224995268077993 0.837710927915319 2.2603478035787044 54 60 37
5.5275331081003385 1.0552412591123035 2.469118969756618 53 61 38
5.473337131009992 0.636943445780113 2.481652903123537 55 61 38
5.473337131009992 0.636943445780113 2.481652903123537 55 61 38
5.93384075109879 0.8659388431146111 2.6842811643877313 57 63 38
5.473337131009992 0.636943445780113 2.481652903123537 55 61 38
6.340490063344741 1.0552412591123035 2.5675229531084818 54 61 38
5.754721673943866 -0.00092088129886842 2.1866178478946616 51 56 30
5.754721673943866 -0.00092088129886842 2.1866178478946616 51 56 30
5.07250708112532 -0.26521893513987677 2.285397463345349 50 56 31
6.623240132869707 0.5304548113385583 2.8398975161246014 59 65 41
6.947118476762577 0.3535880714214407 2.7148511521667844 57 63 39
6.050972082892795 0.3535880714214407 2.6463943511308337 57 63 39
5.777414652791896 -0.26521893513987677 2.416515517589283 55 61 38
6.050972082892795 0.3535880714214407 2.6463943511308337 57 63 39
5.689452368573558 -0.0011699313213020305 2.434139783048342 56 61 37
5.775916934845929 0.2630385498022392 2.4168082040085537 53 58 33
5.775916934845929 0.2630385498022392 2.4168082040085537 53 58 33
5.229960463292335 -0.839144795278966 2.259565217910765 51 57 32
5.300890466505888 -0.6823243972412304 2.024652993423155 51 56 29
5.360874919646397 -0.4967309253762351 2.239623086080281 53 58 33
5.229960463292335 -0.839144795278966 2.259565217910765 51 57 32
5.300890466505888 -0.6823243972412304 2.024652993423155 51 56 29
6.344582345555692 -1.0564773647586694 2.5665263820407436 59 67 44
5.936756128013824 -0.8680730528268467 2.683284271858293 60 68 45
6.344582345555692 -1.0564773647586694 2.5665263820407436 59 67 44
5.936756128013824 -0.8680730528268467 2.683284271858293 60 68 45
6.008147476703844 1.6312603843031521 2.1570746847217785 53 58 33
6.040942093278399 1.4320580560344018 2.1534733388247607 50 58 31
7.117904917041339 1.9809125406190602 2.664812469593444 57 63 40
6.782899572438472 1.8858956879728848 2.4733781889452553 54 60 37
5.895309991856071 1.64634098349522 2.394225059566661 53 59 34
5.895309991856071 1.64634098349522 2.394225059566661 53 59 34
5.928728799042682 1.397956301779864 2.3881621864369276 52 58 33
6.782899572438472 1.8858956879728848 2.4733781889452553 54 60 37
6.246309184295416 1.9809125406190602 2.5912754910981257 54 60 37
7.231797407336257 1.9374468331743353 2.048397434114286 51 60 34
7.231797407336257 1.9374468331743353 2.048397434114286 51 60 34
5.561448005359499 2.4048617043017684 2.2114296778734666 57 63 40
6.750499543183297 2.2614886451333485 2.2660228538002913 53 59 36
6.211110681556494 2.4048617043017684 2.340868761056341 58 64 42
6.528493942196256 2.226085530771918 2.5244178136347846 58 64 41
7.366778477429685 2.226085530771918 2.603058763705762 58 64 41
6.120738075959212 -1.6711223289410035 2.625685220094585 65 75 53
5.424029621946105 -1.979859058617191 2.493457484209794 59 71 48
6.120738075959212 -1.6711223289410035 2.625685220094585 65 75 53
5.274015795602897 -1.6711223289410035 2.5320096161425845 60 72 49
5.440942137776044 -3.140282736652065 2.489363797904703 61 72 52
5.532856690955786 -2.846362642829608 2.4679115586533626 61 73 54
5.532856690955786 -2.846362642829608 2.4679115586533626 61 73 54
5.033231847456731 -2.403426360023308 2.0507637000567875 59 72 51
5.566113079383198 -2.403426360023308 2.210804980315185 61 74 53
5.037535119976908 -2.2246926245487577 2.2914361657322937 61 73 52
5.293042626996453 -2.4253014788075085 2.526880648987393 61 74 53
5.798375201613075 -2.5960967544226965 2.412445250135229 62 74 55
5.772906791635167 -1.2437562292965632 1.9851373320095616 52 58 33
6.242967628230621 -1.2437562292965632 2.132293943796549 53 60 35
6.141791114766725 -1.0764003086520817 1.9588709103416813 51 58 28
5.358446256276181 -0.977964630570834 2.0194199030475413 50 56 28
5.861837447731577 -0.977964630570834 2.173745491731302 50 57 32
5.92520814435411 -0.8252053906966048 1.9738604005380425 51 56 31
6.048098836379529 -1.4322948578297576 2.152693739760141 53 62 36
6.015343237263803 -1.631156103898037 2.156280380450239 56 66 40
5.5615921778198905 -1.4322948578297576 2.0019104131428276 53 59 35
15.410635274147827 2.849794790325426 1.122754920772746 45 45 23
15.410635274147827 2.849794790325426 1.122754920772746 45 45 23
6.232417621342543 2.6273343280458565 1.7848809395495746 54 60 37
5.818219764055693 2.781621510503366 1.8003855186503919 56 62 39
5.734663604917824 2.5333708350686512 1.9880721715088774 54 60 37
5.734663604917824 2.5333708350686512 1.9880721715088774 54 60 37
5.281573485013378 2.7072822535383603 2.026437940664784 59 65 42
5.791650063654085 2.7072822535383603 2.1821131283359 59 65 43
5.281573485013378 2.7072822535383603 2.026437940664784 59 65 42
5.556764946525098 -2.9544014604851805 1.8113963469459946 60 70 47
5.555207740388792 2.9559770901602502 1.811465123497392 59 66 43
6.310756499830647 -3.140906266094212 1.6221750521578584 60 68 45
5.555207740388792 2.9559770901602502 1.811465123497392 59 66 43
5.527373904111394 2.9141746273212195 2.2160334883426827 60 68 47
5.527373904111394 2.9141746273212195 2.2160334883426827 60 68 47
5.527373904111394 2.9141746273212195 2.2160334883426827 60 68 47
5.527373904111394 2.9141746273212195 2.2160334883426827 60 68 47
5.789402113960545 -3.140776818358658 1.9838845808502985 60 69 46
5.436958165360378 -3.1405871963931564 2.228610903650818 61 70 48
5.875868331843225 -2.9544014604851805 1.9774437186839178 61 71 50
5.528938949554982 -2.9122667790728234 2.2158204383334015 61 72 51
5.875868331843225 -2.9544014604851805 1.9774437186839178 61 71 50
7.702039613394399 2.149014873818409 2.827022326045951 61 67 45
7.597141533420093 1.7211934718776423 2.872676541674996 60 66 44
7.702039613394399 2.149014873818409 2.827022326045951 61 67 45
7.74176470514338 2.7334326362950434 2.811616079765583 63 71 50
5.5275331081003385 1.0552412591123035 2.469118969756618 53 61 38
5.295991771304923 0.6809133765050089 2.025104268173655 54 59 37
5.76540845601028 1.2432294656200777 1.985709398735132 52 58 31
6.293298922816293 0.636943445780113 2.579223841475958 56 62 37
6.029308801364609 0.4949206810030691 2.370542732735467 54 59 36
5.911748263725835 0.837710927915319 2.391229318353454 54 61 38
5.3519839081579965 0.9769619663419902 2.02000120939831 52 58 35
5.3519839081579965 0.9769619663419902 2.02000120939831 52 58 35
5.3519839081579965 0.9769619663419902 2.02000120939831 52 58 35
5.5275331081003385 1.0552412591123035 2.469118969756618 53 61 38
5.357646184658401 0.4949206810030691 2.240099470531444 52 56 34
5.689452368573558 -0.0011699313213020305 2.434139783048342 56 61 37
5.476497659435429 -0.6390130669925635 2.4809095717366745 53 60 36
5.6761886751083175 0.5304548113385583 2.787525210763469 59 64 40
6.296047855284277 -0.6390130669925635 2.578531465897038 54 62 39
5.476497659435429 -0.6390130669925635 2.4809095717366745 53 60 36
4.805287496275926 -0.4967309253762351 2.0756208844331754 51 56 31
5.689452368573558 -0.0011699313213020305 2.434139783048342 56 61 37
6.344582345555692 -1.0564773647586694 2.5665263820407436 59 67 44
5.936756128013824 -0.8680730528268467 2.683284271858293 60 68 45
5.84170123855941 -0.21062581847614814 2.176120593519495 49 54 29
5.689452368573558 -0.0011699313213020305 2.434139783048342 56 61 37
6.623240132869707 0.5304548113385583 2.8398975161246014 59 65 41
6.623240132869707 0.5304548113385583 2.8398975161246014 59 65 41
5.244199957130742 1.397956301779864 2.257331861226715 52 58 33
7.117904917041339 1.9809125406190602 2.664812469593444 57 63 40
5.795390212450963 2.5980135626938896 2.41302196677347 60 66 44
5.795390212450963 2.5980135626938896 2.41302196677347 60 66 44
6.528493942196256 2.226085530771918 2.5244178136347846 58 64 41
6.211110681556494 2.4048617043017684 2.340868761056341 58 64 42
5.293042626996453 -2.4253014788075085 2.526880648987393 61 74 53
5.424029621946105 -1.979859058617191 2.493457484209794 59 71 48
5.532856690955786 -2.846362642829608 2.4679115586533626 61 73 54
5.837243023482873 -1.0764003086520817 1.7996239378572572 53 57 33
5.772906791635167 -1.2437562292965632 1.9851373320095616 52 58 33
6.048098836379529 -1.4322948578297576 2.152693739760141 53 62 36
5.5615921778198905 -1.4322948578297576 2.0019104131428276 53 59 35
5.901177376447527 -1.6461783787000768 2.393152751423492 59 69 45
5.734663604917824 2.5333708350686512 1.9880721715088774 54 60 37
5.734663604917824 2.5333708350686512 1.9880721715088774 54 60 37
6.123714004187026 2.781621510503366 1.960077997394439 57 63 40
5.465252496902848 -3.140776818358658 1.8155067191286185 60 68 45
5.465252496902848 -3.140776818358658 1.8155067191286185 60 68 45
6.310756499830647 -3.140906266094212 1.6221750521578584 60 68 45
5.528938949554982 -2.9122667790728234 2.2158204383334015 61 72 51
6.099893939578532 -3.1405871963931564 2.3587060931526995 61 71 50
5.789402113960545 -3.140776818358658 1.9838845808502985 60 69 46
15.589370045352892 2.8055517846688036 1.3327592115939044 38 33 16
7.74176470514338 2.7334326362950434 2.811616079765583 63 71 50
7.597141533420093 1.7211934718776423 2.872676541674996 60 66 44
7.597141533420093 1.7211934718776423 2.872676541674996 60 66 44
5.93384075109879 0.8659388431146111 2.6842811643877313 57 63 38
5.93384075109879 0.8659388431146111 2.6842811643877313 57 63 38
5.93384075109879 0.8659388431146111 2.6842811643877313 57 63 38
5.804801531831856 0.6809133765050089 2.180526081728394 52 58 35
6.948363747115612 -0.35640783466119863 2.7144571630251555 56 64 42
5.777414652791896 -0.26521893513987677 2.416515517589283 55 61 38
5.07250708112532 -0.26521893513987677 2.285397463345349 50 56 31
5.916137120607415 -0.839144795278966 2.3904339216168404 51 58 33
5.532226781080919 -1.0564773647586694 2.468054208422835 52 60 36
6.558155870400459 0.2630385498022392 2.518072726598356 55 61 36
5.775916934845929 0.2630385498022392 2.4168082040085537 53 58 33
6.050972082892795 0.3535880714214407 2.6463943511308337 57 63 39
6.6635479950478365 1.64634098349522 2.4964070455655767 53 59 34
7.117904917041339 1.9809125406190602 2.664812469593444 57 63 40
5.561448005359499 2.4048617043017684 2.2114296778734666 57 63 40
6.6635479950478365 1.64634098349522 2.4964070455655767 53 59 34
5.928728799042682 1.397956301779864 2.3881621864369276 52 58 33
6.029886783975135 1.8858956879728848 2.370444093883572 53 59 36
6.008147476703844 1.6312603843031521 2.1570746847217785 53 58 33
5.928728799042682 1.397956301779864 2.3881621864369276 52 58 33
5.033231847456731 -2.403426360023308 2.0507637000567875 59 72 51
6.120738075959212 -1.6711223289410035 2.625685220094585 65 75 53
5.531292754013268 2.8487624345713383 2.468265835532331 61 69 48
5.837243023482873 -1.0764003086520817 1.7996239378572572 53 57 33
6.242967628230621 -1.2437562292965632 2.132293943796549 53 60 35
5.861837447731577 -0.977964630570834 2.173745491731302 50 57 32
6.015343237263803 -1.631156103898037 2.156280380450239 56 66 40
5.791650063654085 2.7072822535383603 2.1821131283359 59 65 43
6.517859418429492 -2.983565953144217 1.775369143712213 60 70 47
6.099893939578532 -3.1405871963931564 2.3587060931526995 61 71 50
5.528938949554982 -2.9122667790728234 2.2158204383334015 61 72 51
7.702039613394399 2.149014873818409 2.827022326045951 61 67 45
7.597141533420093 1.7211934718776423 2.872676541674996 60 66 44
6.090937359102027 0.40172742412668866 2.1480737446054623 52 56 34
5.809271186656811 -0.6823243972412304 2.179988743620442 51 56 31
5.300890466505888 -0.6823243972412304 2.024652993423155 51 56 29
6.528493942196256 2.226085530771918 2.5244178136347846 58 64 41
7.043619902952313 2.0935545082799387 2.4277858306344338 53 59 36
6.008147476703844 1.6312603843031521 2.1570746847217785 53 58 33
5.531292754013268 2.8487624345713383 2.468265835532331 61 69 48
5.293042626996453 -2.4253014788075085 2.526880648987393 61 74 53
5.861837447731577 -0.977964630570834 2.173745491731302 50 57 32
5.874395715399463 2.9559770901602502 1.9775516784820248 61 68 46
5.875868331843225 -2.9544014604851805 1.9774437186839178 61 71 50
6.123714004187026 2.781621510503366 1.960077997394439 57 63 40
5.424029621946105 -1.979859058617191 2.493457484209794 59 71 48
6.040942093278399 1.4320580560344018 2.1534733388247607 50 58 31
4.653212177540307 0.837710927915319 2.093772330378407 53 59 35
6.029886783975135 1.8858956879728848 2.370444093883572 53 59 36
5.837243023482873 -1.0764003086520817 1.7996239378572572 53 57 33
5.566113079383198 -2.403426360023308 2.210804980315185 61 74 53
5.0963676276789 -2.5960967544226965 2.2813427737666285 62 74 55
5.436958165360378 -3.1405871963931564 2.228610903650818 61 70 48
5.3519839081579965 0.9769619663419902 2.02000120939831 52 58 35
5.818219764055693 2.781621510503366 1.8003855186503919 56 62 39
5.795390212450963 2.5980135626938896 2.41302196677347 60 66 44
