11.997518329674977 0.4356819637055342 1.8562555839820356 68 75 83
11.755147300781669 0.4356819637055342 1.7745380899094576 7 16 27
12.302026656109513 0.3253821222892914 1.7653619988416756 60 67 77
11.957449867963366 0.35411544186276067 1.9456879032023615 59 66 74
11.258249700716728 0.4289421514284834 2.1731220525283668 60 67 76
12.340907191205902 0.555586151133405 2.0217513165681433 44 51 59
12.090565734959352 0.606960418605173 2.1265201712112622 31 40 52
11.721120275365772 0.682578789695382 1.9536344663936223 56 64 75
11.898789584160026 0.4754546445315281 2.0398238063181404 67 74 82
11.481473579654427 0.4754546445315281 1.9620543376040303 7 14 24
11.957449867963366 0.35411544186276067 1.9456879032023615 59 66 74
12.568718115249812 1.3681435593459654 1.8429439146286737 7 7 8
12.561397759577716 0.9923825847740506 1.9268372828081475 74 76 83
12.561397759577716 0.9923825847740506 1.9268372828081475 74 76 83
12.234505471606047 1.2353740983023163 2.1192304028729385 13 13 15
12.476878742848294 1.0668272934682346 2.0164808986511455 63 69 77
12.672246563104217 0.9424348613128081 2.098258893173036 59 64 72
12.708649956604058 0.9655825285549106 2.29064876311653 65 71 76
11.783017267207615 1.106481995667486 2.142812246142816 63 69 75
11.95446349679626 0.8171148394653932 2.235994927673987 58 65 73
12.554919124792349 0.8845345677168807 2.1990048603673404 65 72 79
12.52127653295107 0.7449734267060711 2.200957894599802 141 149 158
12.520350369353594 1.1829106269883563 1.928056782501867 17 17 20
13.053732066677359 1.264279764058823 2.081318148331588 2 3 6
12.975107395892252 1.106481995667486 2.2727816140538595 64 67 71
11.994541934657788 0.8845345677168807 2.131499450798694 60 65 74
12.314081987752695 1.0568388540692468 2.319102164247114 59 63 66
13.015128628212166 1.0568388540692468 2.3754389430050784 65 69 70
13.350550603789845 1.2007239258504503 2.3496707944299566 54 57 60
12.642093469382404 0.6672456796583359 2.295274260656032 28 35 44
10.858875590007534 0.36695987471311137 2.3178613102261867 60 67 73
11.728423874352835 0.4179251530986622 2.4974864083706017 62 68 72
13.165252433280056 1.3284940569542063 2.2606295328924286 2 4 4
12.434109332724399 1.3023750484019505 2.310176758181113 4 5 4
12.125322977372502 1.5306109135708261 2.03037895537938 8 8 5
12.552566017519045 1.3284940569542063 2.1991410334504744 5 5 6
13.613761148301563 1.5265397277361326 2.3307625810450516 5 8 3
13.025277622497446 1.515296987801045 2.4927691122024287 9 12 7
13.24402484820708 1.2701348429618602 2.4712918219462443 4 7 4
13.292780687918642 1.507225219258631 2.59825785012317 26 32 12
13.292780687918642 1.507225219258631 2.59825785012317 26 32 12
12.908047717186463 1.5215513877964018 2.3840992916582584 3 6 0
12.980403090334274 1.4100239917030903 2.3782232030221278 3 6 3
13.025277622497446 1.515296987801045 2.4927691122024287 9 12 7
13.24402484820708 1.2701348429618602 2.4712918219462443 4 7 4
12.810466547509636 1.6666737748242266 2.6642466934072533 26 34 14
13.30970376976263 1.6862480041149563 2.7653020865203777 26 32 10
13.30970376976263 1.6862480041149563 2.7653020865203777 26 32 10
10.021005653349002 2.0499768192252774 2.260762207818108 28 33 16
10.730207408913172 1.996518207526439 2.207367081741194 27 32 15
10.021005653349002 2.0499768192252774 2.260762207818108 28 33 16
11.005653696595655 2.504377549020519 2.3055794283688114 20 30 7
11.169357180052888 2.423739819309512 2.4190562015683126 24 32 10
10.706433035049344 2.3248962394823645 2.4695714533005813 24 32 10
11.320979399475986 2.6101441897138593 2.403992012538679 20 28 6
11.6996312462061 2.504377549020519 2.369040783337962 21 31 8
11.6996312462061 2.504377549020519 2.369040783337962 21 31 8
11.320979399475986 2.6101441897138593 2.403992012538679 20 28 6
9.789309937488614 2.2325712005807787 2.2804564164581924 26 32 12
11.566965941402657 2.5352218611575497 2.5163114088547966 24 32 10
11.566965941402657 2.5352218611575497 2.5163114088547966 24 32 10
11.643651030115954 2.7802607084349487 2.373986278613094 20 28 6
11.248753177003675 2.6698662561121878 2.286220299986603 20 28 6
11.248753177003675 2.6698662561121878 2.286220299986603 20 28 6
11.0224446817927 2.57061051977506 2.1879067479887317 20 27 5
11.0224446817927 2.57061051977506 2.1879067479887317 20 27 5
10.728506632773518 2.9006567569646253 2.3291748097319287 21 27 5
12.144993660771297 0.6284793256907554 1.8526938110530775 146 155 167
12.462116110903896 0.8097827209904986 1.7628311952084017 57 64 74
12.605497868994131 0.682578789695382 2.1013462027038043 147 155 165
12.215643293144378 0.5224898728469783 2.2193305383033795 44 50 59
11.23154486704435 0.29412074900033613 2.070166355987159 60 67 75
11.52668195250796 0.3881351083040478 2.0562517461684773 59 66 76
12.367096888877297 0.8724324524649887 1.9326864777731925 59 64 75
12.746357222576268 1.0203489662967258 2.1881380835464546 62 65 71
12.520350369353594 1.1829106269883563 1.928056782501867 17 17 20
12.030099143761385 1.2007239258504503 2.2310723006832607 0 2 7
12.59627546158176 0.8171148394653932 2.298498065555208 67 74 81
12.367096888877297 0.8724324524649887 1.9326864777731925 59 64 75
12.709067813593213 1.15854237327095 2.4008032250841245 51 54 53
12.552566017519045 1.3284940569542063 2.1991410334504744 5 5 6
12.908047717186463 1.5215513877964018 2.3840992916582584 3 6 0
13.24402484820708 1.2701348429618602 2.4712918219462443 4 7 4
13.096985365401064 1.3899840903594425 2.4855832948725043 6 9 5
13.292780687918642 1.507225219258631 2.59825785012317 26 32 12
12.980403090334274 1.4100239917030903 2.3782232030221278 3 6 3
13.613761148301563 1.5265397277361326 2.3307625810450516 5 8 3
12.385122382561306 1.6862480041149563 2.7356272045830403 27 33 13
10.41860767022426 2.1579050686292494 2.2296614399756005 26 31 14
10.602245826028897 2.6101441897138593 2.3405181098613754 20 28 6
9.789309937488614 2.2325712005807787 2.2804564164581924 26 32 12
11.169357180052888 2.423739819309512 2.4190562015683126 24 32 10
11.0224446817927 2.57061051977506 2.1879067479887317 20 27 5
11.643651030115954 2.7802607084349487 2.373986278613094 20 28 6
10.946124944623454 2.7802607084349487 2.310504318506298 22 28 6
12.047544429845631 0.5115024566105719 1.685467386406621 40 48 59
12.014345560022006 0.7499305938692261 1.8558445701036275 68 75 87
12.352993723269082 1.106481995667486 2.210930308766784 77 83 89
12.072813496102713 0.9655825285549106 2.2283277504131567 60 66 72
11.163869213364329 0.47860586513179787 2.292846860332801 59 66 76
12.321549277074702 1.5265397277361326 2.2128322553797455 8 8 4
13.01732319309886 1.426092971072988 2.2700421781121456 5 5 6
13.025277622497446 1.515296987801045 2.4927691122024287 9 12 7
13.025277622497446 1.515296987801045 2.4927691122024287 9 12 7
13.096985365401064 1.3899840903594425 2.4855832948725043 6 9 5
10.730207408913172 1.996518207526439 2.207367081741194 27 32 15
11.005653696595655 2.504377549020519 2.3055794283688114 20 30 7
11.0224446817927 2.57061051977506 2.1879067479887317 20 27 5
10.955883788624535 0.3266713503007541 2.1922241777803944 60 67 74
11.258249700716728 0.4289421514284834 2.1731220525283668 60 67 76
12.476878742848294 1.0668272934682346 2.0164808986511455 63 69 77
12.475866149174335 1.2701348429618602 2.421477344186951 1 2 3
13.297550522509997 1.6527620276703492 2.5976642394718565 27 33 13
12.082435463632677 0.8129697681418687 2.0321365086122474 68 75 83
13.01732319309886 1.426092971072988 2.2700421781121456 5 5 6
11.566965941402657 2.5352218611575497 2.5163114088547966 24 32 10
11.6996312462061 2.504377549020519 2.369040783337962 21 31 8
10.706433035049344 2.3248962394823645 2.4695714533005813 24 32 10
11.62857039093992 0.35411544186276067 1.8655797460629866 57 64 73
12.130194496272642 0.682578789695382 2.030180200308145 57 64 75
11.939054916288184 0.555586151133405 1.946294257944734 32 41 53
12.501987784894807 0.4017114089428008 1.6812817591510658 70 78 86
11.638942523164667 0.5224898728469783 2.150802479754425 9 15 25
12.552142950634176 1.1479166733188395 2.1038417080014917 72 72 74
13.292780687918642 1.507225219258631 2.59825785012317 26 32 12
9.675920370831403 1.996518207526439 2.04037760027324 27 32 15
12.462116110903896 0.8097827209904986 1.7628311952084017 57 64 74
11.005653696595655 2.504377549020519 2.3055794283688114 20 30 7
