14.378299333496956 -1.6414258601064393 0.8060257949453343 26 35 3
5.77975330602042 0.9583511338521322 1.7525779503107421 28 36 13
5.5641333218194315 1.1171400805396352 1.9471268458822224 29 39 10
5.267510976604696 1.0150025917882624 2.18713128134244 27 38 6
4.630767966229248 0.8631946245468648 2.2883341054787767 27 40 7
4.630767966229248 0.8631946245468648 2.2883341054787767 27 40 7
4.759928538474642 1.0150025917882624 2.0148486108823636 28 39 7
5.194201845307248 0.6816144922320324 2.1971650811856587 26 38 10
5.236779427304829 1.3046811787212123 1.971953085187959 30 40 10
4.920462481912926 1.2365891120455805 2.238034811657599 29 42 11
4.920462481912926 1.2365891120455805 2.238034811657599 29 42 11
5.455898191449584 0.4678981378449254 2.4059158911244003 28 41 14
5.705442546035295 1.470109261046877 2.655621342437167 31 44 13
4.999804326329415 1.1247420252592681 2.513256915465855 28 43 9
5.455898191449584 0.4678981378449254 2.4059158911244003 28 41 14
5.3417004927570195 0.8631946245468648 2.4298522891740375 26 40 9
5.4557293170061225 1.4975678142547133 2.4059500873469792 30 43 10
6.002466488566073 1.8682068269038854 1.7457621245791415 31 43 13
6.277270975221226 2.0211170803169 1.5779453699177695 31 41 13
6.363480422977702 2.0211170803169 1.7357420987250562 31 44 14
5.768966576371377 2.1018913464177 1.9331343558689529 33 46 17
5.768966576371377 2.1018913464177 1.9331343558689529 33 46 17
6.194410993513081 2.1018913464177 2.084667538437691 33 46 17
5.368118498322139 1.927282633485708 1.961597993182939 30 43 12
5.133460535035464 1.7269197099338263 1.9805055307155428 32 42 13
6.254546837591381 1.8682068269038854 1.9038626025259522 31 41 13
5.607331741749566 1.7269197099338263 2.144822059959617 31 41 11
5.822924386362403 1.927282633485708 2.1210598126034195 32 45 18
5.483435750053037 2.213182099920626 2.1595033623476674 34 47 18
5.963702718280027 2.2469875155631134 1.578321269648684 34 47 16
5.963702718280027 2.2469875155631134 1.578321269648684 34 47 16
6.067711391039619 2.4844087885103034 1.7438616337922561 37 51 24
5.3247387144995395 2.3671387191921482 1.768308509754385 36 49 20
5.6073696663369565 2.3671387191921482 1.9440817100933312 35 49 22
6.220447410587699 2.6308901078804547 2.0823065280851645 36 52 27
5.498153039032786 2.5239176646933292 2.157717188491133 36 50 25
6.315772996502652 2.7083615278083912 1.5779017874050367 37 53 28
5.965427781119815 2.861104746079297 1.5783190935693348 36 52 27
6.697431239180657 2.861104746079297 2.0427569287525644 39 55 30
6.401463952926527 2.7083615278083912 1.7347544888832915 39 53 26
6.306015620523575 2.861104746079297 1.901040346206254 38 57 31
6.315772996502652 2.7083615278083912 1.5779017874050367 37 53 28
7.010018541793128 2.901051337345485 1.7204085350724674 37 56 30
6.401463952926527 2.7083615278083912 1.7347544888832915 39 53 26
5.717826569157514 2.0137435206813636 2.3566304269957823 32 45 16
6.095721435746989 2.213182099920626 2.2963635015114843 32 46 17
5.49811436109707 1.7686852251824665 2.3974726677275746 31 44 13
6.108963826860582 2.5239176646933292 2.294442462077007 35 49 24
6.108963826860582 2.5239176646933292 2.294442462077007 35 49 24
10.634549820601448 -1.007906916667457 1.1897276736194118 28 38 8
4.533939860871826 -1.4909761854131462 2.3071274015771803 43 55 34
5.25428147968335 -0.08151564862144474 2.188916031934981 28 35 13
6.158975589091201 -1.1697691372342203 1.9092359348668135 41 53 30
4.812919959145468 -1.5092781076999253 2.0096170793263837 42 54 32
4.812919959145468 -1.5092781076999253 2.0096170793263837 42 54 32
5.457991533810279 -1.2871085375840345 2.162619239406302 41 53 30
5.228903797138144 -1.374736898081228 2.8754997495345633 38 52 27
5.373746902531226 -0.816272609793311 2.789927596269351 38 52 27
5.228903797138144 -1.374736898081228 2.8754997495345633 38 52 27
5.373746902531226 -0.816272609793311 2.789927596269351 38 52 27
4.684978419466206 -1.457239266978608 2.612709906685543 41 54 31
4.846106028926969 -1.0758019846531133 2.558320957162036 38 50 27
5.402044401150949 -1.2088591423006751 2.416997232523618 40 52 31
5.257980872851104 -1.4909761854131462 2.448514729819575 41 53 32
13.63068688588864 -1.0011886622762285 1.7213848620130436 36 45 13
4.288987847879766 -2.048157933598503 2.06777692382216 46 59 38
4.584854393463786 -1.7860451591972604 2.2971073928596195 44 57 36
4.846149910653398 -2.048157933598503 2.2501730728066067 46 59 40
4.584854393463786 -1.7860451591972604 2.2971073928596195 44 57 36
4.717214012039701 -2.43152577067461 2.2724503407693675 47 61 42
4.217561960199511 -2.206248057501443 2.3774151419348932 47 60 40
4.717214012039701 -2.43152577067461 2.2724503407693675 47 61 42
3.9913829197407957 -1.7860451591972604 2.108683558886102 45 58 37
5.786477880498913 -2.8639514920342757 2.1249283794652225 47 63 42
5.786477880498913 -2.8639514920342757 2.1249283794652225 47 63 42
5.328562101002255 -2.8639514920342757 1.9646583382504343 47 63 43
5.385272689045183 -2.6808909139080868 1.7660595202343499 48 61 40
5.385272689045183 -2.6808909139080868 1.7660595202343499 48 61 40
5.358767319323114 -2.579900536524397 2.175118672221582 47 63 43
4.860723710043579 -2.579900536524397 2.0050062277408935 47 63 43
4.860913255799012 -1.7375915559760213 2.0049881453400125 45 58 35
4.531967065539746 -1.7375915559760213 1.8034462492542875 45 57 34
6.763722926570974 3.0451435153564184 1.5774311976158886 40 59 34
6.741312030741925 -3.089847027395361 1.5774532549826095 43 59 39
6.120716712501186 3.0284502028103386 1.9114369308374306 42 61 36
6.50002041076495 -3.0808403007554808 2.0583217010080244 46 62 40
6.523260325324825 3.0284502028103386 2.0564336936964263 41 60 35
6.120716712501186 3.0284502028103386 1.9114369308374306 42 61 36
6.50002041076495 -3.0808403007554808 2.0583217010080244 46 62 40
5.30194700148255 -1.7860451591972604 2.4385892735626156 42 56 33
6.259264998541029 3.0048124492317485 2.273420068816677 41 60 34
7.998960917925274 2.96881355042091 2.6481847815391255 40 57 31
7.998960917925274 2.96881355042091 2.6481847815391255 40 57 31
13.729136194586662 -1.630015943911212 1.1221368309317055 32 41 12
13.729136194586662 -1.630015943911212 1.1221368309317055 32 41 12
5.194201845307248 0.6816144922320324 2.1971650811856587 26 38 10
5.77975330602042 0.9583511338521322 1.7525779503107421 28 36 13
5.267510976604696 1.0150025917882624 2.18713128134244 27 38 6
4.774765514686477 1.5132719395411427 1.7914146135643016 31 41 13
4.76185154988839 1.4975678142547133 2.2645544606183168 31 41 11
4.759928538474642 1.0150025917882624 2.0148486108823636 28 39 7
5.194201845307248 0.6816144922320324 2.1971650811856587 26 38 10
4.920462481912926 1.2365891120455805 2.238034811657599 29 42 11
5.455898191449584 0.4678981378449254 2.4059158911244003 28 41 14
6.002466488566073 1.8682068269038854 1.7457621245791415 31 43 13
5.822924386362403 1.927282633485708 2.1210598126034195 32 45 18
6.277270975221226 2.0211170803169 1.5779453699177695 31 41 13
6.044199431870316 2.3671387191921482 2.0987518586055964 35 48 21
6.044199431870316 2.3671387191921482 2.0987518586055964 35 48 21
5.7969141610534125 2.6308901078804547 1.9313074261079286 37 53 28
6.304383753115909 2.2469875155631134 1.9011290794848288 35 48 19
5.133460535035464 1.7269197099338263 1.9805055307155428 32 42 13
5.494654052988638 2.1018913464177 1.7621237958334437 33 46 15
6.05607800552649 2.861104746079297 1.7441974517617913 37 53 28
6.697431239180657 2.861104746079297 2.0427569287525644 39 55 30
6.315772996502652 2.7083615278083912 1.5779017874050367 37 53 28
6.306015620523575 2.861104746079297 1.901040346206254 38 57 31
5.49811436109707 1.7686852251824665 2.3974726677275746 31 44 13
6.095721435746989 2.213182099920626 2.2963635015114843 32 46 17
10.634549820601448 -1.007906916667457 1.1897276736194118 28 38 8
5.25428147968335 -0.08151564862144474 2.188916031934981 28 35 13
4.533939860871826 -1.4909761854131462 2.3071274015771803 43 55 34
5.315444546828274 -1.5092781076999253 2.180757510193582 42 54 31
5.402044401150949 -1.2088591423006751 2.416997232523618 40 52 31
4.846106028926969 -1.0758019846531133 2.558320957162036 38 50 27
5.402044401150949 -1.2088591423006751 2.416997232523618 40 52 31
5.257980872851104 -1.4909761854131462 2.448514729819575 41 53 32
13.402761124688853 -0.8967083130979329 1.7239657958797012 33 44 8
4.781181434177337 -2.2551502502642795 2.0127349516614075 46 59 38
5.328562101002255 -2.8639514920342757 1.9646583382504343 47 63 43
4.781181434177337 -2.2551502502642795 2.0127349516614075 46 59 38
4.860723710043579 -2.579900536524397 2.0050062277408935 47 63 43
4.717214012039701 -2.43152577067461 2.2724503407693675 47 61 42
4.860723710043579 -2.579900536524397 2.0050062277408935 47 63 43
5.664884300022513 -2.6808909139080868 1.9401084574510925 48 61 40
4.217561960199511 -2.206248057501443 2.3774151419348932 47 60 40
4.717214012039701 -2.43152577067461 2.2724503407693675 47 61 42
6.523260325324825 3.0284502028103386 2.0564336936964263 41 60 35
6.0959423507030746 -3.0808403007554808 1.9128778421064836 42 61 37
6.120716712501186 3.0284502028103386 1.9114369308374306 42 61 36
6.741312030741925 -3.089847027395361 1.5774532549826095 43 59 39
5.612758157572037 -1.8729751476746195 2.6878730900104957 44 58 34
5.612758157572037 -1.8729751476746195 2.6878730900104957 44 58 34
7.133976700917261 2.96881355042091 2.5817451675917953 39 58 32
8.511618818635954 3.0048124492317485 2.54575301798453 43 59 35
14.257498830972393 -1.6255888075964668 1.2158445984161643 38 44 19
14.175159586578987 -1.5491082886187377 1.0579541405795527 32 41 11
4.76185154988839 1.4975678142547133 2.2645544606183168 31 41 11
4.843792155826268 1.470109261046877 2.5590453001875884 29 42 11
4.922509951510975 0.6293661989075678 2.535201542278382 29 42 11
5.368118498322139 1.927282633485708 1.961597993182939 30 43 12
5.977237600069645 2.4844087885103034 1.5783042298161176 36 50 21
5.523989644573563 2.6308901078804547 1.7610952558855635 37 51 26
5.7969141610534125 2.6308901078804547 1.9313074261079286 37 53 28
6.317188751511038 2.4844087885103034 1.9004341075376963 35 49 22
5.977237600069645 2.4844087885103034 1.5783042298161176 36 50 21
5.717826569157514 2.0137435206813636 2.3566304269957823 32 45 16
6.440579030922361 2.8058441592962153 2.2498152764030466 39 55 30
4.7002480269386515 -1.2088591423006751 2.275504826888181 41 53 32
4.812919959145468 -1.5092781076999253 2.0096170793263837 42 54 32
5.373746902531226 -0.816272609793311 2.789927596269351 38 52 27
5.228903797138144 -1.374736898081228 2.8754997495345633 38 52 27
5.328562101002255 -2.8639514920342757 1.9646583382504343 47 63 43
4.781181434177337 -2.2551502502642795 2.0127349516614075 46 59 38
4.288987847879766 -2.048157933598503 2.06777692382216 46 59 38
6.0959423507030746 -3.0808403007554808 1.9128778421064836 42 61 37
6.763722926570974 3.0451435153564184 1.5774311976158886 40 59 34
13.330494678887197 -1.6352202979409527 1.0219007391794874 29 38 8
4.762045031097166 0.4678981378449254 2.264520670301805 28 38 12
5.088038710299367 1.5132719395411427 1.9843857537005567 31 41 11
6.931854568513237 2.901051337345485 1.577270267017469 37 54 27
6.054378771540992 2.2469875155631134 1.7442466127902008 35 48 19
5.3247387144995395 2.3671387191921482 1.768308509754385 36 49 20
5.494654052988638 2.1018913464177 1.7621237958334437 33 46 15
5.607331741749566 1.7269197099338263 2.144822059959617 31 41 11
4.448303449091386 -0.816272609793311 2.7124134083912557 36 48 24
13.63068688588864 -1.0011886622762285 1.7213848620130436 36 45 13
13.402761124688853 -0.8967083130979329 1.7239657958797012 33 44 8
4.860913255799012 -1.7375915559760213 2.0049881453400125 45 58 35
4.531967065539746 -1.7375915559760213 1.8034462492542875 45 57 34
13.325874562173214 -1.630015943911212 1.189803484363312 32 42 14
6.306015620523575 2.861104746079297 1.901040346206254 38 57 31
4.999804326329415 1.1247420252592681 2.513256915465855 28 43 9
5.088038710299367 1.5132719395411427 1.9843857537005567 31 41 11
5.457991533810279 -1.2871085375840345 2.162619239406302 41 53 30
5.25428147968335 -0.08151564862144474 2.188916031934981 28 35 13
6.741312030741925 -3.089847027395361 1.5774532549826095 43 59 39
4.217561960199511 -2.206248057501443 2.3774151419348932 47 60 40
4.584854393463786 -1.7860451591972604 2.2971073928596195 44 57 36
4.846149910653398 -2.048157933598503 2.2501730728066067 46 59 40
13.402761124688853 -0.8967083130979329 1.7239657958797012 33 44 8
5.664884300022513 -2.6808909139080868 1.9401084574510925 48 61 40
4.531967065539746 -1.7375915559760213 1.8034462492542875 45 57 34
6.440579030922361 2.8058441592962153 2.2498152764030466 39 55 30
5.786477880498913 -2.8639514920342757 2.1249283794652225 47 63 42
6.259264998541029 3.0048124492317485 2.273420068816677 41 60 34
