9.642051425653616 109 223 89
8.548543250228068 109 223 89
9.642051425653616 109 223 89
9.526648304979734 109 223 89
8.310770800318119 109 223 89
9.85511743849466 109 223 89
10.059112689057537 109 223 89
9.85511743849466 109 223 89
10.929788846266467 109 223 89
10.364084937057239 109 223 89
10.558251036377833 109 223 89
10.558251036377833 109 223 89
9.871525618106967 109 223 89
9.871525618106967 109 223 89
10.075188653001936 109 223 89
10.075188653001936 109 223 89
9.344178901787249 109 223 89
9.013948689889972 109 223 89
9.976262181638054 109 223 89
9.976262181638054 109 223 89
9.77137551603394 109 223 89
9.874014391246867 109 223 89
9.97708313285924 109 223 89
11.827182541315901 109 223 89
9.74671857587198 109 223 89
10.249124383998959 109 223 89
9.749919556687876 109 223 89
9.431463054893117 109 223 89
8.981179126361894 109 223 89
9.74671857587198 109 223 89
9.41847153954572 109 223 89
9.431463054893117 109 223 89
10.264104842503311 109 223 89
8.961487224738237 109 223 89
8.732824608207387 109 223 89
8.263086975272328 109 223 89
9.108725271903666 109 223 89
9.108725271903666 109 223 89
9.766504475210429 109 223 89
9.968361396995126 109 223 89
9.322363847993689 109 223 89
8.519736142635704 109 223 89
8.750401317478554 109 223 89
9.106198352637746 109 223 89
7.438425991646625 109 223 89
8.56139122963077 109 223 89
8.186750494181814 109 223 89
7.851798838957267 109 223 89
7.996353035194599 109 223 89
7.02471080945022 109 223 89
7.416846867703112 109 223 89
7.569711640146715 109 223 89
7.3237612476392195 109 223 89
7.613017968366329 109 223 89
9.66441878167063 109 223 89
9.66118947246514 109 223 89
9.662037194405428 109 223 89
9.66441878167063 109 223 89
9.76179053152838 109 223 89
9.769020003762579 109 223 89
9.769020003762579 109 223 89
9.665266220374415 109 223 89
9.66118947246514 109 223 89
9.66118947246514 109 223 89
9.765825283573152 109 223 89
9.760951472998645 109 223 89
8.996623208781454 109 223 89
10.062133309592108 109 223 89
11.562656345827167 109 223 89
11.565354734565389 109 223 89
11.565354734565389 109 223 89
11.646141567363005 109 223 89
12.488777278201006 109 223 89
7.437534204168433 109 223 89
7.572956918178049 109 223 89
7.997571951213854 109 223 89
7.188201462036758 109 223 89
7.935992095555921 109 223 89
7.8336490352698 109 223 89
7.9824421343618575 109 223 89
7.9824421343618575 109 223 89
8.017588221472165 109 223 89
8.016566607088503 109 223 89
12.243309503104557 109 223 89
12.724582834498468 109 223 89
12.076266775132684 109 223 89
11.721020295588211 109 223 89
9.810104209278649 109 223 89
11.721020295588211 109 223 89
12.563940462584826 109 223 89
9.038200724219488 109 223 89
9.503108697295113 109 223 89
9.70120239288064 109 223 89
8.681051191238012 109 223 89
9.027837351069815 109 223 89
8.680560341005203 109 223 89
9.400610792775266 109 223 89
9.009156605361122 109 223 89
9.704418387119851 109 223 89
8.676964876568046 109 223 89
9.503108697295113 109 223 89
9.264922651313423 109 223 89
9.482073721002168 109 223 89
10.320910942391748 109 223 89
12.556487361259352 109 223 89
11.987969072987298 109 223 89
12.556487361259352 109 223 89
11.990571748650552 109 223 89
12.068512506943975 109 223 89
10.320910942391748 109 223 89
10.72010053790858 109 223 89
10.723010953435823 109 223 89
9.041689215784896 109 223 89
9.155923381215048 109 223 89
9.683414924397466 109 223 89
9.060302885240105 109 223 89
9.464289595794847 109 223 89
20.767665040451753 109 223 89
20.777033292258867 109 223 89
19.861752832383505 109 223 89
20.167979100155375 109 223 89
20.726414440943955 109 223 89
20.863366759148107 109 223 89
20.643852881679997 109 223 89
20.589484867622126 109 223 89
20.72144678505684 109 223 89
20.62430547055439 109 223 89
20.57536379798756 109 223 89
2.6070724024965926 109 223 89
8.882024915924827 109 223 89
9.54104627698586 109 223 89
8.882024915924827 109 223 89
10.071277838771971 109 223 89
11.197387871112234 109 223 89
10.364084937057239 109 223 89
10.561981539228947 109 223 89
10.075188653001936 109 223 89
9.976262181638054 109 223 89
9.344178901787249 109 223 89
9.344178901787249 109 223 89
11.827182541315901 109 223 89
9.770537280628167 109 223 89
9.874014391246867 109 223 89
7.981025789263232 109 223 89
9.766504475210429 109 223 89
9.766504475210429 109 223 89
9.108725271903666 109 223 89
8.887365008944958 109 223 89
10.264104842503311 109 223 89
9.845613979463703 109 223 89
10.264104842503311 109 223 89
8.739030932762706 109 223 89
9.085875989343444 109 223 89
9.197780717932007 109 223 89
7.851798838957267 109 223 89
7.346728748897109 109 223 89
9.765825283573152 109 223 89
9.662037194405428 109 223 89
9.765825283573152 109 223 89
9.665266220374415 109 223 89
9.961432929895192 109 223 89
9.961432929895192 109 223 89
11.646141567363005 109 223 89
11.565354734565389 109 223 89
7.572956918178049 109 223 89
7.438635342680676 109 223 89
7.187061954347178 109 223 89
8.016566607088503 109 223 89
9.724130211548653 109 223 89
9.593019171706631 109 223 89
9.268290031039024 109 223 89
8.700436442061065 109 223 89
9.368905131880872 109 223 89
8.676964876568046 109 223 89
9.264922651313423 109 223 89
9.403929585119172 109 223 89
8.787907094670421 109 223 89
12.068512506943975 109 223 89
12.48159411224141 109 223 89
10.810094688680161 109 223 89
9.246295932168248 109 223 89
9.700797343285391 109 223 89
20.664891865741573 109 223 89
20.777033292258867 109 223 89
20.15354924752148 109 223 89
20.75327055706391 109 223 89
19.44766245371684 109 223 89
20.56709839510459 109 223 89
19.861752832383505 109 223 89
20.484155738056984 109 223 89
20.643852881679997 109 223 89
20.574965727707408 109 223 89
20.91898063551728 109 223 89
20.866114578165845 109 223 89
8.89957349710049 109 223 89
8.210106929441881 109 223 89
8.351215497777488 109 223 89
10.270980755038744 109 223 89
10.558251036377833 109 223 89
10.270980755038744 109 223 89
9.770537280628167 109 223 89
9.106198352637746 109 223 89
9.76330893189745 109 223 89
9.322363847993689 109 223 89
8.887365008944958 109 223 89
8.519736142635704 109 223 89
8.887365008944958 109 223 89
7.959888702201525 109 223 89
7.416846867703112 109 223 89
7.02471080945022 109 223 89
7.613017968366329 109 223 89
9.76179053152838 109 223 89
9.765825283573152 109 223 89
11.562656345827167 109 223 89
7.437534204168433 109 223 89
7.596249186620511 109 223 89
7.870500390168333 109 223 89
7.8336490352698 109 223 89
8.24484917012102 109 223 89
12.076266775132684 109 223 89
10.00920866918721 109 223 89
9.921815035211159 109 223 89
10.72010053790858 109 223 89
10.333409799789782 109 223 89
9.70120239288064 109 223 89
9.708072236441652 109 223 89
9.268290031039024 109 223 89
12.479093846033157 109 223 89
20.664891865741573 109 223 89
20.77427369043776 109 223 89
9.5443162365998 109 223 89
10.35606858106855 109 223 89
9.344178901787249 109 223 89
9.97708313285924 109 223 89
10.558251036377833 109 223 89
10.07762712959688 109 223 89
9.769020003762579 109 223 89
9.74671857587198 109 223 89
9.66441878167063 109 223 89
12.563940462584826 109 223 89
9.724130211548653 109 223 89
8.798553074140608 109 223 89
12.48159411224141 109 223 89
11.990571748650552 109 223 89
20.167979100155375 109 223 89
20.686789693841895 109 223 89
20.72144678505684 109 223 89
9.66441878167063 109 223 89
10.075188653001936 109 223 89
11.565354734565389 109 223 89
8.887365008944958 109 223 89
7.956996952996864 109 223 89
10.264104842503311 109 223 89
20.62430547055439 109 223 89
20.686789693841895 109 223 89
8.753030952668025 109 223 89
7.438425991646625 109 223 89
9.378891643690856 109 223 89
10.261064265136591 109 223 89
8.681051191238012 109 223 89
11.646141567363005 109 223 89
10.07762712959688 109 223 89
