13.857379022177497 82 92 168
12.068765661978688 82 92 168
12.140497387434133 82 92 168
11.681036277231822 82 92 168
12.648949555641764 82 92 168
12.3751066237306 82 92 168
12.281477628211892 82 92 168
12.650817713729781 82 92 168
12.933837630155937 82 92 168
12.791597871284566 82 92 168
13.52624667692674 82 92 168
12.580651392394667 82 92 168
12.439383672319883 82 92 168
12.884462024760717 82 92 168
13.670297637719411 82 92 168
11.630405937196157 82 92 168
11.538092169302049 82 92 168
11.007175899970864 82 92 168
11.439533320025822 82 92 168
12.19141186629486 82 92 168
11.095509758014446 82 92 168
11.104611010339331 82 92 168
11.830595830416268 82 92 168
12.157050463019976 82 92 168
12.017839838876178 82 92 168
11.47879991363641 82 92 168
12.033351307564983 82 92 168
10.560097306823106 82 92 168
11.044506861774735 82 92 168
11.670359705013418 82 92 168
11.841804091755439 82 92 168
12.876618840625255 82 92 168
13.80738788112966 82 92 168
13.708734165729188 82 92 168
13.598065593658058 82 92 168
13.38317738021068 82 92 168
13.890202960180863 82 92 168
13.988065078386285 82 92 168
14.165956038529709 82 92 168
13.032177989589286 82 92 168
13.269139476193674 82 92 168
12.05002343233698 82 92 168
12.216112929465757 82 92 168
11.370870355850418 82 92 168
12.051928163147583 82 92 168
11.091283657148255 82 92 168
11.688847978247704 82 92 168
11.252220907972458 82 92 168
11.558725254690764 82 92 168
10.228001717186688 82 92 168
12.200199779026505 82 92 168
11.045733443956427 82 92 168
10.759141988644759 82 92 168
12.246046736023983 82 92 168
11.637038754117622 82 92 168
11.124179803400953 82 92 168
11.759716134928103 82 92 168
12.041803644487196 82 92 168
11.398091859633444 82 92 168
11.602343470920205 82 92 168
12.819943300488651 82 92 168
12.247862097947124 82 92 168
10.093017374563487 82 92 168
11.506330145605768 82 92 168
12.183705327281972 82 92 168
11.991304573431577 82 92 168
11.643702739266852 82 92 168
11.755091750605937 82 92 168
11.995937596285195 82 92 168
11.693552332255136 82 92 168
12.538127565047587 82 92 168
11.85817896516068 82 92 168
13.000219733908729 82 92 168
12.554280591765702 82 92 168
12.344400794121984 82 92 168
13.74729999419189 82 92 168
12.823626163146619 82 92 168
12.413886084330093 82 92 168
12.155811262820357 82 92 168
13.806288774119423 82 92 168
12.295231365626274 82 92 168
12.223138452158105 82 92 168
11.995900083526774 82 92 168
11.354483760554073 82 92 168
11.635711330163824 82 92 168
11.819457259671525 82 92 168
11.814898520920885 82 92 168
11.320292974308149 82 92 168
12.369385349993726 82 92 168
11.627025813085092 82 92 168
11.451041453485438 82 92 168
12.523281207191303 82 92 168
11.314869652221368 82 92 168
13.316975485316803 82 92 168
13.750578470997786 82 92 168
12.651906597671601 82 92 168
13.136433668027564 82 92 168
13.532914954871066 82 92 168
13.76348667129169 82 92 168
12.005554547074395 82 92 168
11.230166885937436 82 92 168
12.893477457763167 82 92 168
11.023266314442862 82 92 168
11.388492325286677 82 92 168
12.146717689348053 82 92 168
12.54787323394022 82 92 168
14.005777083510099 82 92 168
11.59636161304684 82 92 168
10.904650708880942 82 92 168
11.560231629484136 82 92 168
11.476803819565946 82 92 168
11.306709616223724 82 92 168
11.993429887364618 82 92 168
12.596176893590709 82 92 168
12.30605301382796 82 92 168
12.532592368729933 82 92 168
11.219960066332755 82 92 168
11.867232868674197 82 92 168
13.24929752769121 82 92 168
12.627977446598736 82 92 168
14.04172843924006 82 92 168
11.706149793062693 82 92 168
13.098660751405061 82 92 168
11.248144117476324 82 92 168
13.106371060715286 82 92 168
13.07905641054793 82 92 168
11.785849716370201 82 92 168
12.072481084080298 82 92 168
12.285703177997013 82 92 168
12.415671440843951 82 92 168
12.323692180764896 82 92 168
12.358197733623363 82 92 168
13.70841540554907 82 92 168
12.114171262363064 82 92 168
13.315835899069143 82 92 168
11.472753640719427 82 92 168
12.232669006578112 82 92 168
11.520537964360559 82 92 168
11.329213649893187 82 92 168
11.374395973980958 82 92 168
10.860972746376621 82 92 168
10.26961060224432 82 92 168
12.354947365440085 82 92 168
11.601702236763368 82 92 168
12.265037193221238 82 92 168
13.011458368861174 82 92 168
