11.323771958272717 157 38 158
11.53440543021566 157 38 158
12.259513983749278 157 38 158
12.353535165874819 157 38 158
12.96055962077801 157 38 158
11.996409817203865 157 38 158
11.79403032201801 157 38 158
11.430690005994812 157 38 158
11.446889511212191 157 38 158
14.633349374874678 157 38 158
15.610779503394907 157 38 158
15.486328826540133 157 38 158
15.067093211082463 157 38 158
13.418615071741453 157 38 158
14.062385894297938 157 38 158
13.212319792745506 157 38 158
14.32635798721859 157 38 158
12.894908075733126 157 38 158
12.613221299383927 157 38 158
15.815906890597397 157 38 158
16.619252491617605 157 38 158
17.197705549189035 157 38 158
16.460619473893647 157 38 158
16.00852443519263 157 38 158
16.472043391954177 157 38 158
12.10731959126481 157 38 158
16.615342595325103 157 38 158
15.847100146324273 157 38 158
15.807688734657562 157 38 158
15.961026376945073 157 38 158
14.153215306440057 157 38 158
15.787986789573397 157 38 158
15.748427443777773 157 38 158
15.823690688143122 157 38 158
15.748427443777773 157 38 158
14.153215306440057 157 38 158
17.28990889026722 157 38 158
16.078186675852326 157 38 158
17.009325955952395 157 38 158
16.78372394666721 157 38 158
14.230061857961587 157 38 158
17.007336147591094 157 38 158
16.72387395493907 157 38 158
17.622846801571164 157 38 158
17.794015470744178 157 38 158
17.794015470744178 157 38 158
16.72387395493907 157 38 158
16.727758483455055 157 38 158
17.007336147591094 157 38 158
16.622752051992048 157 38 158
16.573837993177687 157 38 158
16.5851839262094 157 38 158
15.531950488984235 157 38 158
17.122710815046855 157 38 158
17.122710815046855 157 38 158
17.73230908741255 157 38 158
13.674730599026834 157 38 158
13.674730599026834 157 38 158
6.056589969277491 157 38 158
14.170504362401164 157 38 158
14.572738818125433 157 38 158
13.754250758471901 157 38 158
14.238712606952719 157 38 158
5.331792286752224 157 38 158
5.947019043307698 157 38 158
6.67475379589685 157 38 158
15.064028536349074 157 38 158
15.183831390721013 157 38 158
14.527728644356369 157 38 158
14.566521880336973 157 38 158
14.484727807185104 157 38 158
14.471735196794715 157 38 158
14.527728644356369 157 38 158
15.022562891468555 157 38 158
15.010035835601247 157 38 158
15.183831390721013 157 38 158
14.456390037812877 157 38 158
15.097226216685279 157 38 158
14.842589379210883 157 38 158
15.412657765475586 157 38 158
15.36790537645747 157 38 158
17.689983605885576 157 38 158
17.693656032505373 157 38 158
17.693656032505373 157 38 158
17.080697211827317 157 38 158
15.701872307313034 157 38 158
15.701872307313034 157 38 158
16.3949708806434 157 38 158
15.784982598846762 157 38 158
15.581702590018866 157 38 158
16.061767428011155 157 38 158
14.353983084966638 157 38 158
14.615004385219246 157 38 158
14.901088717837123 157 38 158
14.143239226929733 157 38 158
13.714915328533426 157 38 158
14.642849806154633 157 38 158
14.689817537928464 157 38 158
16.06370536622719 157 38 158
15.635712095812663 157 38 158
15.363496201047852 157 38 158
14.567896277356482 157 38 158
15.141960271446974 157 38 158
14.967678542321364 157 38 158
14.076580395099226 157 38 158
14.885997572307232 157 38 158
13.94523908198402 157 38 158
14.49870245232752 157 38 158
14.623329556991392 157 38 158
15.252712396531779 157 38 158
14.360292036531584 157 38 158
13.83055332238071 157 38 158
14.436129027509901 157 38 158
15.176941856562467 157 38 158
14.217746513784947 157 38 158
15.825696326467213 157 38 158
15.754400771036618 157 38 158
15.439991731085502 157 38 158
15.676819397789483 157 38 158
16.181005024792025 157 38 158
14.358101033176661 157 38 158
12.583812050640134 157 38 158
12.310062081899133 157 38 158
11.553154170129242 157 38 158
11.198799672167482 157 38 158
12.21060875307111 157 38 158
14.786516756469485 157 38 158
14.633349374874678 157 38 158
14.32635798721859 157 38 158
12.613221299383927 157 38 158
12.831791547702986 157 38 158
12.405968273893714 157 38 158
15.890850537782445 157 38 158
16.50986897047437 157 38 158
16.596932166112342 157 38 158
15.815906890597397 157 38 158
16.00852443519263 157 38 158
15.961026376945073 157 38 158
15.795784345505771 157 38 158
15.795784345505771 157 38 158
14.153215306440057 157 38 158
16.505933163626924 157 38 158
16.787594626331778 157 38 158
16.5851839262094 157 38 158
13.57371787211492 157 38 158
6.056589969277491 157 38 158
14.170504362401164 157 38 158
14.170504362401164 157 38 158
14.238712606952719 157 38 158
6.132969242010391 157 38 158
6.67475379589685 157 38 158
15.064028536349074 157 38 158
14.260555142331235 157 38 158
14.717710177989 157 38 158
14.842589379210883 157 38 158
14.471735196794715 157 38 158
14.651917264370493 157 38 158
15.010035835601247 157 38 158
15.613977571959554 157 38 158
14.717710177989 157 38 158
17.645792620339588 157 38 158
15.40404412598922 157 38 158
15.440635853542632 157 38 158
16.06370536622719 157 38 158
14.744982850296445 157 38 158
14.885997572307232 157 38 158
14.274939424655974 157 38 158
15.207673927617403 157 38 158
15.176941856562467 157 38 158
14.255403135812713 157 38 158
13.818792030994206 157 38 158
15.182717852841566 157 38 158
16.043267946051834 157 38 158
12.259513983749278 157 38 158
15.610779503394907 157 38 158
13.833816429245228 157 38 158
13.465116328759963 157 38 158
15.823690688143122 157 38 158
16.787594626331778 157 38 158
15.823690688143122 157 38 158
17.34944398576443 157 38 158
15.902336520953444 157 38 158
12.548688042553565 157 38 158
15.807688734657562 157 38 158
15.882671159912428 157 38 158
16.73139760270825 157 38 158
17.122710815046855 157 38 158
13.587569205485813 157 38 158
14.572738818125433 157 38 158
5.947019043307698 157 38 158
15.183831390721013 157 38 158
14.566521880336973 157 38 158
15.022562891468555 157 38 158
14.260555142331235 157 38 158
14.353983084966638 157 38 158
14.738648096458093 157 38 158
16.199347213238276 157 38 158
15.245283369585072 157 38 158
15.021823487984838 157 38 158
15.64773826421048 157 38 158
14.967678542321364 157 38 158
14.854320921020207 157 38 158
15.98957191581006 157 38 158
15.804008691782974 157 38 158
16.662103795117023 157 38 158
13.465116328759963 157 38 158
17.28990889026722 157 38 158
16.456671888453435 157 38 158
17.122710815046855 157 38 158
17.401465616827455 157 38 158
4.980145254870409 157 38 158
14.651917264370493 157 38 158
18.282526262280843 157 38 158
14.965598677127193 157 38 158
14.49870245232752 157 38 158
15.300119546189944 157 38 158
15.27309272816684 157 38 158
13.974211628205424 157 38 158
13.74417587881417 157 38 158
11.82612387446595 157 38 158
14.32635798721859 157 38 158
16.615342595325103 157 38 158
17.401465616827455 157 38 158
13.833816429245228 157 38 158
15.7364782244897 157 38 158
18.239770934814924 157 38 158
13.927171162125743 157 38 158
14.229381842758979 157 38 158
13.714915328533426 157 38 158
14.567896277356482 157 38 158
14.759653854536102 157 38 158
15.754400771036618 157 38 158
15.366811200538745 157 38 158
17.73421755280483 157 38 158
16.50986897047437 157 38 158
13.524347864541257 157 38 158
6.132969242010391 157 38 158
11.394997882734542 157 38 158
