12.30043162148027 80 65 183
12.029137693811036 80 65 183
12.412475089356224 80 65 183
11.09793008326084 80 65 183
12.35474886636233 80 65 183
12.055981856156011 80 65 183
11.875496771021135 80 65 183
11.398114385251573 80 65 183
10.59521431694532 80 65 183
11.557762333945755 80 65 183
10.905745916366948 80 65 183
6.723955472891572 80 65 183
11.734742538513917 80 65 183
9.950056434140306 80 65 183
10.754445685573796 80 65 183
10.399241211400245 80 65 183
10.981158241454816 80 65 183
9.834353028027707 80 65 183
11.153616392207983 80 65 183
10.526095987319572 80 65 183
10.75902475902129 80 65 183
10.549537743677496 80 65 183
10.744544736449408 80 65 183
10.728936056568502 80 65 183
11.317764198500521 80 65 183
11.501063609605875 80 65 183
9.87907654381424 80 65 183
10.224080485820588 80 65 183
8.975543991979494 80 65 183
7.117613525887545 80 65 183
7.368518637095013 80 65 183
7.881141364413923 80 65 183
10.24301839245588 80 65 183
5.659898310154741 80 65 183
11.950494994061623 80 65 183
6.372684895974557 80 65 183
6.612827702355676 80 65 183
6.366698487526896 80 65 183
6.080830494133709 80 65 183
7.009210069829295 80 65 183
6.382900735194327 80 65 183
6.754013138787189 80 65 183
10.231377604680617 80 65 183
11.031455899556581 80 65 183
9.877383775671555 80 65 183
9.48304260071122 80 65 183
10.120299880222722 80 65 183
9.993700571222194 80 65 183
11.05670220437559 80 65 183
11.087262565962586 80 65 183
11.116381428589644 80 65 183
9.87787029304702 80 65 183
11.262468377412112 80 65 183
11.089267654277922 80 65 183
11.137153527100985 80 65 183
10.421442817249941 80 65 183
10.0719242635285 80 65 183
10.0719242635285 80 65 183
10.162834150155245 80 65 183
10.415267986816454 80 65 183
10.300009865507487 80 65 183
10.156502095089378 80 65 183
10.761091007274885 80 65 183
10.767067512691613 80 65 183
11.143997652301643 80 65 183
11.143997652301643 80 65 183
10.908440511863393 80 65 183
11.327724697860168 80 65 183
11.87997635122094 80 65 183
12.139888023660545 80 65 183
12.196157813600154 80 65 183
7.857926093497698 80 65 183
9.834353028027707 80 65 183
7.3524379185559345 80 65 183
11.641370398104668 80 65 183
10.24301839245588 80 65 183
7.104769145057208 80 65 183
11.178156901857827 80 65 183
10.588766177601332 80 65 183
10.231377604680617 80 65 183
9.300450455429367 80 65 183
10.677282431368425 80 65 183
10.064977367100948 80 65 183
9.96560989978112 80 65 183
10.312493856558898 80 65 183
10.110334632719052 80 65 183
10.156502095089378 80 65 183
10.86101008532562 80 65 183
11.191649353536228 80 65 183
10.706926152911306 80 65 183
11.47949747916713 80 65 183
11.089267654277922 80 65 183
10.415267986816454 80 65 183
10.555258199551554 80 65 183
10.644951630432493 80 65 183
11.771303569057238 80 65 183
10.684201040553651 80 65 183
10.78446321627805 80 65 183
10.517415035783497 80 65 183
10.697352071217644 80 65 183
10.736040419736797 80 65 183
8.937766073332192 80 65 183
11.72241693860566 80 65 183
11.47027991488212 80 65 183
10.919058067235957 80 65 183
9.49668562281332 80 65 183
10.31403542713766 80 65 183
10.370252591678133 80 65 183
10.567440653782436 80 65 183
11.131375724959211 80 65 183
10.717528224588717 80 65 183
12.13360565696488 80 65 183
9.393584929208387 80 65 183
5.856600714410633 80 65 183
8.569460988622616 80 65 183
9.925119140255067 80 65 183
11.549098597228902 80 65 183
10.851936073853008 80 65 183
12.193029604885394 80 65 183
9.117165471819948 80 65 183
7.057319135007829 80 65 183
10.900865995200517 80 65 183
9.999187835329067 80 65 183
10.536881495563486 80 65 183
10.652112006664874 80 65 183
6.074556473198798 80 65 183
10.755847404955466 80 65 183
11.296549099734202 80 65 183
11.128377226860042 80 65 183
