7.691746333435918 96 237 89
7.193631608025959 96 237 89
7.145516172433199 96 237 89
7.0715006347163785 96 237 89
7.138195926358697 96 237 89
6.826460135566142 96 237 89
7.10605359500287 96 237 89
7.442311911174861 96 237 89
6.903103514085817 96 237 89
8.979575460011004 96 237 89
9.749401633555983 96 237 89
9.961285669917885 96 237 89
8.895091450361312 96 237 89
9.246190769213024 96 237 89
9.007734663611352 96 237 89
8.857561484782622 96 237 89
9.460902472830737 96 237 89
9.017519822842246 96 237 89
8.947275557779923 96 237 89
8.03534511598904 96 237 89
7.345454548061321 96 237 89
9.806033866669365 96 237 89
9.333060593961463 96 237 89
9.126830331260587 96 237 89
9.106571257351966 96 237 89
6.880743702698173 96 237 89
7.365274935931688 96 237 89
7.997862932006285 96 237 89
7.93180504900681 96 237 89
9.085380537163024 96 237 89
9.714306950047098 96 237 89
9.456216984790673 96 237 89
8.416751846023685 96 237 89
7.486939497338121 96 237 89
8.063412103621268 96 237 89
8.186457819036901 96 237 89
8.650149118819193 96 237 89
8.589109362099089 96 237 89
8.589109362099089 96 237 89
8.824815007778845 96 237 89
8.430496987784446 96 237 89
8.420029660025866 96 237 89
8.482286225978557 96 237 89
8.609620177728683 96 237 89
7.978604538711786 96 237 89
7.350341639375789 96 237 89
8.49690410106291 96 237 89
8.678794797912712 96 237 89
8.67465615724162 96 237 89
8.424293393135244 96 237 89
8.644103162872826 96 237 89
8.648256424753766 96 237 89
8.644103162872826 96 237 89
8.03777644883472 96 237 89
8.672768811449792 96 237 89
8.841076784710447 96 237 89
8.490749025571253 96 237 89
7.177146233425791 96 237 89
6.986085097156575 96 237 89
7.21007599089344 96 237 89
7.002676341097613 96 237 89
7.266071782823462 96 237 89
9.216259466234497 96 237 89
7.552950534045496 96 237 89
7.819950259250927 96 237 89
7.029683748229886 96 237 89
7.3780751659442965 96 237 89
6.895525929090795 96 237 89
7.644624694968711 96 237 89
7.120752647711772 96 237 89
7.193631608025959 96 237 89
6.268212849286426 96 237 89
7.691746333435918 96 237 89
9.610824309031099 96 237 89
9.370461046480687 96 237 89
9.246190769213024 96 237 89
9.390150800386603 96 237 89
9.460902472830737 96 237 89
7.965090789905151 96 237 89
9.126830331260587 96 237 89
9.806033866669365 96 237 89
9.106571257351966 96 237 89
7.556887135620847 96 237 89
8.004429704640811 96 237 89
8.416751846023685 96 237 89
9.714306950047098 96 237 89
8.927540531198467 96 237 89
8.921682557050039 96 237 89
8.650149118819193 96 237 89
8.476120535481138 96 237 89
8.49690410106291 96 237 89
8.430496987784446 96 237 89
7.914454550438442 96 237 89
8.617957936806521 96 237 89
8.231809683937842 96 237 89
8.367855120479344 96 237 89
6.688315579187811 96 237 89
10.115748609645397 96 237 89
7.727895201896132 96 237 89
7.622292431640784 96 237 89
10.065559069223283 96 237 89
7.138195926358697 96 237 89
7.644624694968711 96 237 89
8.678794797912712 96 237 89
8.812958603481452 96 237 89
8.116519146251937 96 237 89
8.057925489552789 96 237 89
8.482286225978557 96 237 89
8.43475542970568 96 237 89
8.044278123539897 96 237 89
8.650149118819193 96 237 89
9.273540427941954 96 237 89
8.967894498556241 96 237 89
9.216259466234497 96 237 89
6.76410414179165 96 237 89
7.615430495121592 96 237 89
7.355996296506317 96 237 89
8.662594234496323 96 237 89
8.812958603481452 96 237 89
9.740351750684201 96 237 89
8.597467012435224 96 237 89
9.713460353516066 96 237 89
9.390150800386603 96 237 89
7.448401671933673 96 237 89
7.566148063117009 96 237 89
7.442023448674004 96 237 89
7.120752647711772 96 237 89
7.10605359500287 96 237 89
8.650149118819193 96 237 89
8.354006912484143 96 237 89
8.824815007778845 96 237 89
8.660338316898237 96 237 89
9.485880043988498 96 237 89
9.333060593961463 96 237 89
8.162367050701228 96 237 89
7.127455075670445 96 237 89
