11.785407650551264 23 168 160
12.608497236991067 23 168 160
12.698136286838244 23 168 160
11.945054020377771 23 168 160
12.001252633855586 23 168 160
9.764672164626516 23 168 160
10.865956989441402 23 168 160
10.519297276897804 23 168 160
10.537618487303488 23 168 160
10.091025864919173 23 168 160
11.745739990178024 23 168 160
10.049974667290757 23 168 160
10.334465883345766 23 168 160
10.458861266763064 23 168 160
11.26651383296659 23 168 160
11.73771797401935 23 168 160
12.049374644945596 23 168 160
11.38894530639145 23 168 160
11.770084425579014 23 168 160
12.080906153178185 23 168 160
11.770084425579014 23 168 160
10.871433011144932 23 168 160
11.76720997180297 23 168 160
11.050887189278999 23 168 160
11.432715895814626 23 168 160
11.319028176087086 23 168 160
11.29308659967213 23 168 160
11.732025329294915 23 168 160
12.033852505907477 23 168 160
11.352588383214378 23 168 160
11.664238115085455 23 168 160
2.9093970020004307 23 168 160
11.81809671047304 23 168 160
11.500174075267417 23 168 160
11.109779096281393 23 168 160
11.072505559939412 23 168 160
11.391820187380391 23 168 160
10.958147027681232 23 168 160
11.920885946738428 23 168 160
11.559737939560302 23 168 160
13.177251696435336 23 168 160
12.648588614570949 23 168 160
12.76247652074959 23 168 160
12.690680374505098 23 168 160
12.720622332083034 23 168 160
10.598447699379925 23 168 160
10.651902822855753 23 168 160
10.802956929426268 23 168 160
10.467470482784666 23 168 160
10.887208870682821 23 168 160
10.490454120338237 23 168 160
11.042858465565681 23 168 160
11.47913118864986 23 168 160
10.629268291120002 23 168 160
10.629268291120002 23 168 160
10.431144854686126 23 168 160
10.845994429867952 23 168 160
10.681145788096375 23 168 160
12.1235674761433 23 168 160
10.53155674816647 23 168 160
10.53155674816647 23 168 160
11.699401001256165 23 168 160
11.916875593009458 23 168 160
11.80785035456943 23 168 160
11.555528311432207 23 168 160
11.69491681149498 23 168 160
11.443060807884933 23 168 160
12.029273559239956 23 168 160
11.555528311432207 23 168 160
11.558455408101452 23 168 160
12.16323423413798 23 168 160
11.699401001256165 23 168 160
11.501712476185217 23 168 160
12.009235322037629 23 168 160
11.731800335699425 23 168 160
10.615017461468451 23 168 160
10.396730341983533 23 168 160
8.914996556733929 23 168 160
10.314948770570059 23 168 160
10.895209371010562 23 168 160
11.151625691741561 23 168 160
11.293004178491596 23 168 160
12.163304479195753 23 168 160
11.889465166703857 23 168 160
10.718122441142414 23 168 160
10.671399863414104 23 168 160
10.431308672342105 23 168 160
12.66201554178805 23 168 160
12.01803856542345 23 168 160
12.01803856542345 23 168 160
11.599132051129022 23 168 160
11.4493450348971 23 168 160
12.801430004876318 23 168 160
12.439548982089113 23 168 160
12.569137740882265 23 168 160
12.511229393543434 23 168 160
12.389573608737214 23 168 160
12.330822016188215 23 168 160
11.922910088331422 23 168 160
12.330822016188215 23 168 160
11.979283911212516 23 168 160
13.12852998293034 23 168 160
12.718950648907395 23 168 160
10.119789183741593 23 168 160
10.558253053917978 23 168 160
11.696655272413139 23 168 160
9.423636490720947 23 168 160
12.136380229932891 23 168 160
13.000482694147108 23 168 160
12.608497236991067 23 168 160
13.129646174663362 23 168 160
10.258762552233513 23 168 160
10.020748320850437 23 168 160
10.306046341380311 23 168 160
10.675878085701232 23 168 160
11.182170957732257 23 168 160
11.319028176087086 23 168 160
11.706998950365476 23 168 160
11.355492549613826 23 168 160
12.30447886085773 23 168 160
11.38894530639145 23 168 160
11.50480843564881 23 168 160
11.326723669946881 23 168 160
11.262353114017154 23 168 160
13.060374720658398 23 168 160
12.648588614570949 23 168 160
10.598447699379925 23 168 160
11.285305896924395 23 168 160
10.593497490257208 23 168 160
10.880935185049584 23 168 160
10.782366937353467 23 168 160
10.55936936768526 23 168 160
10.55936936768526 23 168 160
11.889393303745445 23 168 160
11.417401050571582 23 168 160
11.501712476185217 23 168 160
10.42287012076235 23 168 160
10.427901328392325 23 168 160
11.80785035456943 23 168 160
11.977586471887935 23 168 160
12.107787485854864 23 168 160
11.494282808369897 23 168 160
9.686255170085817 23 168 160
12.163304479195753 23 168 160
11.694989869465697 23 168 160
9.82368472208916 23 168 160
10.737419668687421 23 168 160
11.177895574394563 23 168 160
12.439548982089113 23 168 160
11.470361418502735 23 168 160
13.12852998293034 23 168 160
12.92739164879073 23 168 160
11.902692789091128 23 168 160
11.569211600478496 23 168 160
9.488680475173737 23 168 160
12.213722131044236 23 168 160
13.958547693826224 23 168 160
11.737188854138747 23 168 160
10.334465883345766 23 168 160
11.911346714840041 23 168 160
11.465943349853651 23 168 160
11.84174869816855 23 168 160
11.045985038534594 23 168 160
13.177251696435336 23 168 160
7.881669926356242 23 168 160
10.399737122222241 23 168 160
11.752311621960608 23 168 160
11.0506689623606 23 168 160
10.363174073748059 23 168 160
10.903047273317826 23 168 160
10.698848954361104 23 168 160
12.665936853524075 23 168 160
8.993918484354788 23 168 160
9.580427062780105 23 168 160
10.462539967267974 23 168 160
11.870759887343294 23 168 160
11.416144112597715 23 168 160
12.77591750993828 23 168 160
12.277788387853558 23 168 160
11.555125609520074 23 168 160
10.020748320850437 23 168 160
11.594320765173544 23 168 160
11.631577135443479 23 168 160
10.622725944122312 23 168 160
11.188698462209459 23 168 160
12.318280873446708 23 168 160
10.42287012076235 23 168 160
10.55936936768526 23 168 160
12.376797312147547 23 168 160
11.977586471887935 23 168 160
9.391345080462989 23 168 160
12.92739164879073 23 168 160
12.361566523844594 23 168 160
12.381034539423133 23 168 160
12.801430004876318 23 168 160
8.9198699563262 23 168 160
11.38760349106504 23 168 160
12.564963946978322 23 168 160
11.500174075267417 23 168 160
11.027305283361509 23 168 160
3.0085187083693192 23 168 160
11.69491681149498 23 168 160
10.893735321271947 23 168 160
10.880935185049584 23 168 160
10.822102887019408 23 168 160
11.501712476185217 23 168 160
11.583802714326104 23 168 160
10.887208870682821 23 168 160
11.555528311432207 23 168 160
10.758275871771113 23 168 160
10.920860296269668 23 168 160
11.061091268273145 23 168 160
