10.485944181386452 14 55 221
11.881031652831181 14 55 221
13.167388187315206 14 55 221
13.714542236227514 14 55 221
11.966132716590632 14 55 221
12.542187961444117 14 55 221
12.080925396974404 14 55 221
12.655539768622083 14 55 221
12.574216702292345 14 55 221
12.210346042282334 14 55 221
13.444716071330376 14 55 221
12.916147294197241 14 55 221
12.173713109239653 14 55 221
13.617338054160385 14 55 221
12.619616384867903 14 55 221
13.282904853889088 14 55 221
12.428394120438673 14 55 221
13.227229834657786 14 55 221
11.672984904357957 14 55 221
11.670767559094022 14 55 221
13.18978209551045 14 55 221
13.264827258555082 14 55 221
12.507115126268303 14 55 221
13.00694485414527 14 55 221
13.19033969444268 14 55 221
12.618148282137174 14 55 221
13.007510290848064 14 55 221
12.422130836224094 14 55 221
12.815153307620552 14 55 221
13.328363307077833 14 55 221
13.55212079245167 14 55 221
14.28490843140063 14 55 221
14.088262288762124 14 55 221
14.211358807352209 14 55 221
14.394015818762233 14 55 221
13.054512484424245 14 55 221
13.084725197506458 14 55 221
13.696772884974006 14 55 221
13.070626198838811 14 55 221
13.105874556528542 14 55 221
12.125426663097576 14 55 221
12.917569869493818 14 55 221
13.07006349265486 14 55 221
11.962740153351536 14 55 221
13.819597952009731 14 55 221
14.067834453706167 14 55 221
12.212148501885055 14 55 221
12.609664137425492 14 55 221
14.20695236601337 14 55 221
12.764107859314848 14 55 221
12.208824301202874 14 55 221
14.589323019995573 14 55 221
14.72301483960813 14 55 221
14.448268285146808 14 55 221
13.740604702797704 14 55 221
18.086707450738842 14 55 221
18.649804325486883 14 55 221
11.900857686319066 14 55 221
10.673947481982752 14 55 221
8.9454998540226 14 55 221
10.548063775192617 14 55 221
9.281956464656615 14 55 221
10.802109151858843 14 55 221
10.658367671204577 14 55 221
8.43118223318983 14 55 221
11.551881471777827 14 55 221
12.503560770606661 14 55 221
14.53382600523702 14 55 221
13.444431368268395 14 55 221
13.145512389216574 14 55 221
13.145512389216574 14 55 221
14.027381949024605 14 55 221
13.807045410601157 14 55 221
14.420147552099605 14 55 221
13.485252531342832 14 55 221
13.131170988700505 14 55 221
13.405935046115562 14 55 221
14.444694960370212 14 55 221
13.80463807144878 14 55 221
14.677337642047839 14 55 221
13.615976689286382 14 55 221
14.421690137821358 14 55 221
14.90189003602514 14 55 221
11.000805532426394 14 55 221
11.09798960458263 14 55 221
11.837436815306914 14 55 221
11.165947212541285 14 55 221
12.814582706690823 14 55 221
13.823329824949663 14 55 221
13.493724043910216 14 55 221
14.29059023701974 14 55 221
13.32060442270131 14 55 221
13.019407546920064 14 55 221
13.44578542321054 14 55 221
13.255633681899623 14 55 221
13.7765381908215 14 55 221
13.451274904193356 14 55 221
14.099782096712103 14 55 221
12.129346704593832 14 55 221
11.956533404433669 14 55 221
14.702193667466583 14 55 221
13.807298604211473 14 55 221
13.389953371275373 14 55 221
13.266476863084227 14 55 221
14.96440393976207 14 55 221
15.095261328829558 14 55 221
15.003062581524059 14 55 221
15.490258061120501 14 55 221
14.825172321804748 14 55 221
14.995434495522792 14 55 221
14.731283264219577 14 55 221
15.455670973375986 14 55 221
14.592104933703851 14 55 221
17.483976774512257 14 55 221
17.52339882466012 14 55 221
12.438782728249373 14 55 221
14.001318066178666 14 55 221
14.925152400959382 14 55 221
12.132726062958927 14 55 221
12.747628487062984 14 55 221
12.965192484049963 14 55 221
11.984627976763099 14 55 221
12.203985701211634 14 55 221
11.742955219547332 14 55 221
12.111429914612305 14 55 221
12.9631961718358 14 55 221
12.418903233453607 14 55 221
13.444716071330376 14 55 221
10.862432482191121 14 55 221
12.070209304416588 14 55 221
11.234160752725352 14 55 221
11.067707308565241 14 55 221
11.061395315219613 14 55 221
11.924433147561327 14 55 221
13.624107199750789 14 55 221
12.368274358340791 14 55 221
13.519423010730232 14 55 221
12.207016926113255 14 55 221
15.021254390697358 14 55 221
15.084989335614166 14 55 221
12.04665353964956 14 55 221
13.147470431893492 14 55 221
13.145792109047186 14 55 221
15.059278717623343 14 55 221
10.56587241290787 14 55 221
10.92642118109624 14 55 221
18.007984006028348 14 55 221
11.898064673858107 14 55 221
14.41784258263402 14 55 221
11.640980896157904 14 55 221
13.830540824908878 14 55 221
13.881677624016195 14 55 221
13.212138089950038 14 55 221
13.78377366990954 14 55 221
14.899659592053636 14 55 221
14.423994492443597 14 55 221
14.264501443010255 14 55 221
11.352095465644314 14 55 221
13.918567952072292 14 55 221
13.768764757061286 14 55 221
13.23667900458711 14 55 221
12.789505211676818 14 55 221
10.887181740565259 14 55 221
13.964883700290294 14 55 221
11.71900904804291 14 55 221
13.233612162067683 14 55 221
14.247666373232274 14 55 221
14.488570521090907 14 55 221
14.995434495522792 14 55 221
15.064668463791907 14 55 221
17.563151152690608 14 55 221
8.246651327088847 14 55 221
11.881650670816684 14 55 221
12.735171036869952 14 55 221
12.823816549109413 14 55 221
12.25468875014446 14 55 221
13.114598500546293 14 55 221
11.498761887531352 14 55 221
10.9301597284198 14 55 221
13.266490522460426 14 55 221
13.99814307769302 14 55 221
13.592107249708482 14 55 221
14.414264630686626 14 55 221
18.989600803261276 14 55 221
19.168502111180935 14 55 221
7.931899775247312 14 55 221
13.485252531342832 14 55 221
13.408413968377426 14 55 221
15.427720683458658 14 55 221
12.31921823280001 14 55 221
13.874493201446446 14 55 221
13.7430100728142 14 55 221
14.699432588411124 14 55 221
12.435194223255046 14 55 221
14.46944233021517 14 55 221
14.623686438716984 14 55 221
14.803998024582304 14 55 221
14.459501281074157 14 55 221
15.455670973375986 14 55 221
16.666010756578597 14 55 221
14.112865827429781 14 55 221
14.490597940701043 14 55 221
11.702950631149452 14 55 221
13.59373046925693 14 55 221
11.412753567900598 14 55 221
10.670135024155876 14 55 221
13.120482432437843 14 55 221
14.606771360296053 14 55 221
14.442393908609306 14 55 221
12.500902417727469 14 55 221
12.585924782508565 14 55 221
12.689605186355108 14 55 221
13.844662780325962 14 55 221
12.651449107404279 14 55 221
12.372150190867552 14 55 221
13.998944135312195 14 55 221
13.624647023612884 14 55 221
11.633994215033796 14 55 221
14.121243951257703 14 55 221
13.938702952897494 14 55 221
11.549004063177675 14 55 221
13.477587084563853 14 55 221
13.204589385807513 14 55 221
13.518878985157016 14 55 221
12.226316860333391 14 55 221
13.876610340115793 14 55 221
14.541180886086044 14 55 221
12.120835270089906 14 55 221
11.158996446803338 14 55 221
14.737788196283713 14 55 221
