8.303965763017548 126 97 144
8.885301554477529 126 97 144
8.084739477864348 126 97 144
7.776199272635868 126 97 144
8.195726195609465 126 97 144
8.383615528517113 126 97 144
7.464084757058638 126 97 144
8.871903310137183 126 97 144
9.351799394133637 126 97 144
9.794214707703047 126 97 144
9.26421879064917 126 97 144
9.229363909657671 126 97 144
9.722991646235528 126 97 144
8.646126251822933 126 97 144
8.824430894910774 126 97 144
9.059032879965578 126 97 144
9.722991646235528 126 97 144
9.621394564443989 126 97 144
8.600301435457244 126 97 144
9.448585203011278 126 97 144
8.856391737790078 126 97 144
9.249365171177448 126 97 144
9.448585203011278 126 97 144
8.272820005378524 126 97 144
7.622892888440284 126 97 144
8.69221676547388 126 97 144
8.12834257081308 126 97 144
9.207095399426944 126 97 144
9.207095399426944 126 97 144
8.974432727529948 126 97 144
8.777562271233142 126 97 144
9.322347582324142 126 97 144
9.0926344660102 126 97 144
9.968783991948726 126 97 144
10.123820214460906 126 97 144
7.506585302780067 126 97 144
8.641752007589165 126 97 144
8.883132368363063 126 97 144
8.641752007589165 126 97 144
8.415421126740013 126 97 144
8.706030049182317 126 97 144
6.778707473495576 126 97 144
9.012627456708854 126 97 144
5.718072977404182 126 97 144
6.023448336624331 126 97 144
6.556110326225376 126 97 144
8.976795756242684 126 97 144
6.992796919077457 126 97 144
7.072078209978539 126 97 144
8.732228077446155 126 97 144
8.732228077446155 126 97 144
8.922287575079237 126 97 144
8.745978168039253 126 97 144
7.854335709058606 126 97 144
8.745978168039253 126 97 144
8.044559835920785 126 97 144
9.42460550731843 126 97 144
9.483578988186421 126 97 144
9.310411053700376 126 97 144
9.370103278270749 126 97 144
9.534878966303364 126 97 144
9.310411053700376 126 97 144
9.534878966303364 126 97 144
9.799438675692011 126 97 144
9.792321654180771 126 97 144
9.886866460068472 126 97 144
17.84779202375202 126 97 144
17.880571095500034 126 97 144
17.212670927754854 126 97 144
16.8519974018648 126 97 144
17.515781210701864 126 97 144
17.993634536212028 126 97 144
17.64892800676696 126 97 144
18.613246685885535 126 97 144
17.004733429565515 126 97 144
18.10368943298888 126 97 144
7.672360748810641 126 97 144
8.095582713362754 126 97 144
7.548327079754296 126 97 144
7.832891782167587 126 97 144
8.181672503847304 126 97 144
7.867453657842824 126 97 144
9.782457708950165 126 97 144
10.672018315606481 126 97 144
10.898481246120769 126 97 144
9.32715530490095 126 97 144
9.04632045679951 126 97 144
10.340035224879887 126 97 144
10.340035224879887 126 97 144
9.023600241830671 126 97 144
9.128780498559987 126 97 144
8.914822957894334 126 97 144
8.692801407145874 126 97 144
8.80985262931853 126 97 144
8.467835100176908 126 97 144
8.636501017610891 126 97 144
8.636501017610891 126 97 144
9.128780498559987 126 97 144
8.528105581364757 126 97 144
8.857184363412744 126 97 144
9.138867500332767 126 97 144
8.925151772846736 126 97 144
9.759298410101605 126 97 144
9.292953616262475 126 97 144
9.292953616262475 126 97 144
9.192302317358614 126 97 144
9.663505597717759 126 97 144
9.138867500332767 126 97 144
9.515421835723055 126 97 144
9.515421835723055 126 97 144
10.211183035306359 126 97 144
6.3547479732521195 126 97 144
6.456172942068338 126 97 144
5.791608936917666 126 97 144
5.678326058253538 126 97 144
5.234816052018812 126 97 144
7.055786794884401 126 97 144
9.199883524992439 126 97 144
6.563800313020537 126 97 144
6.311018785656058 126 97 144
6.328646533880231 126 97 144
9.622527009854986 126 97 144
9.764144080209176 126 97 144
9.510709283522338 126 97 144
10.103662364844693 126 97 144
18.546301885459634 126 97 144
17.980838634401508 126 97 144
17.824841842421026 126 97 144
18.111079778468273 126 97 144
18.511238920511513 126 97 144
9.242243967049843 126 97 144
8.619751496515452 126 97 144
8.481414634185516 126 97 144
9.064252913614537 126 97 144
9.912697555233848 126 97 144
9.064252913614537 126 97 144
8.562744487406025 126 97 144
9.249365171177448 126 97 144
8.467234925150947 126 97 144
9.50243335327776 126 97 144
9.351799394133637 126 97 144
9.10964664933003 126 97 144
8.12741326725823 126 97 144
8.683322566079607 126 97 144
8.641752007589165 126 97 144
7.854335709058606 126 97 144
8.68199589145406 126 97 144
9.364718015289661 126 97 144
5.718072977404182 126 97 144
9.364718015289661 126 97 144
9.204471577934683 126 97 144
8.89314447727639 126 97 144
7.288989756107998 126 97 144
9.370103278270749 126 97 144
9.483578988186421 126 97 144
9.646416530596483 126 97 144
17.065553098721132 126 97 144
17.75021777548393 126 97 144
17.993634536212028 126 97 144
17.661191151158818 126 97 144
17.004733429565515 126 97 144
18.32880207799788 126 97 144
16.89897593706555 126 97 144
17.915303760585353 126 97 144
7.548327079754296 126 97 144
7.867453657842824 126 97 144
7.600567240810782 126 97 144
9.32715530490095 126 97 144
9.023600241830671 126 97 144
8.914822957894334 126 97 144
8.467835100176908 126 97 144
8.857184363412744 126 97 144
8.857184363412744 126 97 144
8.636501017610891 126 97 144
9.498397335040003 126 97 144
9.192302317358614 126 97 144
8.639096054867808 126 97 144
9.292953616262475 126 97 144
9.663505597717759 126 97 144
9.498397335040003 126 97 144
9.138867500332767 126 97 144
9.138867500332767 126 97 144
13.787182624904974 126 97 144
9.417148596654187 126 97 144
14.039613892682315 126 97 144
5.898919436175529 126 97 144
6.563800313020537 126 97 144
6.328646533880231 126 97 144
6.7034830867393245 126 97 144
9.47143640172824 126 97 144
9.357813448251257 126 97 144
18.749690261859424 126 97 144
18.111079778468273 126 97 144
8.68199589145406 126 97 144
9.722991646235528 126 97 144
7.631805364475788 126 97 144
7.072078209978539 126 97 144
9.249365171177448 126 97 144
9.15374693713294 126 97 144
9.059032879965578 126 97 144
7.326884423497861 126 97 144
8.415421126740013 126 97 144
8.036105139997975 126 97 144
8.198998563558085 126 97 144
8.195726195609465 126 97 144
8.646126251822933 126 97 144
9.036344628086885 126 97 144
9.743758579604242 126 97 144
9.483578988186421 126 97 144
9.370103278270749 126 97 144
9.370103278270749 126 97 144
9.799438675692011 126 97 144
8.181672503847304 126 97 144
7.523129654868446 126 97 144
10.672018315606481 126 97 144
9.171199896324145 126 97 144
10.898481246120769 126 97 144
8.636501017610891 126 97 144
9.759298410101605 126 97 144
8.692801407145874 126 97 144
9.199883524992439 126 97 144
8.536276693419413 126 97 144
9.357813448251257 126 97 144
10.103662364844693 126 97 144
18.673330691360583 126 97 144
17.749448395385606 126 97 144
8.598285757567112 126 97 144
9.26421879064917 126 97 144
9.624508855751447 126 97 144
9.242243967049843 126 97 144
9.059032879965578 126 97 144
7.624105847343189 126 97 144
8.619751496515452 126 97 144
9.322347582324142 126 97 144
9.036344628086885 126 97 144
8.883132368363063 126 97 144
8.745978168039253 126 97 144
17.861488021280998 126 97 144
9.04632045679951 126 97 144
9.768392144880947 126 97 144
8.925151772846736 126 97 144
9.292953616262475 126 97 144
6.255262214107981 126 97 144
9.47143640172824 126 97 144
18.768365343346307 126 97 144
9.036344628086885 126 97 144
17.83617816159529 126 97 144
9.968783991948726 126 97 144
9.249784242142082 126 97 144
8.692801407145874 126 97 144
9.242243967049843 126 97 144
7.711284222780781 126 97 144
17.724502808176336 126 97 144
8.014930580769521 126 97 144
8.095582713362754 126 97 144
6.3402331192001595 126 97 144
6.456172942068338 126 97 144
9.622527009854986 126 97 144
8.883132368363063 126 97 144
17.771973086223422 126 97 144
9.737122792898969 126 97 144
