9.592489818437398 160 255 48
10.2274281968283 160 255 48
9.421405684257355 160 255 48
9.592489818437398 160 255 48
9.220221749504917 160 255 48
9.447861829680313 160 255 48
10.184551514063932 160 255 48
9.03759672141945 160 255 48
9.195289689708977 160 255 48
14.24552526606149 160 255 48
14.24552526606149 160 255 48
13.728510251156337 160 255 48
13.728510251156337 160 255 48
9.96337476793348 160 255 48
9.051395391965722 160 255 48
8.989046474479645 160 255 48
13.632549276644287 160 255 48
10.985893001710902 160 255 48
9.813962255468347 160 255 48
10.462938444388076 160 255 48
10.94764169864294 160 255 48
11.179251351642874 160 255 48
11.223737745351473 160 255 48
12.899730224089026 160 255 48
13.749428819080006 160 255 48
13.925587629597699 160 255 48
13.644471219959064 160 255 48
13.749428819080006 160 255 48
13.879286410409682 160 255 48
13.597212777068306 160 255 48
12.780094702762877 160 255 48
12.630433162628242 160 255 48
12.43594161682028 160 255 48
12.338575375958023 160 255 48
12.985307858461015 160 255 48
13.095549555389649 160 255 48
11.099360195253476 160 255 48
11.099360195253476 160 255 48
10.401558774395097 160 255 48
11.191743525304526 160 255 48
11.191743525304526 160 255 48
10.810982622564152 160 255 48
10.470165682352679 160 255 48
11.51234081811886 160 255 48
11.740796112453895 160 255 48
11.531309352174878 160 255 48
10.051527207240651 160 255 48
11.819188502254384 160 255 48
10.619962107051622 160 255 48
10.864463677728445 160 255 48
12.392024273441871 160 255 48
11.908478896830578 160 255 48
11.787140096630843 160 255 48
11.787140096630843 160 255 48
12.745808041584931 160 255 48
13.606388181569578 160 255 48
12.789856318750202 160 255 48
12.745808041584931 160 255 48
12.745808041584931 160 255 48
13.612361914584644 160 255 48
12.660688175879416 160 255 48
12.284227608590184 160 255 48
12.284227608590184 160 255 48
12.951564469219644 160 255 48
10.668478572126038 160 255 48
11.133041312778706 160 255 48
10.32749772716585 160 255 48
10.076329057909556 160 255 48
9.335664379810403 160 255 48
9.335664379810403 160 255 48
9.605491396045903 160 255 48
10.007199145862451 160 255 48
8.595626983103283 160 255 48
9.274318145328973 160 255 48
9.195289689708977 160 255 48
13.526618713630896 160 255 48
13.62651878714912 160 255 48
13.62651878714912 160 255 48
13.623391491748594 160 255 48
9.96337476793348 160 255 48
9.051395391965722 160 255 48
9.858450848404834 160 255 48
11.179251351642874 160 255 48
12.899730224089026 160 255 48
12.614104815120822 160 255 48
12.892091319496787 160 255 48
13.749428819080006 160 255 48
13.925587629597699 160 255 48
13.702532367541636 160 255 48
13.925587629597699 160 255 48
13.879286410409682 160 255 48
13.702532367541636 160 255 48
12.338575375958023 160 255 48
10.885750658295107 160 255 48
10.810982622564152 160 255 48
10.951840981976908 160 255 48
9.382421190242814 160 255 48
11.531309352174878 160 255 48
11.319466467764832 160 255 48
10.864463677728445 160 255 48
11.908478896830578 160 255 48
12.392024273441871 160 255 48
12.789856318750202 160 255 48
12.789856318750202 160 255 48
12.616188927941336 160 255 48
12.745808041584931 160 255 48
10.32749772716585 160 255 48
10.90044984625378 160 255 48
10.90044984625378 160 255 48
11.15257482187585 160 255 48
10.90044984625378 160 255 48
10.076329057909556 160 255 48
10.997328633138858 160 255 48
15.420443043890966 160 255 48
9.54676190853048 160 255 48
9.274318145328973 160 255 48
9.03759672141945 160 255 48
9.03759672141945 160 255 48
13.59123238557826 160 255 48
9.813962255468347 160 255 48
10.462938444388076 160 255 48
12.43594161682028 160 255 48
13.095549555389649 160 255 48
11.405958854778461 160 255 48
11.02990449341557 160 255 48
10.885750658295107 160 255 48
12.789856318750202 160 255 48
12.660688175879416 160 255 48
12.609743277300742 160 255 48
13.564991608040637 160 255 48
9.92006074890316 160 255 48
11.749956326682492 160 255 48
13.59123238557826 160 255 48
8.595626983103283 160 255 48
13.749428819080006 160 255 48
10.051527207240651 160 255 48
11.349802591814782 160 255 48
13.216240576659313 160 255 48
9.98830600623241 160 255 48
10.184551514063932 160 255 48
13.644471219959064 160 255 48
12.892091319496787 160 255 48
12.111443663532265 160 255 48
12.951564469219644 160 255 48
15.420443043890966 160 255 48
9.592489818437398 160 255 48
10.401558774395097 160 255 48
