11.773507228998966 13 24 9
10.991182660099156 16 26 13
12.599918191308445 12 22 13
11.711968221411539 16 27 14
12.852614618879672 8 19 11
11.964727026551131 15 26 15
11.328871018550306 15 27 10
10.942489428181283 18 28 9
11.582430434005445 16 27 13
11.160867168381849 15 25 9
11.566874579137668 12 23 14
10.570740756468803 24 35 26
11.569128813014188 9 20 10
11.067961892001199 17 28 19
10.636579682368962 15 28 9
11.17636764881392 15 28 7
11.014874086241644 16 28 9
10.533100376575302 15 28 8
11.238769784766458 17 29 9
11.433452886519218 19 31 10
11.794212778283029 18 31 10
11.123138294922674 17 29 10
11.08660593973833 17 30 5
11.853293638113964 17 30 12
11.903327089785398 18 32 7
11.150974610189666 21 33 12
12.222766793978678 28 37 21
11.391158589453944 24 36 17
11.286225403514246 24 36 17
11.269395445531684 28 37 20
11.581831694541746 13 24 12
11.133202666093807 15 27 14
11.830039689109464 15 26 17
11.765717984071612 12 23 14
11.356306902558439 12 23 13
11.170276749871643 14 26 15
11.728302718368395 12 23 14
11.470406657775698 18 30 19
11.641223085747095 15 27 13
11.912801069620393 17 30 14
11.555743990465897 19 32 14
11.641223085747095 15 27 13
10.812662904024425 27 35 27
10.865163978979094 26 35 25
10.278863453606492 25 35 23
10.393971524352338 24 35 23
11.18886136939702 23 34 22
11.121602565253065 28 36 29
10.67301824491766 29 37 31
11.584051887136225 24 35 21
11.143299057406958 22 33 18
11.781050170164207 28 37 22
11.59519481002033 27 35 28
11.648474737019184 29 39 22
11.248599424125493 31 41 26
11.256307945314587 28 37 24
11.741398692416931 30 38 24
11.321942791536825 30 39 26
11.585395905897608 29 37 29
11.41752460606714 27 36 25
10.988151722710635 27 36 26
11.848834451189914 29 37 30
11.103718655828086 29 37 29
11.353984227425393 29 37 29
11.032768166717295 29 38 25
11.792006939888738 29 38 25
11.390942967346023 15 25 8
10.73398143557891 13 24 8
11.080211484719413 16 26 9
11.114492534075273 17 28 9
11.407057461071759 17 30 12
11.63748417062486 28 37 24
11.5989473571057 14 26 13
11.43270312162426 17 30 10
11.567655249561351 26 35 22
11.104523108548314 29 37 30
11.84962163787376 28 37 23
10.673815443589955 17 30 7
11.537821308198248 16 27 12
11.379743934291556 17 30 5
11.786956103469926 17 30 15
11.854016800747774 19 31 11
11.746625529311583 8 20 10
10.598370302761182 16 28 6
11.581800557825645 22 34 14
10.943380547524828 14 27 12
10.835769173459108 23 35 18
11.45289848527675 32 42 27
11.256307945314587 28 37 24
12.369980515297014 29 38 22
11.035164186480676 28 36 30
11.548912199463931 28 36 27
11.435667361499506 31 39 31
11.124611595111395 30 38 30
11.460469592009327 29 38 25
11.64112721452207 28 37 26
11.19185231613732 29 38 23
11.25166501775716 18 27 18
11.933538531192111 14 25 9
11.329555390853592 16 26 11
11.345508804151576 17 27 8
10.767019024884863 15 27 7
11.080433153576108 23 35 17
10.882619098418582 25 35 24
10.247787038588823 23 35 17
11.797150217874067 25 36 21
11.728302718368395 12 23 14
11.286225403514246 24 36 17
11.641223085747095 15 27 13
11.425967094034835 19 31 16
10.896791864909902 15 27 10
11.796454139336529 12 23 11
11.08741163408034 14 27 11
11.915546902219324 25 33 25
11.097481613142016 26 34 29
10.812520481164253 30 40 24
12.027959823645242 30 37 27
11.440190038415807 30 37 25
11.372150794558207 15 27 9
11.5989473571057 14 26 13
10.903968765316982 20 31 22
10.988151722710635 27 36 26
10.97252882063695 24 36 19
11.459039473501209 17 31 6
12.122873793928138 14 24 13
10.88650893862783 17 29 6
11.276329589987542 22 34 16
10.743578922090943 13 23 9
11.43270312162426 17 30 10
12.335809567298826 14 25 15
10.868271365705128 16 28 8
11.753177781311098 15 26 12
