6.601641093784811 9 101 200
7.159869437225774 9 101 200
6.635052627291525 9 101 200
6.635052627291525 9 101 200
7.27214491458344 9 101 200
8.233318447890081 9 101 200
8.233318447890081 9 101 200
7.996825112113036 9 101 200
5.487285715963284 9 101 200
5.131725175253556 9 101 200
5.461743413248367 9 101 200
5.373717223028783 9 101 200
6.411016732063069 9 101 200
6.206499066581077 9 101 200
7.2347040388660115 9 101 200
6.411016732063069 9 101 200
6.712887916702975 9 101 200
6.984497173438045 9 101 200
6.712887916702975 9 101 200
6.663599782876078 9 101 200
6.061835119760418 9 101 200
6.844400653243933 9 101 200
7.016085732197399 9 101 200
6.061835119760418 9 101 200
5.535871181322378 9 101 200
5.7884400340652435 9 101 200
6.093143632686767 9 101 200
5.680337229142094 9 101 200
5.680337229142094 9 101 200
5.680337229142094 9 101 200
6.829711130510796 9 101 200
5.746782441994264 9 101 200
5.746782441994264 9 101 200
5.44846089840579 9 101 200
5.342835806313951 9 101 200
6.005999764571996 9 101 200
5.979473087071326 9 101 200
5.533016057340147 9 101 200
6.841074044324074 9 101 200
4.801721037978338 9 101 200
7.404366432025811 9 101 200
6.33267089050726 9 101 200
7.404366432025811 9 101 200
5.795321464637803 9 101 200
8.35849859035532 9 101 200
9.074365689531966 9 101 200
7.757733783651024 9 101 200
7.663202135970672 9 101 200
7.663202135970672 9 101 200
8.666274036525929 9 101 200
8.297147171398354 9 101 200
7.363901416384476 9 101 200
6.439547085889924 9 101 200
7.827317579828386 9 101 200
7.357110083943567 9 101 200
8.390871957294836 9 101 200
7.357110083943567 9 101 200
7.704990316571181 9 101 200
7.363901416384476 9 101 200
7.48780315451868 9 101 200
6.810663026009177 9 101 200
7.3704427904610395 9 101 200
6.597345114671118 9 101 200
6.826645614349106 9 101 200
6.666845939440766 9 101 200
7.313459592115009 9 101 200
6.84709819999426 9 101 200
5.661590055765362 9 101 200
5.84083092427187 9 101 200
6.7202307673803015 9 101 200
6.610880053789351 9 101 200
6.800438853804578 9 101 200
6.2659709909783805 9 101 200
6.934217604388243 9 101 200
6.28326637505314 9 101 200
5.780807245833757 9 101 200
5.970094736199797 9 101 200
6.918549696642858 9 101 200
6.918549696642858 9 101 200
6.179341767368557 9 101 200
6.973206386143526 9 101 200
5.794853512627491 9 101 200
6.973206386143526 9 101 200
6.934217604388243 9 101 200
6.663499393562588 9 101 200
6.964807155020675 9 101 200
7.491922317216673 9 101 200
7.990571731156444 9 101 200
7.940451638626874 9 101 200
8.118555322047504 9 101 200
7.510563455804233 9 101 200
7.806778822606104 9 101 200
7.267838201442013 9 101 200
5.487285715963284 9 101 200
6.225151671270741 9 101 200
7.475611086554371 9 101 200
5.39967593560289 9 101 200
7.324163369118528 9 101 200
7.2347040388660115 9 101 200
6.797256497326196 9 101 200
7.324163369118528 9 101 200
7.016085732197399 9 101 200
6.096208253919362 9 101 200
5.422735725167147 9 101 200
5.457627822087359 9 101 200
5.985236602760601 9 101 200
5.7884400340652435 9 101 200
5.517782087964807 9 101 200
6.479633632417218 9 101 200
5.533016057340147 9 101 200
6.129279811680133 9 101 200
5.6829861796203 9 101 200
6.454491643165878 9 101 200
8.931098667129744 9 101 200
5.72935928963119 9 101 200
8.35849859035532 9 101 200
7.757733783651024 9 101 200
8.297147171398354 9 101 200
7.5460338235929525 9 101 200
7.827317579828386 9 101 200
7.704990316571181 9 101 200
8.587579081317017 9 101 200
6.728136153903476 9 101 200
7.313459592115009 9 101 200
7.235112956773561 9 101 200
7.8055982712789875 9 101 200
7.3092398564494845 9 101 200
7.386800321339143 9 101 200
6.602019879435703 9 101 200
6.418776248896142 9 101 200
6.666845939440766 9 101 200
6.7202307673803015 9 101 200
6.240476109783727 9 101 200
5.983090431616591 9 101 200
5.780807245833757 9 101 200
6.376398279173611 9 101 200
6.582104252150064 9 101 200
6.663499393562588 9 101 200
6.851602563397414 9 101 200
7.269358073022422 9 101 200
7.680434121778721 9 101 200
7.680434121778721 9 101 200
7.990571731156444 9 101 200
7.680434121778721 9 101 200
7.996825112113036 9 101 200
5.24160614531057 9 101 200
7.74745169439317 9 101 200
5.82114050057093 9 101 200
5.82114050057093 9 101 200
5.535871181322378 9 101 200
5.517782087964807 9 101 200
5.72935928963119 9 101 200
6.718822592741918 9 101 200
6.33267089050726 9 101 200
8.931098667129744 9 101 200
7.127941424110481 9 101 200
7.357110083943567 9 101 200
6.800438853804578 9 101 200
5.91929841400703 9 101 200
7.179215853159924 9 101 200
7.716760663120788 9 101 200
8.118555322047504 9 101 200
7.041650038770678 9 101 200
6.093143632686767 9 101 200
5.680337229142094 9 101 200
5.131725175253556 9 101 200
6.1839281405122275 9 101 200
8.155164467175512 9 101 200
6.750388281747843 9 101 200
5.473569761337577 9 101 200
5.775467815432332 9 101 200
7.306558718888208 9 101 200
6.964807155020675 9 101 200
7.682925201741762 9 101 200
7.328436981642101 9 101 200
7.357110083943567 9 101 200
6.7766534863448955 9 101 200
6.185896493379526 9 101 200
5.342835806313951 9 101 200
6.829711130510796 9 101 200
6.718822592741918 9 101 200
