21.498382852803772 121 191 99
11.826775596361099 121 191 99
5.888179560706095 121 191 99
5.446782471577423 121 191 99
12.077507297195664 121 191 99
20.514361321694867 121 191 99
19.1222844239625 121 191 99
19.621251299697185 121 191 99
19.291600105056705 121 191 99
18.6771007824682 121 191 99
19.31733289007907 121 191 99
18.96029136880015 121 191 99
18.96029136880015 121 191 99
18.850027479785698 121 191 99
17.5734430735425 121 191 99
18.83656544026303 121 191 99
18.60539996385049 121 191 99
18.542456207649646 121 191 99
18.137862195021047 121 191 99
18.202205102893895 121 191 99
18.59176079373558 121 191 99
18.83656544026303 121 191 99
18.7879032993688 121 191 99
18.352906223263343 121 191 99
18.39812330749132 121 191 99
14.699673451450828 121 191 99
14.551311359556344 121 191 99
14.43637493652073 121 191 99
14.320124467504993 121 191 99
11.418397859884811 121 191 99
11.987776006683657 121 191 99
12.19440668257322 121 191 99
11.777450123653152 121 191 99
11.749045594859492 121 191 99
12.119300483784496 121 191 99
11.592024526003676 121 191 99
11.889987946378954 121 191 99
11.86965289232496 121 191 99
11.51256785491474 121 191 99
10.833449182305763 121 191 99
10.909876057195081 121 191 99
11.144985279734584 121 191 99
10.956349030784803 121 191 99
10.849117866542707 121 191 99
10.933171803324722 121 191 99
10.833449182305763 121 191 99
10.933102669723853 121 191 99
11.122133194124421 121 191 99
10.85690891935903 121 191 99
11.307641991570584 121 191 99
11.74863262326131 121 191 99
11.505286502612032 121 191 99
10.647762053766067 121 191 99
11.403643969305206 121 191 99
10.757000620798694 121 191 99
17.722352032113438 121 191 99
17.236204178506263 121 191 99
17.114836303103672 121 191 99
17.051349180663504 121 191 99
11.349611583998827 121 191 99
13.402613298279368 121 191 99
12.44183274918779 121 191 99
11.963872895053516 121 191 99
11.134401279639038 121 191 99
12.116148237545634 121 191 99
10.830818659315511 121 191 99
10.75374840447053 121 191 99
11.451814301305026 121 191 99
11.208917849899386 121 191 99
11.186843621728846 121 191 99
11.97839480617878 121 191 99
11.85950402366719 121 191 99
10.471528106691524 121 191 99
10.676580576425488 121 191 99
11.466842324476671 121 191 99
10.676427652733222 121 191 99
11.603926105772894 121 191 99
9.966161706530501 121 191 99
11.00757994241873 121 191 99
11.56034970583552 121 191 99
11.718487945774998 121 191 99
20.00780159244905 121 191 99
18.694503379613003 121 191 99
19.582428025037533 121 191 99
19.295306662034353 121 191 99
18.937979955216715 121 191 99
19.582428025037533 121 191 99
19.831852524528664 121 191 99
19.23453581968759 121 191 99
19.82799779072457 121 191 99
12.46532384798214 121 191 99
12.056343931978963 121 191 99
11.366442718756463 121 191 99
12.497711823863513 121 191 99
12.09747677736447 121 191 99
11.475785576961993 121 191 99
11.084055340092679 121 191 99
11.344036758628542 121 191 99
12.457379989590288 121 191 99
12.10392861534665 121 191 99
12.48359300366751 121 191 99
11.663676182580836 121 191 99
12.637055286050654 121 191 99
12.146429820128489 121 191 99
11.917776298661748 121 191 99
11.570392516140044 121 191 99
14.341286315194562 121 191 99
17.736336780553785 121 191 99
11.79132092602481 121 191 99
12.077507297195664 121 191 99
11.868841635149089 121 191 99
19.334706472869982 121 191 99
18.39812330749132 121 191 99
17.832232884102513 121 191 99
18.96029136880015 121 191 99
19.334706472869982 121 191 99
18.96029136880015 121 191 99
18.7879032993688 121 191 99
18.137862195021047 121 191 99
18.1425234685447 121 191 99
18.973579572982597 121 191 99
18.348298396275794 121 191 99
17.5734430735425 121 191 99
14.493763624789425 121 191 99
14.82913809332852 121 191 99
11.987776006683657 121 191 99
11.418397859884811 121 191 99
11.396094049671834 121 191 99
11.359722339763467 121 191 99
11.68479531437607 121 191 99
11.777450123653152 121 191 99
11.987776006683657 121 191 99
12.00830884502399 121 191 99
10.825641245879153 121 191 99
11.51256785491474 121 191 99
11.777102327639946 121 191 99
10.956349030784803 121 191 99
10.6557003315006 121 191 99
11.323082998008646 121 191 99
11.606874987831858 121 191 99
17.10000828300007 121 191 99
17.236204178506263 121 191 99
17.41424265606398 121 191 99
12.555210416559108 121 191 99
11.13469454532751 121 191 99
10.823677793556778 121 191 99
10.915527270721958 121 191 99
9.890666260227944 121 191 99
11.845112028402367 121 191 99
10.589652462488537 121 191 99
9.948534265272958 121 191 99
10.52727311558974 121 191 99
10.439883745803826 121 191 99
19.548394982218507 121 191 99
19.831852524528664 121 191 99
19.811139224283092 121 191 99
19.831852524528664 121 191 99
19.82799779072457 121 191 99
11.284466951111158 121 191 99
12.118489777052622 121 191 99
12.302132325397062 121 191 99
11.475785576961993 121 191 99
12.637055286050654 121 191 99
11.81968147525254 121 191 99
12.146429820128489 121 191 99
12.241906677630828 121 191 99
17.830105124452686 121 191 99
18.31636927474815 121 191 99
18.59176079373558 121 191 99
14.82962323429138 121 191 99
14.784167058581875 121 191 99
11.122133194124421 121 191 99
10.85690891935903 121 191 99
11.144985279734584 121 191 99
10.676580576425488 121 191 99
10.73831074411974 121 191 99
11.378807377154706 121 191 99
19.548394982218507 121 191 99
12.14715651649363 121 191 99
11.084055340092679 121 191 99
12.126327833247657 121 191 99
12.302132325397062 121 191 99
12.09747677736447 121 191 99
11.670582877734306 121 191 99
12.118489777052622 121 191 99
18.850027479785698 121 191 99
19.1222844239625 121 191 99
18.83656544026303 121 191 99
10.825641245879153 121 191 99
11.330053213153711 121 191 99
11.51256785491474 121 191 99
10.262289365348106 121 191 99
11.56020847304892 121 191 99
10.59026915615118 121 191 99
11.761492666469959 121 191 99
20.057569711009368 121 191 99
11.08961363294062 121 191 99
20.25198784716417 121 191 99
20.04105450164128 121 191 99
11.727085819046753 121 191 99
11.684094195956916 121 191 99
10.849117866542707 121 191 99
11.454374734742851 121 191 99
11.059594438882568 121 191 99
11.37136984960115 121 191 99
11.950331281047442 121 191 99
19.831852524528664 121 191 99
11.938635869921688 121 191 99
18.83656544026303 121 191 99
11.725840605997284 121 191 99
17.670621787341748 121 191 99
11.505286502612032 121 191 99
10.644712218366282 121 191 99
