19.257434641060033 240 198 36
17.86650012947669 240 198 36
12.261900036609509 240 198 36
15.037165319927137 240 198 36
14.860878497216497 240 198 36
14.89290713968809 240 198 36
14.804167234143183 240 198 36
14.81099978677461 240 198 36
14.89969899893053 240 198 36
15.245786258709858 240 198 36
14.81099978677461 240 198 36
15.043892051134186 240 198 36
14.82171961923732 240 198 36
14.572723902599154 240 198 36
14.436407996333129 240 198 36
15.32309532466987 240 198 36
14.076143361885405 240 198 36
10.45724877698344 240 198 36
7.745931641332499 240 198 36
7.745931641332499 240 198 36
8.143532082557476 240 198 36
11.39648109848846 240 198 36
11.733602781790669 240 198 36
8.703534679061756 240 198 36
7.114609367032177 240 198 36
7.545549962256491 240 198 36
11.543032546450053 240 198 36
12.63443607212976 240 198 36
11.543032546450053 240 198 36
12.401487654474176 240 198 36
13.188882918889705 240 198 36
9.263831868636657 240 198 36
9.87656402794654 240 198 36
10.27018988593911 240 198 36
14.044881861020869 240 198 36
13.930832539352016 240 198 36
11.289107473833534 240 198 36
9.916018251999388 240 198 36
9.75349448824474 240 198 36
10.337242903210699 240 198 36
10.500366720696158 240 198 36
9.710107571117938 240 198 36
9.923266415230998 240 198 36
10.659306376480322 240 198 36
10.734153729260395 240 198 36
10.74357498557877 240 198 36
9.786590415413587 240 198 36
11.868579087853982 240 198 36
10.40464460285064 240 198 36
9.418423637785237 240 198 36
8.860268428971704 240 198 36
9.283679165394815 240 198 36
9.817792319729765 240 198 36
9.09048882711541 240 198 36
9.570642137655126 240 198 36
9.2418585718095 240 198 36
10.063403446649765 240 198 36
10.235692640834127 240 198 36
9.075500507570254 240 198 36
9.333559644524149 240 198 36
9.868505435481623 240 198 36
10.272294291569324 240 198 36
9.479558237095834 240 198 36
9.9316047723995 240 198 36
8.88564262748379 240 198 36
10.578629613751312 240 198 36
9.113176388993658 240 198 36
8.969964449050172 240 198 36
9.968112996974659 240 198 36
11.322013273451935 240 198 36
8.939338312696277 240 198 36
8.820230091599175 240 198 36
9.962327344570001 240 198 36
9.533565211444014 240 198 36
10.243130301735762 240 198 36
9.879194129345567 240 198 36
18.060706985313956 240 198 36
19.200167753624967 240 198 36
14.284488935693073 240 198 36
15.064287115436386 240 198 36
14.867684987797887 240 198 36
14.941566319624915 240 198 36
12.347854190420788 240 198 36
15.043892051134186 240 198 36
14.804167234143183 240 198 36
14.89969899893053 240 198 36
13.51640143011522 240 198 36
10.073015060152393 240 198 36
8.623381510454543 240 198 36
9.761750508401475 240 198 36
11.877100519571426 240 198 36
10.558145486656326 240 198 36
9.150376707437463 240 198 36
10.299096477162346 240 198 36
9.34942437268558 240 198 36
9.647266024251813 240 198 36
9.526388820284234 240 198 36
9.509701686582472 240 198 36
9.283679165394815 240 198 36
9.604655062146687 240 198 36
9.954456932862513 240 198 36
10.180144429854405 240 198 36
10.531200573687931 240 198 36
9.768981186661007 240 198 36
9.27507844004176 240 198 36
8.96097896220988 240 198 36
10.015174620835772 240 198 36
18.354677035816884 240 198 36
14.82171961923732 240 198 36
14.88516247379237 240 198 36
7.9003366547320635 240 198 36
8.685266727175607 240 198 36
12.95766332148564 240 198 36
13.188882918889705 240 198 36
12.084439136155707 240 198 36
11.906368268418841 240 198 36
13.102464224562496 240 198 36
9.953806202138376 240 198 36
9.954367172297667 240 198 36
10.035904104313591 240 198 36
9.817792319729765 240 198 36
10.254950452282223 240 198 36
9.879983972048038 240 198 36
11.861680883078195 240 198 36
9.76307752838462 240 198 36
11.058696984602877 240 198 36
9.547823287697366 240 198 36
9.805222622103765 240 198 36
11.42048201608593 240 198 36
9.294416633035077 240 198 36
10.378525292419143 240 198 36
14.814892010538772 240 198 36
9.923266415230998 240 198 36
10.804190811077314 240 198 36
9.832271534849433 240 198 36
6.804410970687695 240 198 36
10.005614905087116 240 198 36
10.74357498557877 240 198 36
10.68048097999963 240 198 36
9.621177508510428 240 198 36
10.235692640834127 240 198 36
14.81099978677461 240 198 36
10.691590063764862 240 198 36
8.907413732149504 240 198 36
8.737559820518314 240 198 36
12.496073196026234 240 198 36
8.914016724889972 240 198 36
8.81643962429141 240 198 36
9.300783321537724 240 198 36
