12.726106286668866 195 185 65
12.337754418063037 195 185 65
12.084196349184692 195 185 65
11.650568018268284 195 185 65
10.74112714543279 195 185 65
11.997004535428045 195 185 65
11.11594328112277 195 185 65
10.448896098610984 195 185 65
11.711266638714028 195 185 65
12.232199806766046 195 185 65
12.05595906420727 195 185 65
12.127060064295698 195 185 65
11.032303987650248 195 185 65
12.137832010962788 195 185 65
10.578474084229203 195 185 65
10.202769066557087 195 185 65
10.499319105058746 195 185 65
11.77546760948271 195 185 65
11.581400247823842 195 185 65
11.96079274402461 195 185 65
11.83453289359961 195 185 65
11.061655920862059 195 185 65
10.635456470783307 195 185 65
12.528755517237078 195 185 65
8.92639012616606 195 185 65
11.296218795582863 195 185 65
11.550881920936948 195 185 65
11.399962386716075 195 185 65
9.020025509567356 195 185 65
8.835451659880526 195 185 65
11.502560798297013 195 185 65
10.895803197130002 195 185 65
9.438137295974268 195 185 65
9.90992250951207 195 185 65
10.968603476011527 195 185 65
11.251258834849459 195 185 65
10.92716051633787 195 185 65
11.2453077010205 195 185 65
10.24947451032283 195 185 65
10.350156903342736 195 185 65
10.704809302464522 195 185 65
11.396867831175864 195 185 65
12.307375672210574 195 185 65
12.221973375655704 195 185 65
12.21410047938249 195 185 65
10.84513109806607 195 185 65
10.99602303987219 195 185 65
11.744861599513175 195 185 65
11.322904965271075 195 185 65
10.138770355915812 195 185 65
10.181873613927559 195 185 65
11.281294702275462 195 185 65
9.23615869807636 195 185 65
10.061441611916045 195 185 65
13.208781622034973 195 185 65
10.532388219181913 195 185 65
10.348361291757966 195 185 65
10.260651251238388 195 185 65
10.758899103957202 195 185 65
10.767836022335981 195 185 65
10.455427631098239 195 185 65
14.781590296231812 195 185 65
11.054163047645094 195 185 65
10.383147660240207 195 185 65
12.295884235493142 195 185 65
10.932674105085582 195 185 65
10.187095569112184 195 185 65
11.191728936035824 195 185 65
9.291640269532929 195 185 65
11.38328636612597 195 185 65
11.36894655367405 195 185 65
8.914213423921995 195 185 65
10.6131987879402 195 185 65
10.852262030010827 195 185 65
11.300216953986599 195 185 65
10.390571391545318 195 185 65
11.832453627630269 195 185 65
9.978160697433763 195 185 65
10.978111040432918 195 185 65
10.814659726319347 195 185 65
10.257839336669043 195 185 65
9.161711256683187 195 185 65
11.817065458737124 195 185 65
13.068026539957847 195 185 65
16.732850007111278 195 185 65
12.965646499294442 195 185 65
9.247289554825695 195 185 65
10.44622344554946 195 185 65
12.480440639048267 195 185 65
10.677178373013021 195 185 65
12.156648055193502 195 185 65
9.13717998124857 195 185 65
8.812240557430124 195 185 65
9.419846312012806 195 185 65
11.611332039608534 195 185 65
9.914074808083681 195 185 65
11.420686855357363 195 185 65
11.51521449308952 195 185 65
12.170313153067752 195 185 65
9.552249353319649 195 185 65
12.594812097201034 195 185 65
10.07099746722146 195 185 65
10.102243099409401 195 185 65
10.129278437046338 195 185 65
10.84257936352535 195 185 65
11.464051895357697 195 185 65
10.376209782435517 195 185 65
11.797469340909265 195 185 65
9.940222244494773 195 185 65
10.092716827731747 195 185 65
11.315173997981521 195 185 65
12.473974525606598 195 185 65
12.562607006009246 195 185 65
11.040521499163365 195 185 65
11.44466738525993 195 185 65
12.121387721000332 195 185 65
11.808922617296327 195 185 65
9.450924898442643 195 185 65
10.824921503375496 195 185 65
9.32476475848998 195 185 65
13.156832354081002 195 185 65
13.219952726696151 195 185 65
11.824321383286037 195 185 65
